0 0.03203125 0.25546875 0.0609375 0.1125
0 0.29453125 0.27734375 0.07109375 0.1203125
0 0.35703125 0.303125 0.05859375 0.10703125
0 0.3859375 0.30859375 0.0328125 0.0765625
0 0.5015625 0.27421875 0.0578125 0.09765625
0 0.66875 0.340625 0.04765625 0.08828125
0 0.7171875 0.29296875 0.0546875 0.10859375
1 0.14296875 0.31328125 0.0515625 0.07890625
1 0.2515625 0.28984375 0.03359375 0.065625
1 0.6234375 0.3421875 0.0515625 0.0953125
1 0.6171875 0.28515625 0.04765625 0.06015625
0 0.76640625 0.28515625 0.05 0.0859375
1 0.86171875 0.28125 0.04609375 0.08984375
1 0.9078125 0.290625 0.04375 0.0828125