0 0.4578125 0.29921875 0.065625 0.1015625
0 0.61875 0.28515625 0.06796875 0.1109375
0 0.9390625 0.1515625 0.096875 0.13671875
0 0.84296875 0.1703125 0.01953125 0.02578125
0 0.87265625 0.17109375 0.01796875 0.03125
0 0.07734375 0.14375 0.03203125 0.05703125
0 0.10546875 0.15390625 0.025 0.0484375
0 0.12421875 0.1640625 0.0265625 0.0390625
0 0.15390625 0.14296875 0.028125 0.0484375
0 0.18125 0.1515625 0.0265625 0.04453125
0 0.20703125 0.146875 0.028125 0.04609375
0 0.25234375 0.15859375 0.02890625 0.05
0 0.2796875 0.159375 0.02109375 0.04453125
0 0.42265625 0.13203125 0.015625 0.028125
0 0.51015625 0.1390625 0.01796875 0.0296875
0 0.55390625 0.1484375 0.01640625 0.0296875
0 0.5890625 0.14296875 0.021875 0.03671875
0 0.6046875 0.15078125 0.01796875 0.03515625
0 0.6171875 0.15078125 0.01796875 0.03515625
0 0.63671875 0.15703125 0.02109375 0.03671875
0 0.67890625 0.14921875 0.01953125 0.03515625
0 0.66015625 0.146875 0.02109375 0.04296875
0 0.7140625 0.14921875 0.021875 0.0390625
0 0.74375 0.13671875 0.02109375 0.03671875
0 0.77421875 0.16328125 0.02109375 0.0296875
0 0.75703125 0.134375 0.0140625 0.028125
0 0.79453125 0.15078125 0.01953125 0.03515625
0 0.81796875 0.15546875 0.01953125 0.03671875
0 0.2234375 0.14296875 0.01953125 0.03671875
0 0.234375 0.14609375 0.01796875 0.040625
0 0.0109375 0.16953125 0.01953125 0.04296875
0 0.02578125 0.1203125 0.02890625 0.03671875
0 0.4484375 0.13046875 0.01640625 0.03125
0 0.4640625 0.1390625 0.01640625 0.03359375
0 0.490625 0.125 0.02109375 0.03515625
1 0.47421875 0.1515625 0.01796875 0.03359375
1 0.571875 0.153125 0.02109375 0.0390625
1 0.5375 0.14375 0.01640625 0.03125
1 0.403125 0.1453125 0.01640625 0.03125
1 0.41484375 0.1484375 0.015625 0.0296875
1 0.43359375 0.1515625 0.0140625 0.02578125
1 0.45 0.15390625 0.01640625 0.0296875
1 0.371875 0.15390625 0.01796875 0.03359375
1 0.34765625 0.15078125 0.015625 0.028125
1 0.3296875 0.1390625 0.015625 0.0296875
1 0.31875 0.14609375 0.015625 0.0296875
1 0.30625 0.14609375 0.015625 0.0296875
1 0.29296875 0.13515625 0.0109375 0.01875
0 0.86015625 0.16875 0.015625 0.0296875
0 0.83515625 0.153125 0.015625 0.02421875
0 0.85078125 0.15 0.015625 0.01875
0 0.771875 0.13515625 0.0140625 0.02578125
0 0.78515625 0.14296875 0.0125 0.021875
1 0.76171875 0.15625 0.0125 0.028125
0 0.6921875 0.1390625 0.0125 0.021875
0 0.72890625 0.140625 0.0109375 0.02578125
1 0.52109375 0.15078125 0.01953125 0.03515625
0 0.553125 0.1453125 0.015625 0.028125
1 0.36484375 0.140625 0.015625 0.0296875
1 0.053125 0.11796875 0.025 0.0390625
0 0.02421875 0.14609375 0.03203125 0.04453125