0 0.046875 0.12109375 0.09140625 0.209375
0 0.13984375 0.096875 0.1640625 0.190625
0 0.18359375 0.2453125 0.08203125 0.1359375
0 0.346875 0.3421875 0.14921875 0.2796875
0 0.45 0.23359375 0.09296875 0.1625
0 0.5421875 0.31328125 0.0734375 0.12734375
0 0.60390625 0.4109375 0.10546875 0.20234375
0 0.72421875 0.48125 0.07890625 0.10546875
0 0.6765625 0.45859375 0.0203125 0.03671875
0 0.51796875 0.2984375 0.05 0.10390625
1 0.85234375 0.3203125 0.22421875 0.3953125
0 0.39375 0.240625 0.0703125 0.12265625