0 0.834375 0.76953125 0.071875 0.1109375
0 0.98359375 0.721875 0.0328125 0.0796875
0 0.6828125 0.71796875 0.05703125 0.09296875
0 0.7578125 0.721875 0.05390625 0.075
0 0.78515625 0.6359375 0.0359375 0.0609375
0 0.84453125 0.6703125 0.05546875 0.08828125
0 0.9015625 0.67265625 0.04375 0.0609375
0 0.55 0.6625 0.046875 0.07265625
0 0.51796875 0.7921875 0.0703125 0.10234375
0 0.46796875 0.63046875 0.0390625 0.05859375
0 0.27578125 0.7140625 0.05546875 0.0953125
0 0.3453125 0.6703125 0.05 0.0703125
0 0.3 0.6 0.03125 0.05703125
0 0.1875 0.6328125 0.0375 0.05859375
0 0.18515625 0.5953125 0.0328125 0.04296875
0 0.15078125 0.575 0.02265625 0.034375
0 0.1265625 0.55859375 0.02421875 0.034375
0 0.53203125 0.5859375 0.02109375 0.0296875
0 0.584375 0.57578125 0.02578125 0.03203125
0 0.625 0.62265625 0.034375 0.05234375
0 0.65390625 0.66640625 0.0390625 0.05859375
0 0.68984375 0.61328125 0.02890625 0.04296875
0 0.734375 0.6515625 0.0375 0.05703125
0 0.75546875 0.5859375 0.02578125 0.03828125
0 0.72265625 0.590625 0.02890625 0.03828125
0 0.92265625 0.62109375 0.034375 0.0453125
0 0.9265625 0.53515625 0.02421875 0.0359375
0 0.81171875 0.55859375 0.01796875 0.0296875
0 0.790625 0.5625 0.02109375 0.0359375
0 0.6625 0.5171875 0.01953125 0.03203125
0 0.690625 0.5203125 0.01953125 0.0296875
0 0.4125 0.61328125 0.03125 0.04296875
0 0.37578125 0.5859375 0.02421875 0.034375
0 0.26640625 0.5953125 0.0296875 0.04296875
0 0.23828125 0.57109375 0.02578125 0.0359375
0 0.2203125 0.5671875 0.02265625 0.0359375
0 0.47890625 0.59296875 0.02578125 0.034375
0 0.87265625 0.565625 0.01640625 0.025
0 0.5671875 0.575 0.01796875 0.025
0 0.60625 0.55859375 0.02109375 0.0296875
0 0.615625 0.5734375 0.01953125 0.02734375
0 0.6296875 0.540625 0.01484375 0.0203125
0 0.64765625 0.57578125 0.02265625 0.03203125
0 0.70234375 0.55234375 0.01484375 0.025
0 0.76484375 0.55859375 0.01640625 0.025
0 0.42578125 0.57109375 0.02109375 0.03203125
0 0.409375 0.5859375 0.02734375 0.034375
0 0.46484375 0.58125 0.02734375 0.03828125
0 0.4875 0.5734375 0.02109375 0.03203125
0 0.53984375 0.55546875 0.01484375 0.02734375
0 0.73515625 0.55859375 0.01484375 0.0203125
0 0.528125 0.6515625 0.02734375 0.05234375
0 0.5640625 0.534375 0.01171875 0.015625
0 0.5828125 0.5375 0.01640625 0.02265625
0 0.44453125 0.565625 0.01953125 0.0296875
0 0.78046875 0.60625 0.0296875 0.03828125
0 0.040625 0.85390625 0.078125 0.14765625
0 0.05859375 0.7265625 0.06953125 0.10625
0 0.0609375 0.6609375 0.05859375 0.05703125
0 0.0640625 0.63046875 0.05 0.05
0 0.06875 0.58984375 0.04375 0.0453125
0 0.09296875 0.578125 0.02734375 0.0359375
0 0.0796875 0.55234375 0.01796875 0.0296875
0 0.19296875 0.56015625 0.01953125 0.02734375
0 0.30625 0.55546875 0.01640625 0.02265625
0 0.35 0.57109375 0.01953125 0.03203125
0 0.3296875 0.553125 0.01640625 0.02265625
0 0.37890625 0.55703125 0.01796875 0.025
0 0.05 0.49453125 0.01484375 0.02734375
0 0.0609375 0.534375 0.01640625 0.025
0 0.12109375 0.53046875 0.01328125 0.01796875
0 0.234375 0.54296875 0.01484375 0.0203125
0 0.21953125 0.5421875 0.01171875 0.01796875
0 0.84296875 0.61484375 0.0375 0.040625
0 0.82109375 0.6375 0.0296875 0.040625
0 0.9640625 0.58046875 0.01796875 0.02734375
0 0.98359375 0.58359375 0.02421875 0.034375
0 0.9234375 0.7234375 0.06953125 0.0953125
0 0.41171875 0.7140625 0.05390625 0.07734375
0 0.33203125 0.58359375 0.02421875 0.03828125
0 0.8421875 0.56015625 0.01484375 0.02265625
0 0.8546875 0.56015625 0.01640625 0.02265625
0 0.959375 0.55234375 0.01171875 0.0203125
0 0.89296875 0.56328125 0.01796875 0.025
0 0.61015625 0.528125 0.01015625 0.01796875
0 0.8234375 0.53046875 0.01328125 0.01796875
0 0.85 0.53828125 0.01171875 0.0203125