0 0.3953125 0.24375 0.08984375 0.165625
0 0.51171875 0.1734375 0.0703125 0.1359375
0 0.6484375 0.1734375 0.05 0.08515625
0 0.725 0.20390625 0.0765625 0.14609375
0 0.78359375 0.24140625 0.03359375 0.06015625
0 0.8453125 0.2359375 0.03671875 0.0703125
0 0.88984375 0.23125 0.06640625 0.15078125
0 0.0953125 0.10546875 0.18359375 0.20078125
1 0.10859375 0.31875 0.21015625 0.26640625
1 0.23828125 0.2359375 0.0296875 0.03984375
0 0.28828125 0.22109375 0.0234375 0.03984375
1 0.94296875 0.3640625 0.11328125 0.68828125