0 0.50078125 0.5578125 0.06015625 0.078125
0 0.54453125 0.55546875 0.03984375 0.06484375
0 0.603125 0.54765625 0.05546875 0.07109375
0 0.659375 0.5375 0.046875 0.05546875
0 0.721875 0.534375 0.0453125 0.0625
0 0.80859375 0.5359375 0.0453125 0.0515625
0 0.87421875 0.52578125 0.0453125 0.0578125
0 0.74921875 0.6578125 0.096875 0.13125
0 0.8984375 0.5609375 0.06015625 0.0890625
0 0.9796875 0.51328125 0.03984375 0.06484375
0 0.94140625 0.50703125 0.0296875 0.0421875
0 0.91171875 0.52578125 0.03984375 0.03984375
0 0.79765625 0.56875 0.06015625 0.06015625
1 0.42421875 0.625 0.0734375 0.11328125
1 0.50859375 0.61328125 0.05859375 0.08203125
1 0.81171875 0.6234375 0.06328125 0.09765625
1 0.86796875 0.62890625 0.053125 0.06484375
1 0.08046875 0.56328125 0.053125 0.0671875
1 0.17421875 0.5515625 0.04140625 0.0515625
1 0.2203125 0.5296875 0.03359375 0.04453125
1 0.28984375 0.52421875 0.028125 0.0421875
0 0.275 0.5125 0.021875 0.03125
1 0.3375 0.52890625 0.0234375 0.02890625
1 0.3171875 0.51015625 0.0203125 0.0265625
1 0.43046875 0.4765625 0.01640625 0.02265625
1 0.31328125 0.471875 0.01171875 0.01796875
1 0.3734375 0.5125 0.01875 0.0265625
1 0.3828125 0.5046875 0.01875 0.02890625
1 0.5171875 0.49296875 0.01328125 0.0203125
0 0.54765625 0.51640625 0.0265625 0.03125
0 0.78203125 0.51796875 0.028125 0.03359375
0 0.84453125 0.5203125 0.0296875 0.046875
0 0.684375 0.5265625 0.0296875 0.0515625
1 0.0359375 0.5609375 0.03515625 0.053125
1 0.04375 0.5375 0.03984375 0.0421875
1 0.1296875 0.5296875 0.028125 0.04453125
1 0.109375 0.54765625 0.03515625 0.053125
1 0.11953125 0.47421875 0.021875 0.0265625
1 0.13359375 0.4796875 0.01640625 0.02421875
1 0.15859375 0.48203125 0.01640625 0.02890625
1 0.246875 0.5046875 0.01640625 0.02421875
1 0.23046875 0.46875 0.01328125 0.0203125
1 0.24765625 0.4625 0.01171875 0.015625