0 0.509375 0.27421875 0.09375 0.14609375
0 0.73984375 0.47890625 0.2 0.2984375
1 0.190625 0.50625 0.20234375 0.33515625
1 0.05 0.22890625 0.09609375 0.15234375
1 0.25 0.22734375 0.04375 0.08203125
1 0.28671875 0.3109375 0.0578125 0.115625
1 0.88203125 0.15703125 0.06015625 0.1125
1 0.96796875 0.09453125 0.05234375 0.121875
1 0.8078125 0.128125 0.05234375 0.09140625
1 0.77578125 0.10703125 0.02421875 0.0609375
1 0.72578125 0.09921875 0.05625 0.08828125
1 0.6359375 0.15234375 0.03984375 0.0671875
1 0.60390625 0.28046875 0.084375 0.128125
1 0.56171875 0.1109375 0.03203125 0.0640625
1 0.5359375 0.121875 0.02421875 0.0484375
1 0.49921875 0.121875 0.02578125 0.0484375
1 0.603125 0.1390625 0.021875 0.0515625
1 0.21171875 0.1984375 0.0359375 0.0484375
1 0.3328125 0.17109375 0.04609375 0.08515625
1 0.4359375 0.15234375 0.06015625 0.115625
1 0.38203125 0.1328125 0.0359375 0.0578125
1 0.25 0.1109375 0.03984375 0.0515625
1 0.19375 0.1296875 0.015625 0.03359375
1 0.21484375 0.1359375 0.0140625 0.02734375
1 0.19765625 0.15546875 0.015625 0.02421875
1 0.34375 0.1171875 0.0203125 0.02734375
1 0.6921875 0.140625 0.028125 0.0546875
1 0.65390625 0.134375 0.03203125 0.0609375