0 0.684375 0.33984375 0.234375 0.378125
0 0.94765625 0.34453125 0.1046875 0.2203125
0 0.85625 0.32890625 0.06875 0.13671875
0 0.8078125 0.35234375 0.0421875 0.090625
0 0.57578125 0.3328125 0.08203125 0.17265625
0 0.38203125 0.28203125 0.04765625 0.08203125
0 0.3484375 0.2875 0.034375 0.0765625
0 0.27421875 0.2453125 0.13828125 0.20546875
0 0.20703125 0.26015625 0.0765625 0.15859375
0 0.12578125 0.2671875 0.03671875 0.0578125
0 0.09609375 0.27421875 0.02578125 0.0546875
0 0.06171875 0.265625 0.06875 0.109375
0 0.015625 0.26015625 0.02734375 0.12578125
1 0.471875 0.26171875 0.12578125 0.24921875
1 0.8109375 0.25859375 0.02890625 0.046875
0 0.56640625 0.32734375 0.0671875 0.17265625
0 0.0203125 0.24765625 0.03671875 0.0796875