0 0.1390625 0.41328125 0.08203125 0.109375
0 0.32890625 0.42890625 0.0515625 0.08203125
0 0.4015625 0.45546875 0.04296875 0.0515625
0 0.4421875 0.44765625 0.03828125 0.0578125
0 0.4875 0.4234375 0.0484375 0.07109375
0 0.553125 0.421875 0.03984375 0.06015625
0 0.5875 0.4328125 0.0453125 0.06484375
0 0.67265625 0.40234375 0.0546875 0.078125
0 0.82109375 0.4421875 0.03203125 0.05546875
0 0.8921875 0.3828125 0.05859375 0.10234375
1 0.03203125 0.39609375 0.06015625 0.1203125
1 0.26484375 0.4484375 0.04296875 0.06015625
1 0.62578125 0.4546875 0.028125 0.0359375
1 0.7734375 0.4375 0.03671875 0.046875