0 0.3125 0.75 0.13359375 0.2
0 0.6609375 0.5453125 0.09375 0.16640625
0 0.73984375 0.6734375 0.13046875 0.2
0 0.80703125 0.31875 0.05859375 0.1
0 0.78125 0.23359375 0.06015625 0.0953125
0 0.6578125 0.26875 0.04609375 0.0859375
0 0.6453125 0.190625 0.04609375 0.0765625
0 0.34609375 0.03671875 0.01875 0.03125
0 0.5203125 0.034375 0.01875 0.0359375
0 0.584375 0.03125 0.01875 0.03828125
0 0.321875 0.03671875 0.01875 0.0359375
0 0.11015625 0.0484375 0.0203125 0.0359375
0 0.16328125 0.065625 0.01875 0.03125
1 0.07265625 0.28125 0.04140625 0.0765625
1 0.09453125 0.18828125 0.03359375 0.05703125
1 0.16953125 0.10390625 0.01875 0.0453125
1 0.21015625 0.06640625 0.0171875 0.03359375
1 0.08046875 0.04140625 0.0203125 0.0359375
1 0.0390625 0.034375 0.02734375 0.040625
1 0.4171875 0.0296875 0.01875 0.0359375
1 0.390625 0.15390625 0.03203125 0.05
1 0.63515625 0.0296875 0.01875 0.03125
1 0.73046875 0.159375 0.03828125 0.08125
1 0.76640625 0.0953125 0.02890625 0.06171875
0 0.62265625 0.2734375 0.04296875 0.090625
1 0.31015625 0.04140625 0.0109375 0.0265625