0 0.2125 0.7296875 0.046875 0.06796875
0 0.26796875 0.75078125 0.0453125 0.071875
0 0.58828125 0.76484375 0.0203125 0.02890625
0 0.6125 0.76640625 0.02265625 0.0265625
0 0.7546875 0.62890625 0.015625 0.021875
0 0.7796875 0.63828125 0.01484375 0.021875
0 0.8171875 0.6953125 0.01875 0.025
0 0.86171875 0.725 0.015625 0.0234375
0 0.88359375 0.721875 0.01484375 0.025
0 0.40390625 0.35625 0.02109375 0.025
0 0.4296875 0.325 0.0203125 0.034375
0 0.4703125 0.28046875 0.01484375 0.0234375
0 0.546875 0.25234375 0.015625 0.025
0 0.5890625 0.24921875 0.015625 0.025
0 0.61640625 0.24140625 0.0203125 0.0265625
0 0.884375 0.25703125 0.1109375 0.1484375