0 0.07578125 0.63828125 0.12890625 0.23671875
0 0.1875 0.7046875 0.153125 0.303125
0 0.35078125 0.46328125 0.10234375 0.2
0 0.3234375 0.28203125 0.05546875 0.11640625
0 0.29453125 0.28671875 0.03359375 0.0796875
0 0.38984375 0.3 0.05078125 0.08671875
0 0.4265625 0.3703125 0.07109375 0.1265625
0 0.496875 0.30703125 0.05078125 0.1
0 0.47578125 0.26015625 0.0359375 0.0734375
0 0.44921875 0.25703125 0.03125 0.0734375
0 0.6140625 0.325 0.06015625 0.1234375
0 0.70078125 0.321875 0.046875 0.11015625
0 0.771875 0.2734375 0.046875 0.09296875
0 0.8078125 0.20859375 0.02890625 0.06328125
0 0.7046875 0.23515625 0.0359375 0.0703125
0 0.534375 0.21328125 0.0375 0.0796875
0 0.5890625 0.24140625 0.04453125 0.0765625
0 0.58125 0.18515625 0.03359375 0.0703125
0 0.6546875 0.18671875 0.02890625 0.06015625
0 0.6109375 0.19296875 0.021875 0.046875
0 0.6953125 0.1734375 0.021875 0.046875
0 0.7578125 0.153125 0.021875 0.046875
0 0.71796875 0.196875 0.0265625 0.046875
0 0.85703125 0.15703125 0.02890625 0.06015625
0 0.628125 0.1765625 0.02421875 0.046875
0 0.81640625 0.14140625 0.0203125 0.03671875