0 0.08515625 0.38984375 0.0546875 0.08515625
0 0.1609375 0.37890625 0.04921875 0.07265625
0 0.22109375 0.375 0.0421875 0.065625
0 0.28203125 0.390625 0.03984375 0.06328125
0 0.3546875 0.403125 0.0328125 0.053125
0 0.4375 0.37265625 0.03125 0.05546875
0 0.5046875 0.38984375 0.03125 0.0609375
0 0.56015625 0.38359375 0.0328125 0.06328125
0 0.63984375 0.36171875 0.0328125 0.053125
0 0.66015625 0.39296875 0.0328125 0.05859375
0 0.7046875 0.38359375 0.03828125 0.07265625
0 0.78515625 0.3984375 0.04765625 0.07734375
0 0.88203125 0.33984375 0.05078125 0.07734375
0 0.92890625 0.38203125 0.03984375 0.05546875