0 0.446875 0.375 0.08203125 0.14921875
0 0.22890625 0.3609375 0.165625 0.3328125
0 0.03125 0.40078125 0.0625 0.3296875
0 0.05078125 0.30078125 0.1015625 0.29296875
0 0.09921875 0.3484375 0.07265625 0.23046875
0 0.33828125 0.41875 0.06875 0.16484375
0 0.14765625 0.396875 0.06328125 0.1578125
1 0.61328125 0.38984375 0.0671875 0.1421875
1 0.8171875 0.37734375 0.11640625 0.21640625
1 0.925 0.42109375 0.06640625 0.1171875
1 0.9765625 0.36796875 0.04609375 0.1609375
1 0.35546875 0.36640625 0.0421875 0.09921875