0 0.57109375 0.25859375 0.16875 0.39140625
1 0.159375 0.27421875 0.14453125 0.31875
1 0.0453125 0.16328125 0.08828125 0.21171875
1 0.159375 0.1125 0.14140625 0.15703125
1 0.40859375 0.0859375 0.11484375 0.1671875
1 0.28359375 0.47109375 0.1921875 0.33125
1 0.79140625 0.478125 0.1875 0.334375
1 0.89453125 0.27421875 0.2109375 0.29765625
1 0.83203125 0.13203125 0.14296875 0.22734375
1 0.73046875 0.13828125 0.10078125 0.22421875
1 0.62109375 0.10078125 0.11171875 0.19609375
1 0.48984375 0.1265625 0.11953125 0.221875
1 0.36328125 0.83671875 0.3546875 0.3265625