1 0.25390625 0.4359375 0.0890625 0.14140625
1 0.29921875 0.34296875 0.0421875 0.06015625
1 0.21015625 0.30546875 0.034375 0.0546875
0 0.3734375 0.28046875 0.02734375 0.03828125
1 0.41015625 0.32265625 0.06328125 0.10625
1 0.46171875 0.309375 0.03984375 0.0625
0 0.60703125 0.29296875 0.02890625 0.04609375
0 0.68828125 0.27421875 0.02734375 0.04609375
1 0.85625 0.32421875 0.04765625 0.08203125
1 0.86875 0.25859375 0.01796875 0.0328125
1 0.73984375 0.284375 0.021875 0.040625
0 0.7234375 0.284375 0.01796875 0.03515625