0 0.0875 0.38984375 0.0546875 0.121875
0 0.16328125 0.365625 0.0484375 0.1015625
0 0.22109375 0.3640625 0.03984375 0.0875
0 0.28203125 0.38203125 0.03359375 0.07890625
0 0.35546875 0.40078125 0.03125 0.071875
0 0.4375 0.359375 0.0328125 0.06953125
0 0.50625 0.37578125 0.0328125 0.0765625
0 0.5625 0.37421875 0.03515625 0.0765625
0 0.6421875 0.34609375 0.03359375 0.07421875
0 0.6609375 0.3875 0.03359375 0.08125
0 0.7015625 0.37578125 0.0390625 0.09453125
0 0.7875 0.40078125 0.05 0.1125
0 0.88359375 0.31875 0.05 0.11484375