0 0.071875 0.55234375 0.04375 0.0640625
0 0.14296875 0.5421875 0.046875 0.0640625
0 0.1078125 0.5109375 0.03671875 0.05390625
0 0.2015625 0.56328125 0.0390625 0.065625
0 0.24453125 0.52578125 0.03515625 0.0640625
0 0.3578125 0.54921875 0.0453125 0.0703125
0 0.440625 0.5140625 0.0453125 0.071875
0 0.528125 0.5453125 0.040625 0.0703125
0 0.60234375 0.53203125 0.040625 0.07578125
0 0.71015625 0.52890625 0.046875 0.078125
0 0.81640625 0.53125 0.0484375 0.0859375
0 0.925 0.51875 0.053125 0.078125
0 0.3078125 0.528125 0.0390625 0.0640625
0 0.37265625 0.5140625 0.03359375 0.05625
0 0.58515625 0.5171875 0.03359375 0.065625
0 0.69453125 0.534375 0.040625 0.07578125