0 0.109375 0.07734375 0.09140625 0.1515625
1 0.446875 0.0890625 0.06328125 0.14140625
1 0.30546875 0.1578125 0.09609375 0.1578125
1 0.19375 0.08984375 0.06875 0.1265625
0 0.1484375 0.06640625 0.0546875 0.1296875
0 0.52109375 0.04765625 0.05625 0.0921875
1 0.66328125 0.140625 0.0796875 0.14609375
1 0.71640625 0.0796875 0.0734375 0.15625
1 0.6796875 0.03515625 0.0515625 0.0671875
1 0.78046875 0.05625 0.0609375 0.10859375
1 0.940625 0.03046875 0.0484375 0.0578125
1 0.98203125 0.02578125 0.03515625 0.04765625