0 0.44765625 0.39296875 0.0640625 0.11640625
0 0.1375 0.390625 0.04375 0.065625
0 0.04609375 0.41796875 0.040625 0.0578125
0 0.271875 0.4203125 0.02734375 0.05234375
0 0.2953125 0.42578125 0.0234375 0.0421875
0 0.34765625 0.415625 0.02890625 0.05
0 0.38203125 0.4359375 0.03046875 0.0484375
0 0.71328125 0.4234375 0.0234375 0.05
0 0.8609375 0.41171875 0.0234375 0.0390625
0 0.92421875 0.415625 0.02734375 0.04609375
0 0.96171875 0.42421875 0.02734375 0.04453125
0 0.98671875 0.43125 0.02578125 0.0421875
0 0.6421875 0.42578125 0.0234375 0.03515625
0 0.56796875 0.421875 0.02890625 0.0390625
0 0.62265625 0.42734375 0.021875 0.03515625
0 0.51328125 0.4078125 0.03203125 0.0390625
0 0.490625 0.4171875 0.0359375 0.04453125