0 0.29453125 0.45234375 0.06640625 0.08671875
0 0.37890625 0.45859375 0.0453125 0.075
0 0.70625 0.44140625 0.08828125 0.1296875
0 0.76953125 0.465625 0.04921875 0.0578125
0 0.98515625 0.4390625 0.02890625 0.0984375
0 0.646875 0.42734375 0.06484375 0.0984375
0 0.54140625 0.46171875 0.0390625 0.06171875
0 0.44765625 0.46640625 0.0640625 0.08671875
0 0.4046875 0.4328125 0.05234375 0.0890625
1 0.23515625 0.59453125 0.05625 0.08515625
1 0.3625 0.62265625 0.08671875 0.121875
1 0.225 0.434375 0.04375 0.065625
1 0.0953125 0.55234375 0.04375 0.06171875
1 0.06484375 0.5328125 0.02734375 0.0421875