0 0.1140625 0.46484375 0.0625 0.09375
0 0.21640625 0.52109375 0.05234375 0.08203125
0 0.30703125 0.44921875 0.065625 0.08984375
0 0.265625 0.43203125 0.04375 0.07578125
0 0.3765625 0.5140625 0.05703125 0.08828125
0 0.40703125 0.49296875 0.04921875 0.08203125
0 0.45078125 0.4953125 0.053125 0.0859375
0 0.40703125 0.365625 0.04140625 0.084375
0 0.49609375 0.475 0.04296875 0.07421875
0 0.61171875 0.4640625 0.04296875 0.0796875
0 0.584375 0.4796875 0.0296875 0.04765625
0 0.69609375 0.26171875 0.06953125 0.1203125
0 0.934375 0.37734375 0.06640625 0.08203125