0 0.496875 0.56484375 0.0484375 0.0734375
0 0.5609375 0.5296875 0.0546875 0.075
0 0.6203125 0.55859375 0.0359375 0.06015625
0 0.66171875 0.546875 0.0484375 0.07890625
0 0.7046875 0.54609375 0.03125 0.06171875
0 0.7328125 0.54453125 0.03359375 0.0546875
0 0.825 0.51953125 0.0296875 0.0546875
0 0.853125 0.53359375 0.04140625 0.0640625
0 0.88984375 0.55390625 0.0328125 0.06953125
0 0.5109375 0.5078125 0.03984375 0.05234375
0 0.46015625 0.53125 0.0328125 0.05078125
1 0.9421875 0.55703125 0.08984375 0.1296875