0 0.2265625 0.2953125 0.0515625 0.10859375
1 0.3765625 0.3609375 0.08515625 0.159375
1 0.1875 0.20625 0.0875 0.1765625
1 0.0578125 0.30546875 0.0578125 0.1046875
1 0.11796875 0.35703125 0.14140625 0.19375
1 0.3078125 0.36015625 0.0421875 0.078125
1 0.4265625 0.3375 0.04140625 0.078125
1 0.49375 0.36796875 0.0578125 0.0859375
1 0.5609375 0.29296875 0.07265625 0.15234375
1 0.7359375 0.26796875 0.09609375 0.1859375
1 0.803125 0.24609375 0.06640625 0.12734375
1 0.9484375 0.2484375 0.0765625 0.115625
1 0.9578125 0.34140625 0.08359375 0.15
1 0.984375 0.37421875 0.03125 0.17890625