0 0.6453125 0.7140625 0.0234375 0.01640625
0 0.21171875 0.6390625 0.0203125 0.0140625
0 0.33359375 0.5296875 0.01640625 0.01328125
0 0.565625 0.5 0.01796875 0.01328125
0 0.53671875 0.50703125 0.01640625 0.0125
0 0.26015625 0.61875 0.01640625 0.01328125
0 0.1734375 0.5234375 0.01640625 0.0109375
0 0.14765625 0.3875 0.01484375 0.0125
0 0.884375 0.54609375 0.01796875 0.0125
0 0.92734375 0.43359375 0.01484375 0.01015625
0 0.196875 0.846875 0.0234375 0.01796875
0 0.8 0.453125 0.01640625 0.01328125
0 0.14921875 0.59296875 0.021875 0.015625
0 0.28671875 0.5 0.0203125 0.01328125
0 0.1625 0.4640625 0.01484375 0.01015625
0 0.09921875 0.4515625 0.01484375 0.0125
0 0.25078125 0.43359375 0.01484375 0.0125
0 0.5203125 0.5125 0.01640625 0.0125
0 0.75703125 0.453125 0.01640625 0.0109375
0 0.69140625 0.4078125 0.01328125 0.0109375
0 0.92890625 0.51796875 0.01796875 0.0140625
1 0.0296875 0.53828125 0.01640625 0.0125
0 0.2125 0.675 0.021875 0.01640625
0 0.03671875 0.79375 0.0265625 0.02109375
0 0.88203125 0.6578125 0.0203125 0.015625