0 0.3125 0.425 0.1 0.1375
0 0.3171875 0.3125 0.071875 0.0875
1 0.59609375 0.44140625 0.0859375 0.12109375
1 0.7265625 0.49765625 0.14375 0.22109375
1 0.79140625 0.39609375 0.0453125 0.07890625
1 0.9 0.44140625 0.0625 0.09609375
1 0.66328125 0.384375 0.0390625 0.06015625
1 0.634375 0.35078125 0.03125 0.04375
1 0.62109375 0.36875 0.0234375 0.04140625
1 0.5390625 0.375 0.053125 0.09140625
1 0.48984375 0.36171875 0.0453125 0.07734375
1 0.44765625 0.35390625 0.0390625 0.0625
1 0.39140625 0.33203125 0.0328125 0.05234375
1 0.41328125 0.63828125 0.1734375 0.21484375