0 0.18046875 0.34375 0.0109375 0.0171875
0 0.21953125 0.12109375 0.0109375 0.0171875
0 0.2046875 0.71015625 0.0125 0.025
0 0.75078125 0.8671875 0.0140625 0.0203125
0 0.7796875 0.8890625 0.0125 0.0171875
0 0.8796875 0.84765625 0.015625 0.0203125
0 0.77265625 0.29140625 0.0109375 0.02265625
0 0.60703125 0.1125 0.0109375 0.0203125
0 0.91015625 0.2484375 0.0109375 0.0171875
0 0.903125 0.2671875 0.009375 0.01484375
0 0.22265625 0.7734375 0.0140625 0.02265625
0 0.8796875 0.36015625 0.0125 0.0203125
0 0.7546875 0.29765625 0.0125 0.0203125