0 0.26484375 0.5125 0.0703125 0.09609375
0 0.10546875 0.52109375 0.021875 0.03203125
0 0.03046875 0.51171875 0.01796875 0.02578125
0 0.0453125 0.5296875 0.01328125 0.0234375
0 0.15234375 0.52421875 0.00859375 0.0125
0 0.17421875 0.5203125 0.00859375 0.0125
0 0.1921875 0.5203125 0.00859375 0.0125
0 0.9875 0.54140625 0.01484375 0.02578125
1 0.325 0.515625 0.0203125 0.0296875
1 0.4484375 0.5109375 0.0203125 0.03203125
1 0.484375 0.51171875 0.01796875 0.02578125
1 0.51171875 0.54921875 0.01640625 0.02734375
1 0.53984375 0.52109375 0.0203125 0.0359375
1 0.61484375 0.54375 0.0234375 0.03828125
1 0.625 0.52734375 0.0203125 0.02734375
1 0.60234375 0.5203125 0.01796875 0.02578125