0 0.3640625 0.40859375 0.09453125 0.19140625
0 0.14296875 0.51640625 0.05859375 0.125
0 0.2390625 0.49609375 0.08359375 0.15859375
0 0.29296875 0.475 0.053125 0.10859375
0 0.446875 0.46875 0.05 0.0875
0 0.5109375 0.43515625 0.071875 0.12109375
0 0.58046875 0.4375 0.04453125 0.10859375
0 0.628125 0.46640625 0.0609375 0.14140625
0 0.6625 0.4375 0.046875 0.11640625
0 0.853125 0.38515625 0.08359375 0.12109375
0 0.93359375 0.45 0.0390625 0.075
1 0.0765625 0.44609375 0.125 0.2
1 0.74296875 0.50859375 0.046875 0.09140625