0 0.44453125 0.4828125 0.378125 0.6390625
0 0.14140625 0.68046875 0.103125 0.19296875
0 0.00859375 0.71328125 0.01328125 0.04296875
0 0.0125 0.7015625 0.021875 0.03984375
0 0.0953125 0.7140625 0.01640625 0.05546875
0 0.20234375 0.73046875 0.04140625 0.07265625
0 0.22890625 0.72421875 0.03203125 0.06484375
0 0.25546875 0.7203125 0.021875 0.04765625
0 0.28046875 0.7203125 0.03515625 0.06796875
0 0.57734375 0.728125 0.04140625 0.0828125
0 0.63671875 0.71640625 0.03359375 0.06484375
0 0.7125 0.71640625 0.025 0.05546875
0 0.8265625 0.69296875 0.046875 0.07734375
0 0.87734375 0.70078125 0.025 0.04296875
0 0.89921875 0.70390625 0.021875 0.0453125
0 0.98046875 0.69921875 0.03203125 0.05546875
0 0.85703125 0.67890625 0.0234375 0.05
0 0.92890625 0.70078125 0.028125 0.04765625
1 0.67421875 0.709375 0.025 0.0453125