0 0.1890625 0.184375 0.1015625 0.1640625
0 0.27265625 0.23984375 0.05859375 0.09453125
0 0.35703125 0.40703125 0.10703125 0.1125
0 0.33515625 0.2359375 0.05 0.078125
0 0.4046875 0.24453125 0.04296875 0.071875
0 0.49609375 0.25 0.0453125 0.06953125
0 0.54453125 0.259375 0.0546875 0.06328125
0 0.6109375 0.2640625 0.0515625 0.065625
0 0.7125 0.25078125 0.0515625 0.071875
0 0.79921875 0.2296875 0.0515625 0.06171875
0 0.83359375 0.25078125 0.05 0.071875
0 0.8984375 0.240625 0.09296875 0.1328125
0 0.9765625 0.24453125 0.046875 0.10859375