0 0.403125 0.36640625 0.02890625 0.04921875
0 0.1765625 0.38515625 0.03203125 0.04765625
0 0.28203125 0.36640625 0.0234375 0.04140625
0 0.096875 0.184375 0.015625 0.0234375
0 0.078125 0.19375 0.0109375 0.0140625
0 0.04921875 0.1953125 0.009375 0.01796875
0 0.034375 0.19140625 0.009375 0.01796875
0 0.19609375 0.1734375 0.0109375 0.021875
0 0.1578125 0.53671875 0.09921875 0.14453125
1 0.5265625 0.36015625 0.0359375 0.0578125
1 0.515625 0.6296875 0.153125 0.228125
1 0.64375 0.51015625 0.04453125 0.0796875
1 0.52890625 0.4953125 0.0546875 0.08125
1 0.4125 0.590625 0.0671875 0.125
1 0.25234375 0.3859375 0.03046875 0.0453125
1 0.04609375 0.459375 0.05 0.065625
1 0.03671875 0.5515625 0.07109375 0.14296875
1 0.0609375 0.40859375 0.03359375 0.0515625
1 0.03671875 0.3671875 0.0375 0.06328125
1 0.08046875 0.38125 0.03203125 0.04765625
1 0.10625 0.35546875 0.02890625 0.0359375
1 0.72109375 0.534375 0.1171875 0.18046875
1 0.8765625 0.56171875 0.1125 0.1625
1 0.484375 0.234375 0.028125 0.04765625
1 0.38125 0.37578125 0.025 0.04140625