0 0.1265625 0.2265625 0.25078125 0.44921875
0 0.3703125 0.1421875 0.22265625 0.284375
0 0.4984375 0.11015625 0.09375 0.21640625
0 0.60625 0.078125 0.1359375 0.153125
0 0.7265625 0.1921875 0.090625 0.225
0 0.79609375 0.184375 0.04765625 0.10625
0 0.89296875 0.1625 0.03515625 0.06796875
0 0.8234375 0.16875 0.034375 0.08828125
1 0.93125 0.3203125 0.025 0.0484375
1 0.96328125 0.3109375 0.025 0.04296875
1 0.853125 0.17890625 0.03125 0.078125
1 0.76796875 0.21484375 0.0375 0.103125
1 0.66171875 0.115625 0.07890625 0.19453125