0 0.22890625 0.56953125 0.0453125 0.06640625
0 0.31328125 0.5984375 0.0359375 0.06015625
0 0.39296875 0.57265625 0.0390625 0.0640625
0 0.553125 0.56015625 0.0375 0.0640625
0 0.6484375 0.53984375 0.0375 0.05625
0 0.7296875 0.54453125 0.040625 0.0640625
1 0.4734375 0.5640625 0.03125 0.0484375
1 0.51328125 0.55390625 0.0265625 0.04453125
1 0.4359375 0.53984375 0.025 0.0359375
1 0.175 0.58515625 0.028125 0.0421875
1 0.090625 0.6015625 0.03125 0.03828125
1 0.05859375 0.63671875 0.0234375 0.0359375
1 0.0328125 0.70703125 0.021875 0.03203125
1 0.0171875 0.61015625 0.021875 0.03203125
1 0.0125 0.7015625 0.021875 0.03828125
1 0.6046875 0.5953125 0.03125 0.04609375
1 0.6796875 0.57265625 0.025 0.03203125
1 0.759375 0.55859375 0.025 0.0359375
1 0.828125 0.5734375 0.028125 0.03828125