0 0.68203125 0.2734375 0.35625 0.540625
0 0.8625 0.1390625 0.02890625 0.053125
0 0.85859375 0.1953125 0.025 0.059375
0 0.88203125 0.3078125 0.03515625 0.071875
0 0.90859375 0.378125 0.0375 0.05625
0 0.940625 0.321875 0.03515625 0.06875
0 0.91875 0.2734375 0.0375 0.065625
0 0.928125 0.19375 0.03125 0.0625
0 0.96796875 0.265625 0.03515625 0.0625
0 0.91796875 0.1359375 0.02734375 0.059375
0 0.965625 0.1515625 0.03125 0.059375
0 0.990625 0.2 0.01875 0.05
0 0.94609375 0.0921875 0.02890625 0.046875
0 0.96484375 0.0359375 0.03359375 0.059375
1 0.20625 0.3953125 0.40859375 0.771875
1 0.33359375 0.7203125 0.10390625 0.178125
1 0.4625 0.084375 0.03359375 0.0625
1 0.42734375 0.0453125 0.03359375 0.059375