0 0.853125 0.540625 0.13125 0.21328125
0 0.1578125 0.73046875 0.1 0.1296875
0 0.5125 0.253125 0.021875 0.03828125
0 0.425 0.32421875 0.021875 0.03828125
0 0.40703125 0.3125 0.0171875 0.034375
0 0.32890625 0.48828125 0.0296875 0.05
0 0.20078125 0.38828125 0.0296875 0.0453125
1 0.56640625 0.825 0.1421875 0.22734375
1 0.3953125 0.67578125 0.11875 0.15234375
0 0.63203125 0.2 0.0140625 0.02265625
0 0.49140625 0.2953125 0.0171875 0.02734375
1 0.48984375 0.43046875 0.0234375 0.0296875
0 0.5859375 0.190625 0.01875 0.02734375
1 0.09296875 0.66328125 0.0703125 0.109375
1 0.0390625 0.6375 0.0625 0.10234375
1 0.025 0.6953125 0.046875 0.15
1 0.40703125 0.88515625 0.2046875 0.2296875