0 0.19609375 0.3140625 0.071875 0.16171875
0 0.253125 0.30078125 0.04921875 0.16171875
0 0.290625 0.2390625 0.03046875 0.05859375
0 0.29921875 0.2921875 0.02421875 0.06171875
0 0.34375 0.3078125 0.03046875 0.05859375
0 0.34453125 0.26796875 0.028125 0.0484375
0 0.3515625 0.23515625 0.02421875 0.04453125
0 0.4015625 0.325 0.0375 0.065625
0 0.4421875 0.296875 0.028125 0.065625
0 0.471875 0.29921875 0.03359375 0.06875
0 0.440625 0.23515625 0.03203125 0.05859375
0 0.47265625 0.225 0.03203125 0.065625
0 0.51328125 0.26953125 0.03359375 0.05859375
0 0.54375 0.30078125 0.03046875 0.05859375
0 0.57265625 0.3078125 0.03203125 0.065625
0 0.53671875 0.24765625 0.03203125 0.06171875
0 0.58515625 0.23515625 0.03359375 0.05859375
0 0.63359375 0.28515625 0.03359375 0.06875
0 0.67421875 0.26484375 0.02421875 0.06171875
0 0.696875 0.2375 0.02421875 0.0546875
0 0.721875 0.26484375 0.028125 0.06171875
0 0.74140625 0.26953125 0.02265625 0.05859375
0 0.7640625 0.2390625 0.03359375 0.071875
0 0.8265625 0.2609375 0.0375 0.06875
0 0.8609375 0.23203125 0.03203125 0.05859375
0 0.896875 0.2765625 0.0359375 0.0515625
0 0.94453125 0.23046875 0.03203125 0.06875
0 0.1453125 0.29375 0.03046875 0.05859375
0 0.1625 0.2265625 0.03046875 0.0546875
0 0.08046875 0.26640625 0.02421875 0.05859375
0 0.096875 0.2609375 0.028125 0.0546875
0 0.04453125 0.24375 0.03203125 0.06171875