0 0.5078125 0.73515625 0.02109375 0.02578125
0 0.7359375 0.590625 0.0171875 0.02578125
0 0.790625 0.584375 0.01875 0.02578125
0 0.75703125 0.59140625 0.0171875 0.02421875
0 0.76953125 0.61171875 0.01875 0.02421875
0 0.5578125 0.6015625 0.01015625 0.01171875
0 0.10859375 0.60859375 0.00859375 0.0140625
0 0.1453125 0.59375 0.01015625 0.01640625
0 0.1984375 0.57734375 0.00546875 0.01171875
0 0.31796875 0.61953125 0.01015625 0.01640625
0 0.365625 0.5765625 0.00859375 0.0140625
0 0.91015625 0.6359375 0.0140625 0.02421875