0 0.4265625 0.31875 0.0765625 0.14453125
0 0.4671875 0.3515625 0.04375 0.09765625
0 0.5984375 0.334375 0.0890625 0.16953125
0 0.69296875 0.38515625 0.0359375 0.06015625
0 0.65 0.38828125 0.03515625 0.0546875
0 0.73359375 0.375 0.04765625 0.0734375
0 0.7828125 0.35625 0.05 0.103125
0 0.896875 0.38984375 0.0359375 0.065625
0 0.9234375 0.38125 0.02734375 0.06796875
0 0.9546875 0.3796875 0.04765625 0.07890625
0 0.3265625 0.3578125 0.0453125 0.1109375
0 0.35859375 0.37890625 0.02734375 0.0546875
0 0.38203125 0.37578125 0.02109375 0.04921875
0 0.28828125 0.35546875 0.02890625 0.05625
0 0.24609375 0.3015625 0.0671875 0.11875
0 0.2140625 0.35078125 0.03359375 0.05078125
0 0.1546875 0.35625 0.0609375 0.1109375
0 0.109375 0.3765625 0.04140625 0.05859375
0 0.05625 0.325 0.0578125 0.1125
0 0.0296875 0.3828125 0.025 0.0359375
1 0.83828125 0.3625 0.06875 0.13125