0 0.14453125 0.51796875 0.08203125 0.15234375
0 0.21171875 0.61875 0.06015625 0.09296875
0 0.2296875 0.5765625 0.06015625 0.10078125
0 0.434375 0.575 0.06171875 0.11953125
0 0.47890625 0.5953125 0.0453125 0.10078125
0 0.5390625 0.575 0.06015625 0.1140625
0 0.78125 0.6046875 0.0421875 0.0984375
0 0.84296875 0.6375 0.0421875 0.0875
0 0.9734375 0.63203125 0.03828125 0.08203125
0 0.75234375 0.6296875 0.02890625 0.065625
0 0.809375 0.6140625 0.02578125 0.0515625
0 0.0578125 0.56640625 0.02578125 0.04921875
0 0.0265625 0.5765625 0.0234375 0.04609375
0 0.00625 0.57734375 0.009375 0.0328125
0 0.3921875 0.5984375 0.03125 0.05703125
1 0.35390625 0.51328125 0.0671875 0.10625