0 0.28515625 0.29609375 0.0703125 0.12890625
0 0.0171875 0.30625 0.02578125 0.0484375
0 0.05 0.303125 0.028125 0.0484375
0 0.0703125 0.29140625 0.0203125 0.0421875
0 0.09375 0.3078125 0.015625 0.02734375
0 0.121875 0.28359375 0.02421875 0.0453125
0 0.1453125 0.28515625 0.021875 0.0421875
0 0.16484375 0.29765625 0.02578125 0.0421875
0 0.18984375 0.29609375 0.015625 0.0328125
0 0.20390625 0.29140625 0.0203125 0.0421875
0 0.221875 0.28984375 0.0203125 0.0453125
0 0.39765625 0.28515625 0.05625 0.10234375
0 0.36171875 0.28203125 0.02421875 0.0484375
0 0.3421875 0.28046875 0.0203125 0.0390625
0 0.321875 0.2765625 0.0203125 0.0359375
0 0.23828125 0.29765625 0.015625 0.0296875
0 0.43828125 0.26875 0.028125 0.05078125
0 0.45703125 0.265625 0.021875 0.05078125
0 0.47734375 0.28046875 0.021875 0.0453125
0 0.5203125 0.275 0.02421875 0.05078125
0 0.55078125 0.2765625 0.021875 0.0421875
0 0.56015625 0.2625 0.015625 0.0328125
0 0.57578125 0.28359375 0.0203125 0.0328125
0 0.5890625 0.2765625 0.01796875 0.05390625
0 0.66796875 0.2984375 0.028125 0.05078125
1 0.49765625 0.2765625 0.03203125 0.06640625
0 0.75078125 0.2609375 0.034375 0.06015625
0 0.8171875 0.29140625 0.02578125 0.0421875
0 0.83671875 0.25703125 0.02578125 0.0453125
0 0.8796875 0.3046875 0.028125 0.05078125
0 0.90625 0.28515625 0.02421875 0.0484375
0 0.98125 0.30625 0.0296875 0.05390625
0 0.95234375 0.275 0.028125 0.0453125
0 0.97890625 0.2640625 0.01796875 0.0296875
0 0.99453125 0.28828125 0.0109375 0.0484375
0 0.86015625 0.28359375 0.02421875 0.0328125
0 0.790625 0.28984375 0.021875 0.0453125
0 0.6421875 0.26875 0.0203125 0.0453125
0 0.61171875 0.278125 0.0203125 0.0453125
0 0.62265625 0.2765625 0.01796875 0.0359375
0 0.71171875 0.29140625 0.02421875 0.0484375
0 0.690625 0.2671875 0.0140625 0.0359375