0 0.078125 0.56015625 0.065625 0.109375
0 0.540625 0.5328125 0.06015625 0.09296875
0 0.75234375 0.359375 0.02890625 0.0515625
0 0.8171875 0.3703125 0.0234375 0.040625
0 0.6265625 0.4921875 0.05234375 0.0984375
1 0.4578125 0.6421875 0.06171875 0.109375
1 0.62265625 0.5984375 0.06015625 0.109375
1 0.69765625 0.51328125 0.05234375 0.0875
1 0.778125 0.565625 0.04375 0.09296875
1 0.88359375 0.61640625 0.06875 0.10625
1 0.91796875 0.54375 0.065625 0.0984375
1 0.984375 0.46015625 0.03125 0.07890625
1 0.69609375 0.4546875 0.03984375 0.0515625
1 0.7453125 0.4546875 0.02890625 0.05703125
1 0.79296875 0.41796875 0.03671875 0.04921875
1 0.31015625 0.60390625 0.07109375 0.13125
1 0.1578125 0.63515625 0.06171875 0.11171875
1 0.3546875 0.58203125 0.04375 0.08203125
1 0.465625 0.52578125 0.03984375 0.0953125
1 0.4390625 0.48515625 0.03828125 0.06796875
1 0.49921875 0.44921875 0.02734375 0.040625