0 0.721875 0.271875 0.11171875 0.1890625
0 0.828125 0.29765625 0.0796875 0.14453125
0 0.91875 0.36953125 0.15 0.21015625
0 0.78515625 0.30625 0.04609375 0.1140625
0 0.6671875 0.30625 0.05 0.08984375
0 0.621875 0.37421875 0.084375 0.12890625
0 0.61796875 0.3 0.05625 0.071875
0 0.5796875 0.3125 0.0359375 0.078125
0 0.55234375 0.33671875 0.03203125 0.071875
0 0.51875 0.3109375 0.0578125 0.1109375
0 0.4796875 0.33046875 0.0359375 0.071875
0 0.446875 0.3109375 0.0421875 0.08671875
0 0.41171875 0.3 0.0359375 0.078125
0 0.38828125 0.3078125 0.02421875 0.06328125
0 0.35 0.3 0.03984375 0.078125
0 0.32421875 0.2984375 0.02421875 0.05703125
0 0.29765625 0.3109375 0.03203125 0.05703125
0 0.096875 0.33203125 0.021875 0.0328125
0 0.13828125 0.32265625 0.0203125 0.0390625
0 0.228125 0.31796875 0.0203125 0.0421875
1 0.1859375 0.29765625 0.08828125 0.1625