0 0.07421875 0.5 0.01796875 0.03515625
0 0.09921875 0.4921875 0.0203125 0.03515625
0 0.12890625 0.5109375 0.01796875 0.03515625
0 0.1578125 0.5203125 0.01796875 0.0328125
0 0.16875 0.50703125 0.01796875 0.0328125
0 0.14921875 0.49296875 0.01484375 0.02734375
0 0.1625 0.46328125 0.01640625 0.0328125
0 0.18515625 0.46328125 0.01484375 0.02734375
0 0.20703125 0.45390625 0.01484375 0.02421875
0 0.1984375 0.5328125 0.01796875 0.03515625
0 0.22265625 0.5328125 0.01640625 0.03515625
0 0.2078125 0.509375 0.01640625 0.02734375
0 0.21875 0.49453125 0.01640625 0.0296875
0 0.22578125 0.4796875 0.01796875 0.0328125
0 0.2453125 0.46171875 0.01484375 0.0296875
0 0.26640625 0.45390625 0.009375 0.02421875
0 0.28828125 0.46015625 0.0125 0.02734375
0 0.2609375 0.48359375 0.0125 0.01875
0 0.27578125 0.4765625 0.0125 0.021875
0 0.28359375 0.4984375 0.01796875 0.0328125
0 0.2703125 0.50546875 0.0125 0.0296875
0 0.26015625 0.50234375 0.01484375 0.02421875
0 0.2484375 0.4984375 0.01640625 0.0328125
0 0.25625 0.52890625 0.01796875 0.0328125
0 0.3109375 0.4890625 0.01796875 0.0296875
0 0.3234375 0.4671875 0.01484375 0.0296875
0 0.31015625 0.4390625 0.0125 0.021875
0 0.31484375 0.403125 0.0109375 0.01640625
0 0.34296875 0.3515625 0.009375 0.01640625
0 0.35390625 0.34609375 0.009375 0.01640625
0 0.3390625 0.48515625 0.01640625 0.0328125
0 0.34609375 0.459375 0.0125 0.02421875
0 0.36328125 0.4453125 0.01484375 0.02421875
0 0.384375 0.45078125 0.01640625 0.02421875
0 0.3703125 0.48203125 0.01640625 0.0328125
0 0.38984375 0.48125 0.01640625 0.03515625
0 0.40546875 0.4671875 0.01484375 0.02421875
0 0.409375 0.4484375 0.0109375 0.02421875
0 0.4125 0.40078125 0.0109375 0.01640625
0 0.5078125 0.39921875 0.009375 0.01875
0 0.43125 0.44921875 0.01484375 0.02734375
0 0.45078125 0.446875 0.01484375 0.0328125
0 0.47265625 0.446875 0.01484375 0.01640625
0 0.4765625 0.465625 0.01484375 0.021875
0 0.50234375 0.46171875 0.01640625 0.02421875
0 0.52421875 0.45390625 0.0203125 0.02421875
0 0.52265625 0.48671875 0.01640625 0.03515625
0 0.5234375 0.5203125 0.01484375 0.0328125
0 0.5328125 0.60078125 0.01796875 0.04609375
0 0.490625 0.59296875 0.01796875 0.040625
0 0.4984375 0.52578125 0.01796875 0.03828125
0 0.50390625 0.4890625 0.01484375 0.0296875
0 0.47421875 0.521875 0.01796875 0.03515625
0 0.4578125 0.50546875 0.01484375 0.0296875
0 0.44453125 0.48359375 0.01640625 0.0296875
0 0.46875 0.4875 0.01484375 0.0328125
0 0.4453125 0.52421875 0.01796875 0.03515625
0 0.42265625 0.52421875 0.0203125 0.03515625
0 0.421875 0.49296875 0.01484375 0.02734375
0 0.40390625 0.5 0.01484375 0.03515625
0 0.3921875 0.540625 0.01640625 0.03515625
0 0.3765625 0.51484375 0.01484375 0.02734375
0 0.3765625 0.54609375 0.01796875 0.03515625
0 0.34609375 0.51796875 0.01640625 0.03828125
0 0.32890625 0.5296875 0.01796875 0.03515625
0 0.3046875 0.534375 0.01640625 0.0328125
0 0.1765625 0.61171875 0.021875 0.040625
0 0.18125 0.66875 0.0203125 0.040625
0 0.20078125 0.6609375 0.0234375 0.040625
0 0.21015625 0.59921875 0.0203125 0.03828125
0 0.240625 0.596875 0.0203125 0.03828125
0 0.240625 0.6484375 0.0203125 0.04375
0 0.27890625 0.65390625 0.0203125 0.04375
0 0.27734375 0.596875 0.0203125 0.03828125
0 0.3015625 0.58984375 0.01796875 0.040625
0 0.3328125 0.5953125 0.01796875 0.03515625
0 0.334375 0.65 0.01796875 0.040625
0 0.36328125 0.6046875 0.021875 0.03828125
0 0.38125 0.64453125 0.0203125 0.040625
0 0.39765625 0.6046875 0.01640625 0.03828125
0 0.42578125 0.60625 0.01796875 0.03515625
0 0.47734375 0.640625 0.0203125 0.04375
0 0.49453125 0.6375 0.01796875 0.04375
0 0.60390625 0.6484375 0.021875 0.04375
0 0.55703125 0.60234375 0.0203125 0.03828125
0 0.634375 0.6296875 0.021875 0.04375
0 0.66171875 0.64453125 0.01796875 0.040625
0 0.69375 0.60390625 0.0203125 0.040625
0 0.71484375 0.65 0.01796875 0.040625
0 0.76015625 0.6484375 0.021875 0.03828125
0 0.81484375 0.65390625 0.01796875 0.03828125
0 0.54765625 0.52421875 0.01796875 0.03515625
0 0.58203125 0.52890625 0.01796875 0.0328125
0 0.60390625 0.52890625 0.01796875 0.04375
0 0.62734375 0.52890625 0.01796875 0.03828125
0 0.65390625 0.52421875 0.0203125 0.040625
0 0.66796875 0.5125 0.0203125 0.0328125
0 0.68203125 0.53984375 0.01796875 0.04375
0 0.70234375 0.54375 0.0203125 0.03515625
0 0.72265625 0.53671875 0.0203125 0.03828125
0 0.75234375 0.5625 0.021875 0.040625
0 0.78515625 0.5546875 0.01796875 0.03515625
0 0.815625 0.54765625 0.01640625 0.0328125
0 0.90625 0.5296875 0.0203125 0.03515625
0 0.9265625 0.5078125 0.01640625 0.0296875
0 0.95 0.52421875 0.0203125 0.040625
0 0.85546875 0.51796875 0.0203125 0.03828125
0 0.828125 0.50703125 0.0203125 0.03828125
0 0.80546875 0.50390625 0.01796875 0.03828125
0 0.78828125 0.50546875 0.0203125 0.03515625
0 0.8921875 0.47578125 0.01640625 0.03515625
0 0.8671875 0.45078125 0.01796875 0.0296875
0 0.86015625 0.4890625 0.01796875 0.03515625
0 0.8421875 0.49453125 0.01484375 0.0296875
0 0.77109375 0.4796875 0.01796875 0.03828125
0 0.78359375 0.46171875 0.01484375 0.0296875
0 0.80078125 0.47578125 0.01640625 0.0296875
0 0.8 0.44140625 0.01484375 0.021875
0 0.765625 0.4453125 0.01796875 0.02421875
0 0.7453125 0.44921875 0.01796875 0.02734375
0 0.73359375 0.4671875 0.01640625 0.02421875
0 0.734375 0.5015625 0.01484375 0.02734375
1 0.71796875 0.49609375 0.01796875 0.02734375
0 0.69609375 0.509375 0.01796875 0.02734375
0 0.6828125 0.490625 0.01640625 0.02734375
0 0.66171875 0.4875 0.01796875 0.02734375
0 0.6453125 0.4875 0.01484375 0.0328125
0 0.63125 0.5 0.01484375 0.0296875
0 0.62890625 0.4796875 0.01484375 0.021875
0 0.60625 0.5 0.0125 0.01875
0 0.59921875 0.4875 0.01640625 0.02734375
0 0.6109375 0.4765625 0.01484375 0.02734375
0 0.665625 0.4484375 0.01484375 0.0296875
0 0.6828125 0.45625 0.01640625 0.0296875
0 0.6421875 0.459375 0.01796875 0.0296875
0 0.70625 0.403125 0.009375 0.01640625
0 0.70078125 0.353125 0.009375 0.01328125
0 0.68828125 0.34453125 0.009375 0.01328125
0 0.67109375 0.33515625 0.0109375 0.01640625
0 0.5921875 0.40078125 0.009375 0.01640625
0 0.61640625 0.44296875 0.01484375 0.02421875
0 0.59765625 0.45625 0.01640625 0.02421875
0 0.584375 0.4390625 0.0125 0.02734375
0 0.56171875 0.4890625 0.01796875 0.0296875
0 0.5390625 0.49453125 0.0203125 0.02421875
0 0.5484375 0.47421875 0.01640625 0.021875
0 0.55703125 0.4578125 0.01640625 0.02734375
0 0.5421875 0.428125 0.01484375 0.02734375
1 0.5125 0.428125 0.01484375 0.021875
0 0.828125 0.44140625 0.01640625 0.0328125
0 0.49453125 0.428125 0.0109375 0.021875
1 0.4453125 0.640625 0.01796875 0.0328125