1 0.146875 0.296875 0.0203125 0.0359375
1 0.22421875 0.28203125 0.02890625 0.04921875
1 0.26328125 0.29296875 0.02734375 0.0546875
1 0.2984375 0.30859375 0.025 0.05234375
1 0.21328125 0.30390625 0.0171875 0.04375
1 0.3328125 0.3 0.03203125 0.06328125
1 0.3765625 0.29609375 0.02734375 0.07109375
1 0.41953125 0.31484375 0.03203125 0.07109375
1 0.48125 0.26875 0.03359375 0.07109375
1 0.71875 0.31796875 0.04296875 0.10390625
1 0.8015625 0.27109375 0.05546875 0.10390625
0 0.58125 0.25625 0.04921875 0.1125