0 0.4921875 0.41875 0.025 0.03359375
0 0.5921875 0.4078125 0.01796875 0.02890625
0 0.64296875 0.39921875 0.01640625 0.02890625
0 0.784375 0.39765625 0.01796875 0.03125
0 0.81328125 0.40546875 0.0203125 0.02890625
1 0.19140625 0.41796875 0.0234375 0.0359375
1 0.1625 0.4203125 0.021875 0.0359375
1 0.39609375 0.42109375 0.01796875 0.02890625
1 0.55234375 0.4078125 0.01796875 0.02421875
1 0.53359375 0.4140625 0.01640625 0.02421875
1 0.71484375 0.40078125 0.01640625 0.02421875
1 0.68046875 0.40234375 0.01796875 0.021875
1 0.7546875 0.38984375 0.01640625 0.02421875
1 0.74609375 0.39921875 0.01171875 0.0203125
1 0.82734375 0.396875 0.01484375 0.02421875
1 0.796875 0.40234375 0.01640625 0.0265625
0 0.78359375 0.39765625 0.01640625 0.03125
0 0.81328125 0.40546875 0.01640625 0.02890625
0 0.890625 0.39921875 0.01796875 0.02890625