0 0.51640625 0.2359375 0.065625 0.1171875
0 0.32265625 0.29609375 0.0671875 0.1171875
0 0.29296875 0.0796875 0.02578125 0.04921875
0 0.18359375 0.0234375 0.02578125 0.03671875
0 0.62578125 0.2609375 0.03671875 0.0890625
0 0.65390625 0.271875 0.02734375 0.05234375
0 0.75546875 0.271875 0.03828125 0.078125
0 0.80078125 0.25859375 0.04921875 0.11484375
0 0.8328125 0.28359375 0.01484375 0.02890625
0 0.35703125 0.1046875 0.01640625 0.03125
0 0.41640625 0.13984375 0.01484375 0.02890625
1 0.86796875 0.28203125 0.02734375 0.04140625