0 0.2984375 0.43359375 0.11640625 0.21796875
0 0.36640625 0.47109375 0.0421875 0.0984375
0 0.38828125 0.49609375 0.01640625 0.04375
0 0.40546875 0.50546875 0.021875 0.0515625
0 0.46171875 0.5296875 0.02578125 0.05703125
0 0.49296875 0.5109375 0.021875 0.04609375
0 0.52890625 0.49453125 0.05078125 0.10078125
0 0.5921875 0.6140625 0.0421875 0.07890625
0 0.55546875 0.49765625 0.01640625 0.04609375
0 0.7078125 0.53828125 0.08203125 0.10625
0 0.7796875 0.5 0.03671875 0.0734375
0 0.87421875 0.490625 0.05078125 0.10390625
0 0.04609375 0.49609375 0.03828125 0.07109375
0 0.13984375 0.5125 0.02578125 0.0546875
1 0.16640625 0.48515625 0.05625 0.10390625
1 0.9296875 0.521875 0.07109375 0.1390625