0 0.62890625 0.17890625 0.0375 0.059375
0 0.40703125 0.603125 0.04296875 0.065625
0 0.0890625 0.14140625 0.0359375 0.06171875
0 0.12734375 0.1 0.034375 0.07265625
0 0.1640625 0.1296875 0.03125 0.059375
0 0.42890625 0.09765625 0.03828125 0.059375
1 0.2125 0.54140625 0.04453125 0.0828125
1 0.0625 0.47265625 0.04296875 0.06796875
1 0.18203125 0.31484375 0.0328125 0.06796875
1 0.20625 0.25390625 0.0359375 0.06171875
1 0.1875 0.23203125 0.03125 0.05078125
1 0.18984375 0.15625 0.034375 0.053125
1 0.61484375 0.12578125 0.02734375 0.05078125