0 0.4375 0.4046875 0.06171875 0.10234375
0 0.484375 0.41640625 0.0546875 0.08203125
0 0.75390625 0.3875 0.06796875 0.0953125
0 0.35390625 0.428125 0.0515625 0.09140625
1 0.5609375 0.4078125 0.04140625 0.0640625
1 0.52109375 0.41796875 0.03828125 0.06640625
1 0.02890625 0.4578125 0.0546875 0.1109375
1 0.63671875 0.41328125 0.04296875 0.07109375
1 0.67578125 0.41640625 0.03203125 0.05546875
1 0.96171875 0.41796875 0.046875 0.0578125
1 0.928125 0.40078125 0.04296875 0.06875
1 0.5828125 0.41015625 0.028125 0.046875