1 0.06875 0.52421875 0.09375 0.12890625
1 0.21484375 0.4515625 0.04609375 0.08125
1 0.4390625 0.33359375 0.02578125 0.05390625
1 0.53828125 0.41015625 0.0359375 0.06875
1 0.56171875 0.45625 0.05234375 0.084375
1 0.6203125 0.5296875 0.06796875 0.1171875
1 0.63203125 0.44453125 0.0359375 0.06640625
1 0.6828125 0.4625 0.04609375 0.078125
1 0.71875 0.44140625 0.03828125 0.071875
1 0.76796875 0.47109375 0.06015625 0.084375
1 0.79296875 0.621875 0.121875 0.221875
1 0.92890625 0.59296875 0.09375 0.14140625
1 0.875 0.490625 0.0578125 0.09296875
1 0.85390625 0.44921875 0.04375 0.06875
1 0.88671875 0.415625 0.03828125 0.075
1 0.96796875 0.459375 0.03984375 0.071875
1 0.98203125 0.48359375 0.0359375 0.084375