1 0.11015625 0.45859375 0.065625 0.11484375
1 0.1359375 0.2421875 0.021875 0.04296875
1 0.1609375 0.2609375 0.0234375 0.053125
1 0.2109375 0.21953125 0.02265625 0.04921875
1 0.23046875 0.2265625 0.02578125 0.04921875
1 0.28515625 0.25234375 0.0203125 0.0328125
1 0.31953125 0.26484375 0.021875 0.04140625
1 0.34765625 0.253125 0.028125 0.04453125
1 0.34140625 0.21640625 0.01953125 0.0359375
1 0.3828125 0.2453125 0.0234375 0.04921875
1 0.384375 0.20078125 0.021875 0.0390625
1 0.41171875 0.20625 0.021875 0.0390625
1 0.41875 0.16328125 0.015625 0.0328125
1 0.4421875 0.16328125 0.01953125 0.0328125
1 0.4515625 0.2078125 0.021875 0.04296875
1 0.47578125 0.18828125 0.0203125 0.04453125
1 0.48984375 0.16328125 0.01875 0.0359375
1 0.48203125 0.146875 0.01875 0.034375
1 0.53203125 0.15859375 0.01796875 0.034375
1 0.55703125 0.184375 0.021875 0.04140625
1 0.5828125 0.1171875 0.015625 0.02890625
1 0.61875 0.115625 0.0140625 0.02890625
1 0.653125 0.1171875 0.01640625 0.02890625
1 0.596875 0.23125 0.02265625 0.04296875
1 0.62734375 0.23125 0.02265625 0.0390625
1 0.66484375 0.2359375 0.02734375 0.04765625
1 0.71875 0.234375 0.0234375 0.0546875
1 0.73046875 0.15078125 0.01953125 0.0375
1 0.80234375 0.28359375 0.028125 0.0578125
1 0.89765625 0.30859375 0.028125 0.06640625
1 0.91640625 0.28359375 0.02421875 0.0546875
1 0.92734375 0.2453125 0.01953125 0.0390625
1 0.88984375 0.24140625 0.01953125 0.0515625
1 0.9 0.203125 0.015625 0.04140625
1 0.934375 0.20625 0.01640625 0.0390625
1 0.95234375 0.17578125 0.0140625 0.034375