1 0.35 0.21484375 0.01953125 0.02890625
1 0.4078125 0.2453125 0.021875 0.0390625
1 0.45234375 0.228125 0.021875 0.0390625
1 0.5109375 0.21953125 0.02109375 0.0390625
1 0.5265625 0.19921875 0.0125 0.03203125
1 0.54765625 0.19921875 0.01328125 0.03203125
1 0.60546875 0.159375 0.01328125 0.03515625
1 0.63671875 0.14765625 0.01328125 0.02890625
1 0.675 0.196875 0.015625 0.03046875
1 0.7203125 0.1984375 0.01953125 0.03359375
1 0.653125 0.2609375 0.02578125 0.03671875
1 0.73671875 0.30234375 0.02734375 0.05234375
1 0.8609375 0.3390625 0.028125 0.05546875
1 0.8875 0.284375 0.0203125 0.046875
1 0.85078125 0.23515625 0.0171875 0.0390625
1 0.859375 0.2046875 0.01640625 0.03203125
1 0.9078125 0.228125 0.01171875 0.0421875
1 0.93125 0.25625 0.015625 0.05078125
1 0.96328125 0.25 0.02109375 0.03515625