1 0.13984375 0.5390625 0.03671875 0.05546875
1 0.21015625 0.528125 0.03671875 0.05078125
1 0.24453125 0.51796875 0.028125 0.03984375
1 0.28984375 0.5125 0.0265625 0.03359375
1 0.33046875 0.4953125 0.025 0.03125
1 0.3625 0.45859375 0.021875 0.03359375
1 0.49140625 0.46875 0.0203125 0.03125
1 0.54765625 0.465625 0.021875 0.03359375
1 0.6234375 0.76328125 0.0796875 0.121875
1 0.66484375 0.671875 0.06015625 0.08671875
1 0.68203125 0.63671875 0.06328125 0.08203125
1 0.7125 0.59921875 0.0453125 0.06015625
1 0.6921875 0.5765625 0.04140625 0.05546875
1 0.7234375 0.534375 0.0296875 0.046875
1 0.7015625 0.51640625 0.0265625 0.0421875