1 0.134375 0.5140625 0.13203125 0.125
1 0.059375 0.58984375 0.10546875 0.1953125
1 0.6546875 0.53125 0.11328125 0.08515625
1 0.66953125 0.434375 0.053125 0.04140625
1 0.571875 0.39609375 0.0453125 0.0375
1 0.58828125 0.44921875 0.0484375 0.04140625
1 0.52109375 0.4328125 0.06328125 0.0546875
1 0.45546875 0.42421875 0.05 0.04140625
1 0.47109375 0.365625 0.046875 0.04140625
1 0.31796875 0.4421875 0.06875 0.05390625
1 0.29921875 0.4046875 0.046875 0.0390625
1 0.121875 0.40078125 0.053125 0.0390625
1 0.08046875 0.40390625 0.06640625 0.05
1 0.91015625 0.465625 0.08046875 0.05390625
1 0.94453125 0.4296875 0.06640625 0.05234375
1 0.865625 0.4375 0.06484375 0.05
1 0.97421875 0.4890625 0.0515625 0.07265625