1 0.21640625 0.31796875 0.0375 0.09921875
1 0.43984375 0.22265625 0.01640625 0.040625
1 0.48359375 0.21953125 0.01796875 0.04609375
1 0.54765625 0.1828125 0.01796875 0.03828125
1 0.6125 0.1875 0.01953125 0.04765625
1 0.6203125 0.225 0.02265625 0.04609375
1 0.6765625 0.20390625 0.01875 0.04375
1 0.66875 0.2546875 0.0203125 0.053125
1 0.68125 0.1765625 0.015625 0.040625
1 0.72265625 0.19765625 0.015625 0.03828125
1 0.75390625 0.278125 0.02890625 0.071875
1 0.7234375 0.30234375 0.0234375 0.053125
1 0.8390625 0.25703125 0.0203125 0.04375
1 0.875 0.259375 0.0203125 0.0515625