1 0.1125 0.10078125 0.11953125 0.1734375
1 0.3015625 0.23125 0.09921875 0.12734375
1 0.2078125 0.2328125 0.02265625 0.040625
1 0.43046875 0.271875 0.06484375 0.09765625
1 0.4734375 0.27421875 0.040625 0.08046875
1 0.5171875 0.2953125 0.0421875 0.07890625
1 0.5578125 0.315625 0.02890625 0.05703125
1 0.60078125 0.33046875 0.03046875 0.06484375
1 0.6671875 0.340625 0.02734375 0.05390625
1 0.69765625 0.38125 0.02109375 0.0375
1 0.72734375 0.3875 0.01953125 0.03125
1 0.7515625 0.39296875 0.01796875 0.0359375
1 0.76953125 0.396875 0.0171875 0.028125
1 0.78828125 0.4 0.0171875 0.028125
1 0.93046875 0.25390625 0.053125 0.06796875