1 0.13046875 0.3890625 0.0609375 0.1078125
1 0.18046875 0.33671875 0.04296875 0.07265625
1 0.24609375 0.38046875 0.05546875 0.09609375
1 0.303125 0.52890625 0.1078125 0.171875
1 0.37109375 0.31640625 0.03671875 0.05546875
1 0.49296875 0.31953125 0.034375 0.0609375
1 0.6390625 0.66328125 0.11875 0.18984375
1 0.61875 0.34140625 0.04453125 0.0640625
1 0.70390625 0.39765625 0.04453125 0.07265625
1 0.72734375 0.36015625 0.04296875 0.05546875
1 0.81328125 0.42734375 0.059375 0.09609375
1 0.8078125 0.34375 0.03671875 0.05234375
1 0.8703125 0.35 0.034375 0.05234375
1 0.94609375 0.36015625 0.03046875 0.04921875