1 0.0171875 0.5546875 0.03203125 0.06484375
1 0.0671875 0.5578125 0.03828125 0.0546875
1 0.06953125 0.5328125 0.021875 0.05
1 0.10859375 0.53125 0.0296875 0.05234375
1 0.15859375 0.53984375 0.03359375 0.0453125
1 0.175 0.5234375 0.0203125 0.0328125
1 0.2109375 0.55 0.04140625 0.06484375
1 0.2640625 0.55859375 0.04140625 0.0671875
1 0.26171875 0.51015625 0.0265625 0.03984375
1 0.3015625 0.53515625 0.0296875 0.0453125
1 0.30234375 0.51484375 0.021875 0.03515625
1 0.34140625 0.55 0.0296875 0.05
1 0.3484375 0.5265625 0.0265625 0.0375
1 0.38046875 0.5234375 0.025 0.0375
1 0.42265625 0.58359375 0.0515625 0.07265625
1 0.39296875 0.5515625 0.0296875 0.04765625
1 0.5 0.5765625 0.05703125 0.0921875
1 0.4640625 0.5421875 0.025 0.0453125
1 0.47734375 0.52109375 0.025 0.0375
1 0.54140625 0.5609375 0.03359375 0.0625
1 0.53046875 0.52109375 0.028125 0.0421875
1 0.61796875 0.5765625 0.03984375 0.0578125
1 0.6125 0.54140625 0.03203125 0.05234375
1 0.64921875 0.41484375 0.025 0.05
1 0.68671875 0.61640625 0.05 0.0921875
1 0.69765625 0.55625 0.028125 0.05234375
1 0.671875 0.5515625 0.0265625 0.05234375
1 0.73203125 0.57734375 0.04296875 0.06484375
1 0.75390625 0.53515625 0.03203125 0.05
1 0.7953125 0.62265625 0.06015625 0.0953125
1 0.79296875 0.54609375 0.03671875 0.04765625
1 0.86640625 0.59140625 0.046875 0.07265625
1 0.84453125 0.54609375 0.03203125 0.05234375
1 0.9015625 0.55234375 0.0296875 0.06015625
1 0.9328125 0.5515625 0.03203125 0.05234375
1 0.9078125 0.44609375 0.03515625 0.04765625