1 0.8609375 0.1359375 0.0109375 0.02265625
1 0.88984375 0.1390625 0.009375 0.025
1 0.91640625 0.15546875 0.01171875 0.025
1 0.91640625 0.1875 0.0140625 0.0390625
1 0.921875 0.15859375 0.00703125 0.02265625
1 0.8875 0.1671875 0.0109375 0.02734375
1 0.85625 0.15546875 0.0109375 0.025
1 0.84296875 0.15625 0.0140625 0.03515625
1 0.82265625 0.14453125 0.0140625 0.03125
1 0.83515625 0.1875 0.015625 0.03125
1 0.871875 0.18984375 0.01328125 0.03515625
1 0.8609375 0.23125 0.015625 0.04375
1 0.90390625 0.28125 0.01875 0.05625
1 0.80234375 0.13359375 0.0109375 0.02734375
1 0.79140625 0.1796875 0.015625 0.04375
1 0.7609375 0.13515625 0.01328125 0.02890625
1 0.74140625 0.1109375 0.0109375 0.02734375
1 0.7265625 0.11953125 0.01171875 0.03125
1 0.7390625 0.14921875 0.01171875 0.0328125
1 0.740625 0.1875 0.015625 0.04375
1 0.76171875 0.28828125 0.025 0.05
1 0.69609375 0.2171875 0.01875 0.04765625
1 0.70859375 0.28828125 0.025 0.05390625
1 0.68359375 0.10234375 0.0109375 0.03125
1 0.70234375 0.1484375 0.01171875 0.03125
1 0.6375 0.10234375 0.0109375 0.02734375
1 0.66171875 0.12578125 0.009375 0.02734375
1 0.62734375 0.1265625 0.0109375 0.025
1 0.6109375 0.10546875 0.009375 0.025
1 0.5875 0.10390625 0.01171875 0.025
1 0.603125 0.12109375 0.0109375 0.02265625
1 0.6125 0.15078125 0.01640625 0.03515625
1 0.646875 0.17734375 0.0140625 0.03515625
1 0.6578125 0.203125 0.01796875 0.04140625
1 0.653125 0.25390625 0.01796875 0.0515625
1 0.67109375 0.32890625 0.0296875 0.0640625
1 0.6015625 0.209375 0.01875 0.0453125
1 0.59921875 0.26875 0.0234375 0.04765625
1 0.59609375 0.334375 0.028125 0.06640625
1 0.553125 0.25 0.01875 0.0390625
1 0.53828125 0.30703125 0.025 0.0578125
1 0.528125 0.0921875 0.01171875 0.03125
1 0.52578125 0.14453125 0.015625 0.0390625
1 0.54296875 0.17109375 0.01796875 0.0390625
1 0.56171875 0.178125 0.01328125 0.0375
1 0.575 0.14140625 0.01328125 0.0328125
1 0.5546875 0.1015625 0.01171875 0.025
1 0.51484375 0.209375 0.015625 0.0375
1 0.4890625 0.3078125 0.025 0.05625
1 0.4953125 0.196875 0.0140625 0.02890625
1 0.4828125 0.1328125 0.00859375 0.02109375
1 0.45078125 0.16796875 0.0109375 0.025
1 0.47421875 0.171875 0.01171875 0.02890625
1 0.45390625 0.221875 0.0140625 0.0328125
1 0.421875 0.1796875 0.01171875 0.03125
1 0.44296875 0.159375 0.01171875 0.02890625
1 0.46640625 0.15859375 0.0109375 0.02734375
1 0.4203125 0.22109375 0.015625 0.03515625
1 0.4359375 0.2046875 0.0140625 0.03515625
1 0.2 0.35390625 0.0390625 0.0890625
1 0.4234375 0.2828125 0.01875 0.04375
1 0.34140625 0.22421875 0.01640625 0.02890625
1 0.3796875 0.2 0.015625 0.02734375
1 0.3703125 0.21875 0.01640625 0.03515625
1 0.309375 0.22890625 0.015625 0.03125
1 0.2796875 0.25390625 0.01328125 0.03515625
1 0.31328125 0.27734375 0.0140625 0.03515625
1 0.33359375 0.27578125 0.015625 0.0328125