1 0.3421875 0.0765625 0.0328125 0.0625
1 0.5234375 0.2796875 0.0328125 0.06875
1 0.546875 0.30546875 0.0484375 0.065625
1 0.60703125 0.31171875 0.040625 0.06015625
1 0.6484375 0.3140625 0.040625 0.065625
1 0.7203125 0.3171875 0.04453125 0.071875
1 0.7984375 0.328125 0.040625 0.08046875
1 0.84140625 0.33359375 0.0484375 0.08671875
1 0.92890625 0.3875 0.06015625 0.0984375
1 0.890625 0.54453125 0.1015625 0.16796875
1 0.7 0.54453125 0.08984375 0.15
1 0.6015625 0.6453125 0.1109375 0.18828125
1 0.38515625 0.75 0.13828125 0.21875
1 0.18203125 0.6515625 0.11875 0.15859375
1 0.13515625 0.5390625 0.0875 0.1375
1 0.06171875 0.540625 0.08359375 0.140625