1 0.33828125 0.1875 0.01796875 0.0375
1 0.39765625 0.1625 0.01640625 0.03984375
1 0.5734375 0.128125 0.01328125 0.0375
1 0.38984375 0.21796875 0.025 0.04765625
1 0.41328125 0.2265625 0.01875 0.04375
1 0.44453125 0.234375 0.0234375 0.03984375
1 0.5125 0.1953125 0.01640625 0.04921875
1 0.55078125 0.1921875 0.01640625 0.0515625
1 0.621875 0.265625 0.02890625 0.06328125
1 0.78515625 0.2234375 0.01953125 0.05390625
1 0.8078125 0.271875 0.0234375 0.05546875
1 0.92109375 0.2609375 0.02109375 0.0453125
1 0.940625 0.20078125 0.01796875 0.0359375