1 0.06484375 0.39765625 0.03828125 0.06875
1 0.12578125 0.40234375 0.03984375 0.06640625
1 0.1671875 0.509375 0.03828125 0.06875
1 0.21328125 0.39921875 0.03828125 0.06640625
1 0.25078125 0.509375 0.034375 0.06328125
1 0.28203125 0.40859375 0.0359375 0.05390625
1 0.32578125 0.4171875 0.0359375 0.06640625
1 0.34609375 0.509375 0.03984375 0.06875
1 0.38671875 0.41328125 0.034375 0.05703125
1 0.42734375 0.50625 0.0421875 0.06875
1 0.465625 0.41015625 0.0359375 0.06328125
1 0.51171875 0.5 0.03984375 0.075
1 0.49375 0.39921875 0.028125 0.0484375
1 0.53671875 0.41015625 0.0296875 0.06328125
1 0.56796875 0.40390625 0.03203125 0.06328125
1 0.60703125 0.51484375 0.04609375 0.08671875
1 0.6 0.39609375 0.0359375 0.06640625
1 0.66328125 0.40703125 0.03828125 0.06328125
1 0.67265625 0.503125 0.03828125 0.06875
1 0.734375 0.40546875 0.03984375 0.071875
1 0.765625 0.52109375 0.03984375 0.06875
1 0.80625 0.40078125 0.04375 0.06875
1 0.8421875 0.40546875 0.03984375 0.071875