1 0.10234375 0.528125 0.04765625 0.11015625
1 0.228125 0.259375 0.01875 0.0390625
1 0.24140625 0.26171875 0.0203125 0.046875
1 0.2609375 0.2484375 0.01875 0.046875
1 0.315625 0.240625 0.0203125 0.04375
1 0.3140625 0.20390625 0.02421875 0.0453125
1 0.3421875 0.234375 0.0234375 0.05
1 0.35390625 0.2140625 0.01875 0.0515625
1 0.3796875 0.25703125 0.01953125 0.04375
1 0.37265625 0.19609375 0.0171875 0.0421875
1 0.40625 0.2375 0.0203125 0.040625
1 0.4171875 0.17421875 0.0140625 0.0375
1 0.4375 0.1890625 0.015625 0.04375
1 0.43828125 0.2984375 0.02265625 0.05859375
1 0.4828125 0.2328125 0.0203125 0.053125
1 0.45703125 0.1671875 0.0140625 0.0359375
1 0.46953125 0.159375 0.01640625 0.046875
1 0.4796875 0.17109375 0.0203125 0.04375
1 0.4953125 0.14921875 0.015625 0.0390625
1 0.5046875 0.20234375 0.015625 0.0390625
1 0.5578125 0.21796875 0.0171875 0.0375
1 0.5234375 0.1625 0.0171875 0.05
1 0.53984375 0.1640625 0.0140625 0.0421875
1 0.559375 0.13671875 0.01484375 0.03046875
1 0.5578125 0.1625 0.0171875 0.0375
1 0.58046875 0.196875 0.015625 0.040625
1 0.57890625 0.1375 0.01484375 0.03203125
1 0.5875 0.16875 0.01328125 0.0359375
1 0.603125 0.12578125 0.0140625 0.034375
1 0.6078125 0.14453125 0.015625 0.02890625
1 0.61328125 0.178125 0.0125 0.0390625
1 0.6265625 0.19609375 0.01640625 0.0421875
1 0.63671875 0.1234375 0.0140625 0.0359375
1 0.65625 0.15078125 0.01484375 0.0390625
1 0.66328125 0.134375 0.01484375 0.02890625
1 0.6625 0.17890625 0.0140625 0.03046875
1 0.68984375 0.159375 0.0140625 0.040625
1 0.69453125 0.13671875 0.01171875 0.034375
1 0.715625 0.15078125 0.01328125 0.0359375
1 0.70546875 0.2125 0.01640625 0.0421875
1 0.665625 0.2359375 0.021875 0.06015625
1 0.61875 0.28828125 0.02734375 0.05859375
1 0.60234375 0.36484375 0.028125 0.06796875
1 0.575 0.33125 0.0234375 0.05703125
1 0.65859375 0.38828125 0.02734375 0.06328125
1 0.73125 0.38359375 0.025 0.06328125
1 0.72578125 0.259375 0.02265625 0.05546875
1 0.74765625 0.225 0.0171875 0.0453125
1 0.76328125 0.1984375 0.015625 0.0375
1 0.7796875 0.19765625 0.0140625 0.0390625
1 0.790625 0.16953125 0.01875 0.040625
1 0.8140625 0.1890625 0.015625 0.040625
1 0.82578125 0.22265625 0.0203125 0.04375
1 0.8 0.24375 0.01640625 0.05
1 0.76875 0.278125 0.0203125 0.04375
1 0.81796875 0.30390625 0.02265625 0.05703125
1 0.803125 0.44609375 0.034375 0.07421875
1 0.86484375 0.4859375 0.03046875 0.08125
1 0.8796875 0.4078125 0.02578125 0.06953125
1 0.865625 0.33125 0.02109375 0.05
1 0.87578125 0.23125 0.01171875 0.04375
1 0.903125 0.221875 0.01328125 0.0359375
1 0.89765625 0.278125 0.01640625 0.04375
1 0.903125 0.25625 0.015625 0.0390625
1 0.93671875 0.26484375 0.01640625 0.04375
1 0.95625 0.246875 0.0140625 0.040625
1 0.92578125 0.33828125 0.01875 0.053125
1 0.9484375 0.37109375 0.02265625 0.07109375
1 0.9484375 0.4359375 0.02890625 0.078125
1 0.9796875 0.35703125 0.0203125 0.06015625
1 0.96953125 0.30546875 0.01484375 0.05
1 0.9796875 0.30390625 0.0140625 0.0375
1 0.990625 0.25703125 0.01171875 0.040625