1 0.05546875 0.6953125 0.0609375 0.09609375
1 0.02265625 0.7234375 0.04296875 0.0953125
1 0.0328125 0.646875 0.0578125 0.07265625
1 0.42890625 0.64296875 0.06328125 0.09140625
1 0.53359375 0.4421875 0.0671875 0.09765625
1 0.4890625 0.68984375 0.0515625 0.09375
1 0.52734375 0.7125 0.0640625 0.09140625
1 0.5734375 0.7546875 0.0875 0.115625
1 0.63984375 0.68828125 0.0640625 0.0953125
1 0.58828125 0.65625 0.0578125 0.08046875
1 0.7375 0.790625 0.11875 0.15859375
1 0.76640625 0.68828125 0.06328125 0.1078125
1 0.8375 0.75625 0.084375 0.15234375
1 0.9390625 0.65 0.05859375 0.0921875
1 0.95546875 0.89609375 0.0890625 0.19296875