1 0.5484375 0.19921875 0.0265625 0.05703125
1 0.6109375 0.24921875 0.02421875 0.06640625
1 0.690625 0.29140625 0.03828125 0.08828125
1 0.51171875 0.171875 0.021875 0.04921875
1 0.4671875 0.19921875 0.02265625 0.05703125
1 0.409375 0.17265625 0.021875 0.0546875
1 0.41171875 0.228125 0.0265625 0.05703125
1 0.37734375 0.20703125 0.01875 0.04921875
1 0.346875 0.19921875 0.01875 0.04921875
1 0.29609375 0.21640625 0.02109375 0.04921875
1 0.2609375 0.21953125 0.01953125 0.0390625
1 0.30703125 0.215625 0.015625 0.0390625
1 0.33203125 0.203125 0.021875 0.053125