1 0.0734375 0.4203125 0.03984375 0.06875
1 0.290625 0.2828125 0.0234375 0.03828125
1 0.31875 0.2796875 0.01796875 0.03828125
1 0.3421875 0.26875 0.01796875 0.0359375
1 0.36015625 0.28671875 0.021875 0.04375
1 0.3921875 0.2921875 0.0234375 0.05
1 0.30703125 0.23828125 0.01484375 0.034375
1 0.33671875 0.228125 0.0171875 0.03203125
1 0.365625 0.221875 0.01875 0.0359375
1 0.375 0.2375 0.01875 0.03828125
1 0.40625 0.22734375 0.015625 0.03828125
1 0.4390625 0.22421875 0.0171875 0.03984375
1 0.4109375 0.19921875 0.01796875 0.0375
1 0.425 0.19140625 0.0140625 0.0328125
1 0.446875 0.203125 0.015625 0.034375
1 0.44921875 0.178125 0.0125 0.03046875
1 0.45 0.15234375 0.0125 0.02890625
1 0.46796875 0.15859375 0.0140625 0.03046875
1 0.4953125 0.19921875 0.01796875 0.0375
1 0.50078125 0.22890625 0.01875 0.046875
1 0.5046875 0.13828125 0.0125 0.0234375
1 0.50234375 0.15703125 0.01171875 0.025
1 0.50859375 0.17890625 0.01484375 0.034375
1 0.5234375 0.16328125 0.01484375 0.03203125
1 0.52734375 0.14609375 0.01328125 0.025
1 0.54140625 0.17890625 0.0171875 0.0375
1 0.5578125 0.1515625 0.01484375 0.0359375
1 0.5609375 0.13203125 0.0125 0.021875
1 0.58046875 0.13203125 0.0140625 0.03203125
1 0.5953125 0.10703125 0.0125 0.0265625
1 0.584375 0.12265625 0.0140625 0.025
1 0.5890625 0.1484375 0.01484375 0.03203125
1 0.584375 0.1734375 0.01796875 0.0359375
1 0.61328125 0.11640625 0.01484375 0.0265625
1 0.6109375 0.1421875 0.0140625 0.02734375
1 0.6265625 0.15 0.01328125 0.03046875
1 0.64765625 0.09921875 0.0125 0.025
1 0.66015625 0.1203125 0.0109375 0.025
1 0.6765625 0.12421875 0.0109375 0.02734375
1 0.69296875 0.115625 0.01328125 0.02734375
1 0.65078125 0.13828125 0.01328125 0.03203125
1 0.6453125 0.125 0.0140625 0.0265625
1 0.62734375 0.203125 0.01640625 0.03984375
1 0.6484375 0.225 0.01875 0.04140625
1 0.60859375 0.2515625 0.0234375 0.0484375
1 0.56875 0.25859375 0.02421875 0.05078125
1 0.54140625 0.2921875 0.03046875 0.05546875
1 0.6078125 0.3328125 0.0328125 0.06484375
1 0.67109375 0.27265625 0.025 0.05625
1 0.68359375 0.196875 0.01796875 0.04296875
1 0.7125 0.22265625 0.02109375 0.0453125
1 0.72265625 0.1875 0.0171875 0.04140625
1 0.70859375 0.1515625 0.0125 0.03046875
1 0.71484375 0.18046875 0.01640625 0.0328125
1 0.76015625 0.178125 0.01484375 0.0359375
1 0.74296875 0.14453125 0.01484375 0.0359375
1 0.78203125 0.13203125 0.0125 0.0265625
1 0.80546875 0.134375 0.0125 0.02890625
1 0.83671875 0.13671875 0.01328125 0.03046875
1 0.8703125 0.14296875 0.01171875 0.02890625
1 0.903125 0.146875 0.01328125 0.034375
1 0.90546875 0.15625 0.01484375 0.034375
1 0.93125 0.16171875 0.01328125 0.034375
1 0.8640625 0.15625 0.01484375 0.0328125
1 0.8515625 0.1734375 0.015625 0.034375
1 0.83203125 0.15625 0.0125 0.03203125
1 0.89140625 0.19296875 0.0171875 0.0359375
1 0.92734375 0.2125 0.01484375 0.05
1 0.921875 0.24765625 0.02109375 0.04296875
1 0.87421875 0.22578125 0.0203125 0.0484375
1 0.8453125 0.19140625 0.01328125 0.03203125
1 0.815625 0.15625 0.01640625 0.0328125
1 0.78125 0.165625 0.01484375 0.0359375
1 0.8046875 0.1828125 0.015625 0.0375
1 0.821875 0.21796875 0.01875 0.04375
1 0.8265625 0.24375 0.01875 0.0453125
1 0.87421875 0.26796875 0.01796875 0.0453125
1 0.74609375 0.25390625 0.025 0.04375
1 0.77578125 0.3078125 0.02578125 0.05234375
1 0.8375 0.328125 0.03046875 0.06875
1 0.89765625 0.34375 0.02265625 0.059375
1 0.80546875 0.4046875 0.040625 0.07578125
1 0.89453125 0.440625 0.03359375 0.07578125
1 0.91953125 0.2828125 0.02109375 0.05