1 0.0625 0.39765625 0.0359375 0.06328125
1 0.2546875 0.28203125 0.0296875 0.0453125
1 0.29453125 0.26640625 0.021875 0.0515625
1 0.3453125 0.26328125 0.0203125 0.03828125
1 0.34765625 0.22109375 0.0234375 0.04375
1 0.3125 0.2234375 0.015625 0.028125
1 0.403125 0.29296875 0.021875 0.05
1 0.48046875 0.3046875 0.03125 0.046875
1 0.56484375 0.29375 0.03203125 0.0515625
1 0.5890625 0.37578125 0.02421875 0.06484375
1 0.67734375 0.334375 0.0296875 0.05
1 0.71953125 0.29453125 0.025 0.05
1 0.78359375 0.2953125 0.02734375 0.0515625
1 0.775 0.2140625 0.0265625 0.053125
1 0.74921875 0.1828125 0.01875 0.025
1 0.70859375 0.22734375 0.01875 0.03046875
1 0.6609375 0.2546875 0.0296875 0.05546875
1 0.6234375 0.19453125 0.0171875 0.028125
1 0.66171875 0.21015625 0.01875 0.028125
1 0.65703125 0.1796875 0.02265625 0.03203125
1 0.5765625 0.25078125 0.0296875 0.03671875
1 0.48671875 0.22421875 0.02734375 0.0234375
1 0.45859375 0.221875 0.01796875 0.021875
1 0.43046875 0.21796875 0.01953125 0.028125
1 0.38984375 0.22265625 0.01484375 0.0265625
1 0.371875 0.215625 0.01796875 0.0234375
1 0.41484375 0.1796875 0.01875 0.03203125
1 0.45390625 0.16875 0.0125 0.0234375
1 0.46875 0.190625 0.0171875 0.03046875
1 0.5046875 0.19296875 0.01484375 0.03203125
1 0.55 0.2 0.01796875 0.0421875
1 0.54375 0.1640625 0.021875 0.03359375
1 0.57578125 0.16796875 0.01484375 0.03828125
1 0.5671875 0.1125 0.0171875 0.025
1 0.61953125 0.140625 0.01875 0.0265625
1 0.70546875 0.09921875 0.0140625 0.03203125
1 0.68203125 0.1546875 0.0203125 0.03203125
1 0.70390625 0.18203125 0.0203125 0.03984375
1 0.59609375 0.0984375 0.0125 0.0234375
1 0.62421875 0.1 0.0109375 0.0203125
1 0.6421875 0.10546875 0.0140625 0.03046875
1 0.7984375 0.17578125 0.0171875 0.03046875
1 0.834375 0.1421875 0.01015625 0.03671875
1 0.81328125 0.1234375 0.0125 0.0203125
1 0.7984375 0.1328125 0.015625 0.025
1 0.74453125 0.14140625 0.01328125 0.03203125
1 0.76484375 0.15625 0.01796875 0.028125
1 0.77421875 0.1265625 0.00859375 0.03203125
1 0.78515625 0.12578125 0.01015625 0.03359375
1 0.740625 0.11484375 0.0109375 0.021875
1 0.7546875 0.11171875 0.01328125 0.03359375
1 0.71015625 0.1390625 0.01796875 0.03046875
1 0.653125 0.11484375 0.00859375 0.03203125
1 0.47734375 0.165625 0.0171875 0.0265625
1 0.81171875 0.16484375 0.01328125 0.028125
1 0.8515625 0.18359375 0.01796875 0.03671875
1 0.87109375 0.2296875 0.01484375 0.03203125
1 0.8890625 0.20234375 0.0125 0.0265625
1 0.8953125 0.16953125 0.015625 0.028125
1 0.85390625 0.1515625 0.01484375 0.03203125
1 0.8953125 0.13125 0.009375 0.028125
1 0.93046875 0.1578125 0.01484375 0.028125
1 0.92578125 0.19375 0.0125 0.03671875
1 0.67265625 0.12109375 0.0109375 0.025
1 0.871875 0.13046875 0.01328125 0.03046875
1 0.87265625 0.1734375 0.01875 0.0421875