1 0.0171875 0.56640625 0.03359375 0.08828125
1 0.0609375 0.5765625 0.0625 0.1125
1 0.13828125 0.6125 0.075 0.10234375
1 0.1703125 0.5390625 0.05546875 0.08046875
1 0.28359375 0.5265625 0.04140625 0.07421875
1 0.32578125 0.571875 0.04375 0.09453125
1 0.290625 0.61328125 0.046875 0.0734375
1 0.3828125 0.53828125 0.03359375 0.0578125
1 0.4203125 0.5109375 0.03125 0.06640625
1 0.44453125 0.55390625 0.0375 0.0703125
1 0.46875 0.6703125 0.08203125 0.1421875
1 0.47578125 0.5109375 0.03125 0.0546875
1 0.5046875 0.5390625 0.0265625 0.0453125
1 0.50859375 0.49375 0.021875 0.059375
1 0.53359375 0.52109375 0.0296875 0.0578125
1 0.55234375 0.4890625 0.01875 0.0546875
1 0.56953125 0.50078125 0.021875 0.059375
1 0.5984375 0.503125 0.028125 0.0578125
1 0.621875 0.5078125 0.0359375 0.059375
1 0.61484375 0.52890625 0.02421875 0.0390625
1 0.603125 0.58046875 0.0578125 0.096875
1 0.65625 0.70859375 0.096875 0.2078125
1 0.66171875 0.56796875 0.04375 0.08125
1 0.66640625 0.51328125 0.02421875 0.0421875
1 0.69453125 0.5 0.02734375 0.0546875
1 0.7171875 0.50390625 0.028125 0.06171875
1 0.76015625 0.60625 0.06484375 0.115625
1 0.7421875 0.540625 0.034375 0.06640625
1 0.7453125 0.453125 0.02890625 0.05625
1 0.7703125 0.521875 0.03671875 0.06484375
1 0.81015625 0.5265625 0.028125 0.0546875
1 0.82890625 0.49765625 0.0203125 0.0421875
1 0.83984375 0.55546875 0.0375 0.07890625
1 0.8640625 0.55703125 0.03359375 0.06484375
1 0.878125 0.49296875 0.028125 0.05234375
1 0.91875 0.50859375 0.02890625 0.06015625
1 0.93046875 0.6390625 0.065625 0.1140625
1 0.92578125 0.80625 0.121875 0.2359375
1 0.975 0.5109375 0.03046875 0.05078125
1 0.96171875 0.5625 0.0421875 0.0703125