1 0.0359375 0.62265625 0.0640625 0.13671875
1 0.03125 0.48359375 0.0421875 0.0828125
1 0.128125 0.48046875 0.03984375 0.07578125
1 0.15625 0.44609375 0.03203125 0.07890625
1 0.21796875 0.52890625 0.05234375 0.08671875
1 0.17265625 0.70859375 0.09375 0.15859375
1 0.24296875 0.4625 0.0421875 0.0828125
1 0.25078125 0.40859375 0.034375 0.06796875
1 0.31328125 0.4421875 0.034375 0.0578125
1 0.33125 0.4171875 0.02578125 0.0578125
1 0.30390625 0.56640625 0.05234375 0.11171875
1 0.32890625 0.51796875 0.04609375 0.08671875
1 0.4359375 0.5484375 0.05625 0.08984375
1 0.39609375 0.46953125 0.0359375 0.06796875
1 0.39765625 0.4171875 0.03203125 0.05
1 0.4359375 0.41015625 0.02421875 0.05
1 0.453125 0.4390625 0.0296875 0.06484375
1 0.49921875 0.4640625 0.03828125 0.071875
1 0.47734375 0.40625 0.021875 0.05
1 0.4890625 0.39765625 0.0296875 0.05390625
1 0.54609375 0.41328125 0.02421875 0.0578125
1 0.5640625 0.42265625 0.02421875 0.046875
1 0.5703125 0.46015625 0.0359375 0.06484375
1 0.59296875 0.55390625 0.05 0.10078125
1 0.484375 0.64921875 0.071875 0.1328125
1 0.6109375 0.490625 0.034375 0.0609375
1 0.61484375 0.4265625 0.0296875 0.0609375
1 0.66328125 0.4421875 0.02578125 0.0578125
1 0.6796875 0.465625 0.028125 0.06796875
1 0.69375 0.4390625 0.028125 0.06484375
1 0.72890625 0.53984375 0.0421875 0.09375
1 0.7671875 0.49453125 0.0421875 0.0828125
1 0.74921875 0.44765625 0.03828125 0.07578125
1 0.79609375 0.4421875 0.03203125 0.0578125
1 0.853125 0.465625 0.0296875 0.06796875
1 0.8921875 0.4625 0.028125 0.06796875
1 0.915625 0.22109375 0.05234375 0.11171875