1 0.11171875 0.43359375 0.046875 0.07265625
1 0.14296875 0.409375 0.0296875 0.075
1 0.1671875 0.475 0.0453125 0.08515625
1 0.21328125 0.51640625 0.05 0.0828125
1 0.20390625 0.4296875 0.04140625 0.0703125
1 0.23671875 0.4296875 0.03359375 0.06015625
1 0.278125 0.425 0.03359375 0.06015625
1 0.3078125 0.40546875 0.03203125 0.07265625
1 0.28984375 0.5 0.046875 0.075
1 0.3390625 0.4953125 0.03828125 0.0703125
1 0.35 0.41328125 0.0296875 0.0625
1 0.384375 0.4296875 0.03828125 0.065625
1 0.4109375 0.59296875 0.0546875 0.090625
1 0.45390625 0.46484375 0.03515625 0.0703125
1 0.43984375 0.384375 0.03671875 0.0703125
1 0.48671875 0.41171875 0.03359375 0.0703125
1 0.51171875 0.44375 0.03359375 0.07265625
1 0.5484375 0.4421875 0.03359375 0.0703125
1 0.590625 0.52890625 0.03828125 0.078125
1 0.58046875 0.44453125 0.03203125 0.075
1 0.61640625 0.41328125 0.03671875 0.0625
1 0.6546875 0.4890625 0.03671875 0.07265625
1 0.66484375 0.43828125 0.03359375 0.0625
1 0.69453125 0.43125 0.028125 0.0578125
1 0.69296875 0.4921875 0.0296875 0.0703125
1 0.72578125 0.5046875 0.03203125 0.0703125
1 0.765625 0.4890625 0.03828125 0.078125
1 0.75 0.428125 0.03359375 0.0625
1 0.76953125 0.41171875 0.025 0.06015625
1 0.81328125 0.42109375 0.03359375 0.0625
1 0.8234375 0.5203125 0.03984375 0.08515625
1 0.8703125 0.48515625 0.03984375 0.0703125
1 0.85390625 0.41171875 0.03203125 0.06015625
1 0.9 0.44453125 0.03359375 0.075
1 0.925 0.446875 0.0296875 0.0703125
1 0.95 0.46875 0.03984375 0.0578125