1 0.02890625 0.44765625 0.05546875 0.11640625
1 0.16953125 0.44921875 0.06015625 0.09609375
1 0.20078125 0.4046875 0.03203125 0.0625
1 0.23515625 0.43359375 0.03359375 0.04921875
1 0.26875 0.42578125 0.03125 0.04921875
1 0.303125 0.409375 0.021875 0.04375
1 0.31484375 0.49765625 0.0875 0.1234375
1 0.3359375 0.43984375 0.0390625 0.04765625
1 0.3390625 0.4046875 0.02578125 0.03515625
1 0.35625 0.40703125 0.0203125 0.028125
1 0.38984375 0.45234375 0.06875 0.1046875
1 0.42265625 0.42421875 0.0234375 0.04453125
1 0.44765625 0.428125 0.0421875 0.0609375
1 0.4875 0.41953125 0.03203125 0.059375
1 0.51640625 0.43046875 0.03046875 0.0484375
1 0.5359375 0.4171875 0.02890625 0.0421875
1 0.7421875 0.3 0.06015625 0.0953125