1 0.03671875 0.38046875 0.028125 0.05078125
1 0.27265625 0.284375 0.0171875 0.03046875
1 0.31953125 0.25625 0.01484375 0.03046875
1 0.33828125 0.28984375 0.01796875 0.0328125
1 0.36796875 0.21875 0.01328125 0.0328125
1 0.38828125 0.21953125 0.01328125 0.034375
1 0.428125 0.27109375 0.01953125 0.040625
1 0.40390625 0.17421875 0.01015625 0.02265625
1 0.45078125 0.14921875 0.01171875 0.02890625
1 0.4796875 0.22890625 0.01484375 0.0328125
1 0.4828125 0.30234375 0.021875 0.04921875
1 0.55625 0.29609375 0.02265625 0.040625
1 0.6 0.33984375 0.02421875 0.059375
1 0.6703125 0.36015625 0.02578125 0.059375
1 0.6109375 0.25234375 0.02265625 0.04296875
1 0.61953125 0.19453125 0.021875 0.03046875
1 0.6109375 0.15 0.015625 0.02265625
1 0.56953125 0.1671875 0.01171875 0.0328125
1 0.50546875 0.19765625 0.0125 0.02890625
1 0.52578125 0.20234375 0.0171875 0.02890625
1 0.47578125 0.16875 0.01484375 0.02265625
1 0.48828125 0.13359375 0.01328125 0.02265625
1 0.42109375 0.22265625 0.01328125 0.0203125
1 0.43984375 0.2296875 0.0171875 0.034375
1 0.528125 0.14453125 0.01328125 0.0328125
1 0.55859375 0.11953125 0.009375 0.01875
1 0.6578125 0.27578125 0.02578125 0.04453125
1 0.7109375 0.3 0.02265625 0.04921875
1 0.77421875 0.30546875 0.02265625 0.05546875
1 0.74765625 0.22421875 0.01953125 0.040625
1 0.81015625 0.2375 0.0171875 0.04296875
1 0.86015625 0.2171875 0.015625 0.034375
1 0.915625 0.28984375 0.0171875 0.04921875
1 0.91875 0.19453125 0.0171875 0.03046875
1 0.93125 0.17734375 0.0125 0.02421875
1 0.884375 0.13671875 0.015625 0.02890625
1 0.86171875 0.13046875 0.0171875 0.0203125
1 0.8640625 0.15625 0.015625 0.0265625
1 0.88046875 0.19296875 0.01484375 0.034375
1 0.84453125 0.1625 0.01796875 0.03046875
1 0.8015625 0.18125 0.01328125 0.040625
1 0.75703125 0.16953125 0.01796875 0.02890625
1 0.7359375 0.1890625 0.02578125 0.03046875
1 0.69375 0.2296875 0.01796875 0.046875
1 0.65859375 0.21640625 0.02734375 0.03671875
1 0.6796875 0.14921875 0.0171875 0.02890625
1 0.696875 0.18359375 0.01796875 0.0328125
1 0.73671875 0.14765625 0.01328125 0.02265625
1 0.759375 0.13125 0.01328125 0.02265625
1 0.7765625 0.12578125 0.01171875 0.0265625
1 0.79375 0.134375 0.01015625 0.02890625
1 0.74609375 0.1203125 0.01171875 0.0203125
1 0.7234375 0.1359375 0.01484375 0.03046875
1 0.6859375 0.10703125 0.0125 0.03046875
1 0.64609375 0.1078125 0.01484375 0.02890625
1 0.584375 0.103125 0.009375 0.0140625
1 0.815625 0.17109375 0.01015625 0.02890625
1 0.83046875 0.14609375 0.01015625 0.03046875
1 0.546875 0.15625 0.01796875 0.0390625
1 0.70234375 0.15078125 0.0125 0.02890625