1 0.0828125 0.503125 0.04453125 0.1
1 0.290625 0.26640625 0.02109375 0.040625
1 0.31953125 0.21796875 0.0140625 0.03515625
1 0.33359375 0.2296875 0.015625 0.03359375
1 0.340625 0.25625 0.01875 0.03515625
1 0.346875 0.30078125 0.02265625 0.04453125
1 0.35 0.228125 0.01640625 0.0359375
1 0.3625 0.25546875 0.01875 0.0375
1 0.37421875 0.23515625 0.0203125 0.04140625
1 0.38984375 0.2859375 0.0234375 0.0515625
1 0.39765625 0.22265625 0.0203125 0.0390625
1 0.4234375 0.225 0.02109375 0.04609375
1 0.41171875 0.20234375 0.015625 0.02890625
1 0.42109375 0.18203125 0.0140625 0.03046875
1 0.4453125 0.20390625 0.01875 0.0375
1 0.4796875 0.22265625 0.02265625 0.04453125
1 0.48828125 0.19453125 0.01640625 0.0359375
1 0.46875 0.17421875 0.01328125 0.03046875
1 0.4671875 0.14609375 0.01328125 0.028125
1 0.4828125 0.146875 0.01484375 0.0265625
1 0.5015625 0.1484375 0.01328125 0.03359375
1 0.51953125 0.1625 0.01328125 0.03046875
1 0.51875 0.12890625 0.01484375 0.0265625
1 0.53828125 0.13359375 0.01640625 0.03046875
1 0.53984375 0.17421875 0.01875 0.0390625
1 0.5625 0.18515625 0.0203125 0.03359375
1 0.5578125 0.1375 0.015625 0.03046875
1 0.56171875 0.1171875 0.01171875 0.0234375
1 0.58125 0.1296875 0.015625 0.028125
1 0.57578125 0.15234375 0.01875 0.03203125
1 0.58984375 0.1109375 0.01171875 0.03046875
1 0.61171875 0.1140625 0.009375 0.01640625
1 0.61484375 0.1421875 0.015625 0.02890625
1 0.63203125 0.1296875 0.015625 0.03515625
1 0.653125 0.13203125 0.0140625 0.03359375
1 0.6671875 0.1296875 0.0125 0.03203125
1 0.6546875 0.0984375 0.01171875 0.025
1 0.6609375 0.109375 0.01328125 0.02109375
1 0.6984375 0.11015625 0.01328125 0.025
1 0.5578125 0.2390625 0.02578125 0.04453125
1 0.5453125 0.28984375 0.03046875 0.05390625
1 0.60234375 0.3328125 0.034375 0.0625
1 0.60546875 0.24375 0.02578125 0.05390625
1 0.61640625 0.21328125 0.0203125 0.04296875
1 0.66328125 0.25859375 0.0296875 0.053125
1 0.665625 0.2125 0.02265625 0.04140625
1 0.68125 0.19921875 0.021875 0.04140625
1 0.71015625 0.2171875 0.0234375 0.053125
1 0.72578125 0.18671875 0.01953125 0.040625
1 0.7421875 0.2359375 0.021875 0.06015625
1 0.75703125 0.171875 0.021875 0.04609375
1 0.74609375 0.13671875 0.01484375 0.0375
1 0.7171875 0.14453125 0.0140625 0.03359375
1 0.7328125 0.15 0.01484375 0.028125
1 0.76015625 0.121875 0.0140625 0.0265625
1 0.79765625 0.14921875 0.0171875 0.02890625
1 0.80625 0.11875 0.0109375 0.02890625
1 0.81640625 0.14453125 0.01328125 0.03359375
1 0.834375 0.12890625 0.01328125 0.02890625
1 0.85234375 0.16328125 0.01640625 0.03515625
1 0.865625 0.146875 0.01875 0.03515625
1 0.8765625 0.13359375 0.01171875 0.03359375
1 0.83203125 0.2109375 0.02265625 0.04609375
1 0.8609375 0.2234375 0.01640625 0.0484375
1 0.8578125 0.26875 0.02578125 0.04609375
1 0.80859375 0.25703125 0.0234375 0.04453125
1 0.76484375 0.22734375 0.0234375 0.0375
1 0.79609375 0.28046875 0.02578125 0.05390625
1 0.82734375 0.309375 0.0265625 0.06015625
1 0.83984375 0.396875 0.0375 0.08203125
1 0.8953125 0.45078125 0.04375 0.08046875
1 0.8484375 0.35390625 0.03359375 0.0625
1 0.92109375 0.30078125 0.02578125 0.053125
1 0.9046875 0.21875 0.01875 0.04296875
1 0.89296875 0.18671875 0.0140625 0.03203125
1 0.8984375 0.15859375 0.0140625 0.028125
1 0.903125 0.1359375 0.01328125 0.03046875
1 0.940625 0.1515625 0.0125 0.028125
1 0.9375 0.17421875 0.01171875 0.03046875
1 0.93671875 0.22109375 0.01953125 0.04453125