1 0.0359375 0.3953125 0.06796875 0.14921875
1 0.02734375 0.30546875 0.05 0.08359375
1 0.13671875 0.31328125 0.034375 0.0765625
1 0.15390625 0.3625 0.05234375 0.09140625
1 0.2296875 0.32265625 0.0359375 0.0875
1 0.290625 0.3703125 0.0578125 0.11484375
1 0.31484375 0.3109375 0.034375 0.0875
1 0.3703125 0.41953125 0.0921875 0.20625
1 0.3828125 0.303125 0.02578125 0.05703125
1 0.415625 0.31484375 0.0359375 0.0875
1 0.45234375 0.31875 0.04765625 0.103125
1 0.52890625 0.3546875 0.0703125 0.16015625
1 0.57421875 0.33359375 0.0359375 0.0875
1 0.58515625 0.3015625 0.02578125 0.0609375
1 0.6703125 0.36796875 0.0640625 0.13359375
1 0.775 0.4984375 0.11796875 0.32421875
1 0.7390625 0.3265625 0.0296875 0.0875
1 0.784375 0.35703125 0.03984375 0.08046875
1 0.82578125 0.34140625 0.0359375 0.0875
1 0.865625 0.3265625 0.03203125 0.08046875
1 0.8921875 0.33984375 0.02421875 0.0609375
1 0.92578125 0.41015625 0.071875 0.14140625
1 0.9609375 0.34375 0.04609375 0.11484375