1 0.22578125 0.44296875 0.05625 0.09296875
1 0.23046875 0.38828125 0.03203125 0.06484375
1 0.2578125 0.37109375 0.02578125 0.0609375
1 0.16953125 0.40078125 0.03984375 0.07578125
1 0.17734375 0.3765625 0.03203125 0.06484375
1 0.14921875 0.3546875 0.028125 0.04296875
1 0.1078125 0.396875 0.04921875 0.071875
1 0.12109375 0.34140625 0.03125 0.05
1 0.07421875 0.3453125 0.028125 0.05
1 0.04921875 0.36796875 0.034375 0.0609375
1 0.04765625 0.3140625 0.02578125 0.04609375
1 0.02109375 0.31875 0.02578125 0.0484375
1 0.00859375 0.3484375 0.01484375 0.0515625
1 0.09609375 0.309375 0.02421875 0.040625
1 0.078125 0.315625 0.025 0.04296875
1 0.18359375 0.33671875 0.028125 0.05546875
1 0.196875 0.33984375 0.02109375 0.04296875
1 0.21640625 0.33828125 0.02109375 0.03515625
1 0.23828125 0.34140625 0.021875 0.03515625
1 0.28203125 0.334375 0.01796875 0.04296875
1 0.31328125 0.36796875 0.028125 0.05390625
1 0.33046875 0.40546875 0.03203125 0.0703125
1 0.3421875 0.36328125 0.021875 0.059375
1 0.38125 0.440625 0.04609375 0.09609375
1 0.396875 0.38203125 0.02890625 0.06875
1 0.43046875 0.42890625 0.0375 0.08359375
1 0.48203125 0.428125 0.03828125 0.0703125
1 0.47109375 0.38671875 0.03046875 0.06640625
1 0.49921875 0.3765625 0.021875 0.04296875
1 0.48671875 0.346875 0.02109375 0.04296875
1 0.42734375 0.3640625 0.02109375 0.04609375
1 0.37890625 0.36796875 0.025 0.04609375
1 0.371875 0.34453125 0.01640625 0.0296875
1 0.36171875 0.33671875 0.015625 0.03359375
1 0.57109375 0.4390625 0.03515625 0.0703125
1 0.5671875 0.378125 0.028125 0.0515625
1 0.61953125 0.390625 0.01953125 0.0484375
1 0.65078125 0.415625 0.02734375 0.05390625
1 0.6859375 0.40546875 0.02578125 0.059375
1 0.68984375 0.32890625 0.01875 0.04609375
1 0.90390625 0.27109375 0.06796875 0.11328125