1 0.09921875 0.52578125 0.0453125 0.0703125
1 0.153125 0.50859375 0.04453125 0.0640625
1 0.2296875 0.53046875 0.034375 0.0546875
1 0.24375 0.51953125 0.028125 0.0421875
1 0.34609375 0.521875 0.03125 0.05
1 0.3984375 0.5203125 0.02421875 0.04765625
1 0.440625 0.51953125 0.03203125 0.05234375
1 0.46875 0.525 0.0234375 0.04140625
1 0.4828125 0.51640625 0.02578125 0.04375
1 0.52578125 0.52265625 0.02421875 0.03515625
1 0.5609375 0.528125 0.021875 0.0328125
1 0.5734375 0.52109375 0.0171875 0.03359375
1 0.6125 0.53125 0.0265625 0.03046875
1 0.61953125 0.51328125 0.0171875 0.0328125
1 0.64765625 0.53203125 0.0203125 0.02890625
1 0.67890625 0.53359375 0.02578125 0.0328125
1 0.72890625 0.5203125 0.01875 0.03046875
1 0.75390625 0.525 0.01796875 0.03359375
1 0.78984375 0.53203125 0.02421875 0.03671875
1 0.8484375 0.5203125 0.0203125 0.03359375
1 0.88671875 0.52265625 0.02734375 0.03515625
1 0.92265625 0.52265625 0.01875 0.03125
1 0.93984375 0.521875 0.01328125 0.02265625
1 0.7953125 0.528125 0.015625 0.02265625