1 0.84765625 0.4390625 0.03203125 0.03984375
1 0.69375 0.4515625 0.0390625 0.0546875
1 0.71953125 0.446875 0.0296875 0.04765625
1 0.64453125 0.465625 0.03359375 0.04921875
1 0.6125 0.44453125 0.03359375 0.0421875
1 0.571875 0.425 0.0265625 0.04140625
1 0.5296875 0.42734375 0.02734375 0.03671875
1 0.50078125 0.446875 0.03046875 0.028125
1 0.434375 0.465625 0.03359375 0.03984375
1 0.403125 0.4234375 0.03359375 0.03359375
1 0.36640625 0.446875 0.02421875 0.0390625
1 0.34765625 0.4203125 0.03046875 0.03671875
1 0.29140625 0.4296875 0.03203125 0.0453125
1 0.25078125 0.4453125 0.034375 0.05078125
1 0.21015625 0.48515625 0.0609375 0.0875
1 0.22109375 0.41484375 0.03203125 0.034375
1 0.2265625 0.43203125 0.025 0.03359375
1 0.171875 0.43125 0.03828125 0.05078125
1 0.13671875 0.45703125 0.0375 0.05546875
1 0.109375 0.49453125 0.0515625 0.0640625
1 0.1 0.44140625 0.03359375 0.04921875