1 0.075 0.4484375 0.046875 0.075
1 0.08515625 0.4234375 0.04296875 0.0703125
1 0.16015625 0.4421875 0.03984375 0.0625
1 0.1234375 0.5046875 0.05 0.09296875
1 0.16328125 0.38984375 0.03984375 0.05234375
1 0.25546875 0.4171875 0.03203125 0.05234375
1 0.35703125 0.42265625 0.03359375 0.05234375
1 0.47890625 0.43515625 0.03203125 0.04765625
1 0.5109375 0.41015625 0.028125 0.04765625
1 0.4796875 0.36953125 0.0296875 0.0578125
1 0.5640625 0.41875 0.025 0.0453125
1 0.58046875 0.40234375 0.03203125 0.05234375
1 0.6671875 0.3875 0.03515625 0.0625
1 0.7265625 0.43125 0.0296875 0.06015625
1 0.77734375 0.425 0.03828125 0.07265625
1 0.8265625 0.43984375 0.05 0.07734375
1 0.87890625 0.44609375 0.0515625 0.08046875
1 0.94609375 0.43125 0.071875 0.1