1 0.09296875 0.43359375 0.0578125 0.0796875
1 0.18203125 0.4953125 0.07578125 0.109375
1 0.2296875 0.4953125 0.06875 0.10390625
1 0.35703125 0.55 0.11796875 0.15390625
1 0.39296875 0.45390625 0.04453125 0.06796875
1 0.34140625 0.35078125 0.0421875 0.05625
1 0.51328125 0.48671875 0.053125 0.07421875
1 0.60234375 0.446875 0.0359375 0.059375
1 0.6640625 0.503125 0.07578125 0.09453125
1 0.6296875 0.4984375 0.0421875 0.06796875
1 0.64296875 0.4453125 0.03359375 0.05
1 0.59453125 0.8859375 0.26015625 0.228125
1 0.71015625 0.46484375 0.0640625 0.07109375
1 0.77109375 0.471875 0.06640625 0.09765625
1 0.82109375 0.46015625 0.0375 0.06796875
1 0.86875 0.48515625 0.0890625 0.13046875
1 0.965625 0.5234375 0.06875 0.1125
1 0.971875 0.475 0.05546875 0.0859375