1 0.07578125 0.653125 0.05390625 0.1265625
1 0.2171875 0.2875 0.02109375 0.0484375
1 0.2265625 0.315625 0.02421875 0.053125
1 0.27421875 0.26328125 0.01953125 0.04453125
1 0.290625 0.2671875 0.01796875 0.053125
1 0.309375 0.22578125 0.0171875 0.040625
1 0.32734375 0.2515625 0.0203125 0.05
1 0.34765625 0.23515625 0.01875 0.04609375
1 0.3625 0.21953125 0.01796875 0.04296875
1 0.3890625 0.20859375 0.015625 0.0359375
1 0.36953125 0.28359375 0.01875 0.05
1 0.39453125 0.2734375 0.01796875 0.0484375
1 0.43046875 0.2125 0.015625 0.04296875
1 0.4359375 0.1875 0.01796875 0.04296875
1 0.4359375 0.328125 0.021875 0.05703125
1 0.46953125 0.26640625 0.02109375 0.0515625
1 0.45390625 0.1859375 0.015625 0.03046875
1 0.465625 0.1875 0.01328125 0.0390625
1 0.4859375 0.17265625 0.015625 0.0359375
1 0.47890625 0.19609375 0.01796875 0.04609375
1 0.4953125 0.22734375 0.015625 0.04453125
1 0.51796875 0.1875 0.0171875 0.04609375
1 0.52578125 0.17734375 0.015625 0.0375
1 0.5546875 0.15234375 0.0125 0.0375
1 0.5578125 0.17109375 0.01640625 0.0359375
1 0.57421875 0.15703125 0.01484375 0.0390625
1 0.55234375 0.24921875 0.01875 0.04296875
1 0.5828125 0.190625 0.015625 0.0390625
1 0.6015625 0.1375 0.015625 0.0359375
1 0.60859375 0.17109375 0.015625 0.0359375
1 0.61171875 0.19609375 0.0171875 0.04609375
1 0.62109375 0.2171875 0.0171875 0.04609375
1 0.63046875 0.14921875 0.01328125 0.0375
1 0.66796875 0.14765625 0.01328125 0.0359375
1 0.6578125 0.16640625 0.01484375 0.0375
1 0.659375 0.20390625 0.01328125 0.040625
1 0.6625 0.246875 0.01875 0.05546875
1 0.69375 0.15703125 0.0125 0.0359375
1 0.6875 0.171875 0.01484375 0.04453125
1 0.7140625 0.171875 0.01484375 0.04453125
1 0.6984375 0.23671875 0.01640625 0.053125
1 0.61640625 0.321875 0.02421875 0.0625
1 0.578125 0.36640625 0.02734375 0.05546875
1 0.60703125 0.3984375 0.0234375 0.05859375
1 0.66171875 0.4328125 0.0234375 0.0640625
1 0.72421875 0.4265625 0.0265625 0.065625
1 0.725 0.28359375 0.01953125 0.053125
1 0.74453125 0.253125 0.0171875 0.04296875
1 0.75234375 0.215625 0.01640625 0.0390625
1 0.775 0.2046875 0.01484375 0.04296875
1 0.7828125 0.22890625 0.0171875 0.04453125
1 0.81015625 0.2140625 0.01484375 0.0390625
1 0.8234375 0.25078125 0.01953125 0.0375
1 0.80390625 0.27109375 0.01875 0.04609375
1 0.81875 0.3265625 0.01953125 0.05703125
1 0.753125 0.32265625 0.021875 0.05703125
1 0.8015625 0.4734375 0.03125 0.08359375
1 0.86875 0.5203125 0.028125 0.09296875
1 0.8859375 0.4359375 0.0203125 0.0765625
1 0.86953125 0.37578125 0.02109375 0.0640625
1 0.865625 0.340625 0.015625 0.05
1 0.88828125 0.32265625 0.01953125 0.04609375
1 0.875 0.2609375 0.015625 0.0375
1 0.84609375 0.23515625 0.015625 0.0390625
1 0.875 0.23671875 0.01796875 0.04609375
1 0.90234375 0.2453125 0.01484375 0.04453125
1 0.90546875 0.284375 0.0140625 0.04453125
1 0.9546875 0.2734375 0.015625 0.040625
1 0.98515625 0.29296875 0.0140625 0.04453125
1 0.98125 0.33359375 0.0140625 0.03203125
1 0.9765625 0.35625 0.01875 0.04296875
1 0.97890625 0.3984375 0.015625 0.05546875
1 0.9328125 0.29609375 0.015625 0.04609375
1 0.92890625 0.35703125 0.01640625 0.05546875
1 0.95 0.415625 0.01953125 0.07109375
1 0.96171875 0.4828125 0.0234375 0.08203125