1 0.18203125 0.27734375 0.02109375 0.04140625
1 0.23203125 0.23671875 0.0171875 0.03671875
1 0.325 0.22890625 0.01484375 0.03203125
1 0.309375 0.23203125 0.01484375 0.0265625
1 0.3453125 0.23359375 0.01953125 0.03671875
1 0.37578125 0.23671875 0.02109375 0.04296875
1 0.35859375 0.30078125 0.021875 0.04140625
1 0.390625 0.28671875 0.02578125 0.046875
1 0.38046875 0.18671875 0.01640625 0.03359375
1 0.39609375 0.18203125 0.01484375 0.03671875
1 0.41484375 0.196875 0.01640625 0.03671875
1 0.4578125 0.1984375 0.01953125 0.0265625
1 0.46171875 0.2328125 0.0234375 0.0515625
1 0.4921875 0.29921875 0.02890625 0.0546875
1 0.4875 0.19765625 0.02421875 0.0453125
1 0.44921875 0.1765625 0.01640625 0.03359375
1 0.4890625 0.153125 0.01796875 0.03671875
1 0.51875 0.1703125 0.01953125 0.03359375
1 0.5484375 0.1640625 0.01953125 0.03828125
1 0.58828125 0.16640625 0.01953125 0.0296875
1 0.575 0.13046875 0.01484375 0.03203125
1 0.61953125 0.24609375 0.02578125 0.0515625
1 0.62421875 0.20390625 0.01796875 0.04140625
1 0.6640625 0.2125 0.01953125 0.0453125
1 0.65390625 0.27265625 0.02421875 0.0546875
1 0.69609375 0.16015625 0.01640625 0.03359375
1 0.7 0.228125 0.0234375 0.046875
1 0.709375 0.27578125 0.0234375 0.0453125
1 0.75546875 0.240625 0.02578125 0.0484375
1 0.73203125 0.1984375 0.02265625 0.046875
1 0.76875 0.1609375 0.01875 0.04140625
1 0.7609375 0.3078125 0.02421875 0.05859375
1 0.83515625 0.32421875 0.028125 0.06484375
1 0.9078125 0.3140625 0.0515625 0.11171875
1 0.9234375 0.23515625 0.01953125 0.05703125
1 0.96015625 0.20078125 0.03203125 0.078125