1 0.0171875 0.4859375 0.03203125 0.06953125
1 0.0546875 0.47265625 0.0375 0.04765625
1 0.109375 0.46953125 0.06640625 0.09453125
1 0.17890625 0.4921875 0.05 0.06875
1 0.23671875 0.484375 0.03984375 0.0578125
1 0.271875 0.49140625 0.03125 0.0515625
1 0.3203125 0.46796875 0.0859375 0.140625
1 0.415625 0.47265625 0.040625 0.06484375
1 0.45234375 0.49140625 0.034375 0.0515625
1 0.5015625 0.44765625 0.0296875 0.03828125
1 0.5359375 0.49453125 0.02734375 0.05234375
1 0.55234375 0.49375 0.0265625 0.0421875
1 0.64765625 0.49453125 0.071875 0.07890625
1 0.590625 0.5984375 0.0515625 0.065625
1 0.70625 0.48984375 0.0328125 0.0515625
1 0.740625 0.49453125 0.028125 0.04453125
1 0.81953125 0.56875 0.0890625 0.12890625
1 0.8046875 0.478125 0.040625 0.06171875
1 0.86640625 0.4890625 0.0625 0.0828125
1 0.92421875 0.50703125 0.04765625 0.06171875
1 0.97890625 0.52421875 0.0421875 0.1984375