1 0.028125 0.5765625 0.053125 0.0953125
1 0.0328125 0.73203125 0.06171875 0.13671875
1 0.1828125 0.84296875 0.11484375 0.16328125
1 0.0953125 0.3234375 0.05703125 0.08046875
1 0.740625 0.7875 0.11484375 0.209375
1 0.690625 0.4515625 0.06484375 0.10703125
1 0.4546875 0.61953125 0.06328125 0.121875
1 0.4171875 0.4625 0.0453125 0.0609375
1 0.34140625 0.56953125 0.053125 0.08046875
1 0.375 0.278125 0.03671875 0.06796875
1 0.5140625 0.2890625 0.03828125 0.07109375
1 0.58984375 0.2984375 0.03359375 0.0609375
1 0.66015625 0.27890625 0.0296875 0.04609375
1 0.7203125 0.27578125 0.0296875 0.0484375
1 0.78671875 0.3109375 0.05 0.07578125
1 0.77578125 0.39609375 0.06484375 0.1046875
1 0.83984375 0.34375 0.05703125 0.0875
1 0.95078125 0.28515625 0.03515625 0.06796875