1 0.065625 0.6859375 0.0828125 0.1328125
1 0.16015625 0.71640625 0.0953125 0.1375
1 0.21328125 0.82109375 0.1109375 0.1671875
1 0.21875 0.63515625 0.0546875 0.1
1 0.2015625 0.5421875 0.046875 0.075
1 0.16484375 0.5046875 0.03359375 0.06015625
1 0.253125 0.5015625 0.0375 0.0625
1 0.35703125 0.49140625 0.028125 0.05234375
1 0.3796875 0.5046875 0.0390625 0.0703125
1 0.41640625 0.53125 0.04140625 0.07265625
1 0.44453125 0.54140625 0.0453125 0.07265625
1 0.434375 0.65234375 0.06953125 0.11015625
1 0.63046875 0.6828125 0.0859375 0.11484375
1 0.63125 0.6046875 0.06171875 0.1
1 0.5546875 0.41875 0.028125 0.0421875
1 0.6546875 0.49765625 0.03359375 0.0546875
1 0.68203125 0.54140625 0.0546875 0.07734375
1 0.71484375 0.5234375 0.04140625 0.07734375
1 0.7671875 0.5578125 0.0453125 0.075
1 0.78359375 0.49375 0.0390625 0.05234375
1 0.7203125 0.7546875 0.1046875 0.1453125
1 0.83203125 0.6296875 0.08046875 0.11015625
1 0.95703125 0.675 0.0828125 0.1296875
1 0.9296875 0.58984375 0.0578125 0.08515625
1 0.92890625 0.52265625 0.0375 0.06015625
1 0.85625 0.51015625 0.04296875 0.06015625