1 0.17578125 0.47578125 0.03828125 0.0828125
1 0.25234375 0.2546875 0.0171875 0.03671875
1 0.26875 0.26171875 0.01953125 0.04140625
1 0.29375 0.2640625 0.01875 0.03828125
1 0.30625 0.28515625 0.02109375 0.03515625
1 0.3203125 0.225 0.01953125 0.0296875
1 0.34765625 0.20546875 0.015625 0.03515625
1 0.35390625 0.228125 0.01875 0.03359375
1 0.35703125 0.26015625 0.02421875 0.03515625
1 0.38515625 0.259375 0.02109375 0.03671875
1 0.38671875 0.18671875 0.01484375 0.03359375
1 0.3921875 0.21640625 0.01953125 0.03671875
1 0.403125 0.20078125 0.01953125 0.03125
1 0.42109375 0.24609375 0.021875 0.046875
1 0.43515625 0.19921875 0.01953125 0.03828125
1 0.44609375 0.1765625 0.0171875 0.0296875
1 0.453125 0.1515625 0.01484375 0.0265625
1 0.4578125 0.21796875 0.01796875 0.03984375
1 0.478125 0.228125 0.01875 0.03984375
1 0.49375 0.20078125 0.01875 0.03828125
1 0.48125 0.18984375 0.01328125 0.0296875
1 0.4890625 0.1640625 0.0171875 0.028125
1 0.4984375 0.1296875 0.0140625 0.0265625
1 0.51875 0.1671875 0.01875 0.03125
1 0.53515625 0.1671875 0.01484375 0.03828125
1 0.5234375 0.2046875 0.01953125 0.03984375
1 0.50625 0.15546875 0.015625 0.025
1 0.55625 0.1453125 0.01015625 0.025
1 0.5515625 0.1296875 0.0109375 0.0234375
1 0.575 0.16953125 0.0171875 0.03359375
1 0.58359375 0.13125 0.0125 0.0265625
1 0.5953125 0.14140625 0.015625 0.03359375
1 0.61015625 0.125 0.01484375 0.03359375
1 0.61796875 0.14296875 0.0125 0.0296875
1 0.63203125 0.12109375 0.01328125 0.0265625
1 0.64453125 0.12265625 0.015625 0.03125
1 0.665625 0.12109375 0.0109375 0.0296875
1 0.55625 0.25390625 0.02578125 0.0484375
1 0.51953125 0.29375 0.02578125 0.0546875
1 0.540625 0.3125 0.0328125 0.06328125
1 0.60625 0.33046875 0.0328125 0.05859375
1 0.61875 0.2484375 0.02734375 0.0515625
1 0.6109375 0.221875 0.021875 0.0453125
1 0.6703125 0.21484375 0.02109375 0.046875
1 0.65625 0.26171875 0.02421875 0.06171875
1 0.65859375 0.18984375 0.01796875 0.03671875
1 0.690625 0.175 0.015625 0.03984375
1 0.69453125 0.146875 0.015625 0.03125
1 0.709375 0.1515625 0.01328125 0.03359375
1 0.728125 0.1625 0.01484375 0.04140625
1 0.7375 0.1453125 0.015625 0.03515625
1 0.75 0.13359375 0.015625 0.03515625
1 0.76484375 0.13046875 0.0140625 0.03515625
1 0.7671875 0.16171875 0.01875 0.03359375
1 0.715625 0.20546875 0.02265625 0.0515625
1 0.75625 0.23203125 0.02734375 0.06171875
1 0.7171875 0.28515625 0.02734375 0.0515625
1 0.77109375 0.2921875 0.028125 0.05859375
1 0.77421875 0.2015625 0.021875 0.05
1 0.79375 0.1375 0.0171875 0.03828125
1 0.80703125 0.16875 0.0171875 0.0484375
1 0.84765625 0.13671875 0.01953125 0.03671875
1 0.8203125 0.228125 0.0234375 0.046875
1 0.85703125 0.2515625 0.02734375 0.04296875
1 0.8375 0.32421875 0.02734375 0.06328125
1 0.91640625 0.2421875 0.02421875 0.0546875
1 0.93671875 0.26328125 0.02578125 0.06328125
1 0.8953125 0.2046875 0.01953125 0.04296875
1 0.8796875 0.19140625 0.0171875 0.03671875
1 0.87421875 0.1625 0.0140625 0.03515625
1 0.89296875 0.1578125 0.01328125 0.03671875
1 0.846875 0.19375 0.01796875 0.03515625