1 0.02265625 0.5421875 0.04296875 0.0875
1 0.1 0.55078125 0.065625 0.1015625
1 0.040625 0.47890625 0.0296875 0.05234375
1 0.01640625 0.48203125 0.028125 0.04296875
1 0.06796875 0.47421875 0.02578125 0.04453125
1 0.1109375 0.4796875 0.0296875 0.040625
1 0.12890625 0.47890625 0.02265625 0.0421875
1 0.165625 0.521875 0.05078125 0.07734375
1 0.1453125 0.46328125 0.01875 0.028125
1 0.209375 0.50234375 0.034375 0.05546875
1 0.2046875 0.47421875 0.03125 0.03828125
1 0.2671875 0.3625 0.0578125 0.09375
1 0.30546875 0.64609375 0.14765625 0.23671875
1 0.50390625 0.53359375 0.10234375 0.16953125
1 0.5625 0.5125 0.04765625 0.10703125
1 0.46796875 0.3296875 0.07734375 0.12265625
1 0.4390625 0.40390625 0.01640625 0.03203125
1 0.43515625 0.38515625 0.0203125 0.03125
1 0.40625 0.390625 0.01875 0.02890625
1 0.40625 0.415625 0.01875 0.028125
1 0.41328125 0.46875 0.03203125 0.06171875
1 0.3640625 0.4765625 0.03828125 0.0828125
1 0.35 0.41640625 0.0171875 0.03046875
1 0.596875 0.44765625 0.028125 0.046875
1 0.55703125 0.44921875 0.025 0.03828125
1 0.53671875 0.44375 0.01796875 0.040625
1 0.5625 0.396875 0.021875 0.03515625
1 0.58046875 0.38203125 0.0171875 0.0328125
1 0.6015625 0.4078125 0.01875 0.03828125
1 0.60546875 0.38515625 0.0171875 0.0375
1 0.62578125 0.36640625 0.0171875 0.03515625
1 0.6453125 0.41640625 0.01875 0.04140625
1 0.61875 0.40625 0.0203125 0.046875
1 0.64453125 0.38515625 0.01640625 0.03203125
1 0.6671875 0.3765625 0.01953125 0.040625
1 0.66953125 0.4296875 0.03046875 0.04453125
1 0.6703125 0.47578125 0.03203125 0.06875
1 0.65625 0.63828125 0.1203125 0.2484375
1 0.6359375 0.52109375 0.05 0.08984375
1 0.71328125 0.5578125 0.0953125 0.175
1 0.7125 0.45625 0.0515625 0.096875
1 0.746875 0.48125 0.0296875 0.05859375
1 0.78046875 0.45703125 0.04609375 0.09453125
1 0.81328125 0.52109375 0.07265625 0.140625
1 0.853125 0.47890625 0.05078125 0.1125
1 0.80234375 0.41484375 0.03203125 0.0640625
1 0.7203125 0.3921875 0.01640625 0.03671875
1 0.7109375 0.38515625 0.015625 0.0375
1 0.7375 0.38125 0.02109375 0.03828125
1 0.7640625 0.36953125 0.01875 0.04140625
1 0.9375 0.665625 0.125 0.25546875
1 0.946875 0.52265625 0.10625 0.1859375
1 0.88515625 0.440625 0.02421875 0.05546875
1 0.86171875 0.40390625 0.0234375 0.0390625
1 0.8875 0.396875 0.0234375 0.046875
1 0.89453125 0.37265625 0.01953125 0.03671875
1 0.93984375 0.378125 0.02890625 0.04765625
1 0.95078125 0.36015625 0.0203125 0.03359375
1 0.990625 0.36796875 0.01875 0.03828125