1 0.0453125 0.36875 0.02265625 0.04140625
1 0.046875 0.35546875 0.01484375 0.028125
1 0.21796875 0.3515625 0.04921875 0.09140625
1 0.2625 0.2796875 0.0203125 0.03984375
1 0.30234375 0.25546875 0.021875 0.04140625
1 0.321875 0.2765625 0.021875 0.04296875
1 0.353125 0.28515625 0.0234375 0.04140625
1 0.3359375 0.240625 0.01953125 0.03828125
1 0.32890625 0.21328125 0.01484375 0.0265625
1 0.35234375 0.20859375 0.0171875 0.03515625
1 0.38125 0.21796875 0.0171875 0.03984375
1 0.3921875 0.19609375 0.01953125 0.03984375
1 0.428125 0.26328125 0.025 0.053125
1 0.4296875 0.22109375 0.025 0.03671875
1 0.415625 0.16796875 0.0171875 0.03671875
1 0.44765625 0.19140625 0.0140625 0.03671875
1 0.46328125 0.209375 0.0171875 0.04296875
1 0.4578125 0.16796875 0.021875 0.03359375
1 0.48203125 0.24140625 0.02890625 0.046875
1 0.48046875 0.084375 0.01328125 0.03125
1 0.484375 0.165625 0.015625 0.03125
1 0.5078125 0.146875 0.01484375 0.028125
1 0.5234375 0.1484375 0.01484375 0.03671875
1 0.540625 0.128125 0.015625 0.03359375
1 0.5421875 0.1671875 0.0171875 0.03515625
1 0.54453125 0.20078125 0.0234375 0.03828125
1 0.575 0.1765625 0.01796875 0.03984375
1 0.5625 0.1421875 0.015625 0.03515625
1 0.58515625 0.1375 0.015625 0.03125
1 0.603125 0.11875 0.0234375 0.03125
1 0.6046875 0.15078125 0.01875 0.03828125
1 0.6203125 0.10234375 0.01328125 0.028125
1 0.64765625 0.10625 0.01328125 0.0296875
1 0.67734375 0.11875 0.01328125 0.03125
1 0.68515625 0.0921875 0.01328125 0.025
1 0.65546875 0.165625 0.0234375 0.0453125
1 0.61640625 0.21015625 0.028125 0.0546875
1 0.57421875 0.2453125 0.02421875 0.0546875
1 0.5 0.309375 0.03203125 0.06640625
1 0.61484375 0.32890625 0.03125 0.071875
1 0.6125 0.26796875 0.0296875 0.06015625
1 0.6671875 0.29296875 0.0296875 0.06328125
1 0.6828125 0.33828125 0.02890625 0.06171875
1 0.66875 0.2109375 0.025 0.05625
1 0.70546875 0.20625 0.025 0.046875
1 0.71484375 0.18125 0.01953125 0.04296875
1 0.70078125 0.15703125 0.0171875 0.03828125
1 0.715625 0.13828125 0.015625 0.04296875
1 0.73671875 0.16171875 0.0203125 0.03671875
1 0.74921875 0.19140625 0.01796875 0.03671875
1 0.76015625 0.1625 0.01875 0.0453125
1 0.765625 0.1296875 0.01484375 0.03359375
1 0.7453125 0.1203125 0.01328125 0.03125
1 0.7484375 0.0984375 0.0109375 0.0265625
1 0.78125 0.1265625 0.01328125 0.0296875
1 0.78984375 0.1125 0.0109375 0.028125
1 0.809375 0.128125 0.015625 0.03671875
1 0.80078125 0.18046875 0.0203125 0.0453125
1 0.7578125 0.2515625 0.0296875 0.05
1 0.753125 0.27890625 0.025 0.0515625
1 0.78984375 0.303125 0.03203125 0.06328125
1 0.8765625 0.23515625 0.02421875 0.0484375
1 0.93359375 0.27265625 0.021875 0.05
1 0.93671875 0.196875 0.0203125 0.0484375
1 0.93671875 0.15 0.015625 0.03671875
1 0.90859375 0.190625 0.01875 0.0453125
1 0.9015625 0.128125 0.0109375 0.0296875
1 0.871875 0.14453125 0.01484375 0.03671875
1 0.8515625 0.196875 0.01875 0.03515625
1 0.828125 0.1625 0.015625 0.03125
1 0.8390625 0.13125 0.0171875 0.04296875