1 0.1390625 0.565625 0.065625 0.090625
1 0.13828125 0.4265625 0.04375 0.06953125
1 0.08984375 0.39765625 0.04765625 0.06953125
1 0.140625 0.334375 0.034375 0.05625
1 0.18125 0.33984375 0.03828125 0.06640625
1 0.2109375 0.35078125 0.03828125 0.06640625
1 0.17890625 0.40703125 0.0421875 0.06640625
1 0.2453125 0.39296875 0.0421875 0.06171875
1 0.26015625 0.53203125 0.05234375 0.07734375
1 0.2828125 0.35703125 0.03828125 0.0640625
1 0.32734375 0.3171875 0.034375 0.05859375
1 0.359375 0.3703125 0.0296875 0.05859375
1 0.33671875 0.4203125 0.04609375 0.071875
1 0.34375 0.5359375 0.05625 0.08515625
1 0.4 0.4265625 0.03984375 0.06953125
1 0.38515625 0.36953125 0.0296875 0.05625
1 0.3703125 0.3359375 0.0359375 0.05859375
1 0.42421875 0.34140625 0.03203125 0.053125
1 0.4703125 0.34921875 0.03203125 0.05859375
1 0.48828125 0.44140625 0.04375 0.07734375
1 0.44921875 0.5359375 0.04609375 0.06953125
1 0.540625 0.5359375 0.04609375 0.0796875
1 0.5453125 0.42265625 0.0421875 0.071875
1 0.54296875 0.34921875 0.034375 0.05859375
1 0.5078125 0.33359375 0.03203125 0.053125
1 0.590625 0.3453125 0.03828125 0.06640625
1 0.60703125 0.44375 0.0421875 0.06640625
1 0.64609375 0.38828125 0.03984375 0.06171875
1 0.6828125 0.37890625 0.034375 0.0640625
1 0.684375 0.334375 0.028125 0.03984375
1 0.72578125 0.35234375 0.04375 0.053125
1 0.7203125 0.3921875 0.04375 0.0640625
1 0.75625 0.38125 0.0359375 0.05859375
1 0.78125 0.3375 0.034375 0.06171875
1 0.82109375 0.3703125 0.03828125 0.0640625
1 0.85234375 0.32421875 0.03984375 0.071875
1 0.93828125 0.3375 0.04765625 0.071875
1 0.9140625 0.39453125 0.04765625 0.06953125
1 0.8953125 0.52421875 0.05390625 0.0828125
1 0.80390625 0.490625 0.04765625 0.08515625
1 0.709375 0.5203125 0.03828125 0.075
1 0.65078125 0.54140625 0.0421875 0.0640625