1 0.209375 0.40546875 0.06875 0.11796875
1 0.26015625 0.259375 0.01875 0.03125
1 0.27890625 0.2546875 0.01953125 0.0359375
1 0.35703125 0.23515625 0.01953125 0.034375
1 0.39609375 0.26796875 0.0203125 0.04453125
1 0.36484375 0.19453125 0.015625 0.02890625
1 0.3859375 0.19921875 0.01640625 0.03125
1 0.3953125 0.2171875 0.01640625 0.0359375
1 0.40234375 0.1984375 0.01640625 0.02890625
1 0.40703125 0.17421875 0.01796875 0.02890625
1 0.43828125 0.1953125 0.01796875 0.03125
1 0.43203125 0.2296875 0.021875 0.04140625
1 0.45390625 0.1515625 0.01171875 0.02265625
1 0.4703125 0.15078125 0.0140625 0.02734375
1 0.48359375 0.178125 0.015625 0.034375
1 0.49921875 0.18046875 0.01875 0.034375
1 0.525 0.2015625 0.015625 0.0359375
1 0.52421875 0.16328125 0.0140625 0.02734375
1 0.51796875 0.12578125 0.01171875 0.0328125
1 0.53515625 0.13671875 0.01875 0.0390625
1 0.546875 0.1640625 0.0125 0.02578125
1 0.55703125 0.17578125 0.015625 0.0328125
1 0.559375 0.1109375 0.015625 0.02265625
1 0.565625 0.13671875 0.0140625 0.02890625
1 0.5828125 0.140625 0.01875 0.034375
1 0.5875 0.121875 0.0140625 0.02734375
1 0.5984375 0.096875 0.0109375 0.02578125
1 0.62109375 0.1015625 0.01171875 0.02421875
1 0.61328125 0.1375 0.01484375 0.034375
1 0.60859375 0.2140625 0.01640625 0.034375
1 0.65078125 0.13203125 0.01484375 0.03125
1 0.6421875 0.103125 0.015625 0.02734375
1 0.66953125 0.09765625 0.01171875 0.02421875
1 0.70234375 0.0984375 0.0125 0.02890625
1 0.55703125 0.26015625 0.021875 0.04296875
1 0.49765625 0.296875 0.02734375 0.04453125
1 0.54765625 0.3171875 0.0265625 0.0515625
1 0.6140625 0.25703125 0.02421875 0.04765625
1 0.62109375 0.31015625 0.028125 0.0515625
1 0.6625 0.21015625 0.0203125 0.0390625
1 0.69375 0.184375 0.02265625 0.0359375
1 0.74453125 0.18671875 0.02265625 0.04765625
1 0.7484375 0.2296875 0.0203125 0.04140625
1 0.69375 0.24609375 0.0296875 0.06328125
1 0.6921875 0.30859375 0.03203125 0.05859375
1 0.73203125 0.34375 0.03359375 0.0671875
1 0.77109375 0.2890625 0.028125 0.05625
1 0.784375 0.15546875 0.01640625 0.0359375
1 0.8015625 0.128125 0.015625 0.0328125
1 0.78359375 0.19375 0.01953125 0.04453125
1 0.8078125 0.2625 0.0203125 0.0515625
1 0.834375 0.2921875 0.02265625 0.05625
1 0.796875 0.40390625 0.03359375 0.07734375
1 0.89765625 0.3828125 0.03125 0.06171875
1 0.90546875 0.31796875 0.0296875 0.05625
1 0.925 0.2734375 0.0234375 0.05625
1 0.8703125 0.26640625 0.01953125 0.04609375
1 0.83125 0.190625 0.01953125 0.04140625
1 0.83125 0.14609375 0.01796875 0.0375
1 0.84453125 0.13203125 0.01171875 0.02734375
1 0.8609375 0.15859375 0.015625 0.02890625
1 0.86875 0.1328125 0.0125 0.0328125
1 0.9078125 0.1453125 0.01484375 0.02890625
1 0.9328125 0.15859375 0.0125 0.02578125
1 0.93125 0.2 0.015625 0.04296875
1 0.9234375 0.22109375 0.01953125 0.04765625
1 0.88359375 0.18515625 0.01796875 0.0375
1 0.875 0.20390625 0.01796875 0.0375