1 0.05703125 0.22578125 0.065625 0.1328125
1 0.15 0.37265625 0.0359375 0.05703125
1 0.14140625 0.3375 0.0296875 0.04765625
1 0.1953125 0.37734375 0.0359375 0.07578125
1 0.2296875 0.36953125 0.03984375 0.0734375
1 0.2484375 0.3921875 0.04140625 0.07109375
1 0.2828125 0.3265625 0.0265625 0.059375
1 0.315625 0.3265625 0.02265625 0.059375
1 0.3421875 0.33359375 0.028125 0.0546875
1 0.37265625 0.3375 0.025 0.06171875
1 0.4078125 0.34921875 0.0296875 0.06171875
1 0.403125 0.440625 0.04375 0.10703125
1 0.45234375 0.4515625 0.04765625 0.1046875
1 0.4546875 0.3578125 0.0375 0.078125
1 0.5234375 0.3203125 0.025 0.04765625
1 0.47109375 0.30625 0.025 0.03828125
1 0.5796875 0.32578125 0.03046875 0.05703125
1 0.52109375 0.4796875 0.05078125 0.109375
1 0.60625 0.49609375 0.0625 0.1234375
1 0.621875 0.39921875 0.046875 0.090625
1 0.69765625 0.42421875 0.04296875 0.0875
1 0.76875 0.421875 0.05234375 0.09296875
1 0.74609375 0.3703125 0.0359375 0.08046875
1 0.7390625 0.54296875 0.07890625 0.1546875
1 0.8984375 0.6296875 0.08515625 0.16640625
1 0.87109375 0.434375 0.06796875 0.1234375
1 0.8296875 0.37734375 0.04375 0.0953125
1 0.96640625 0.46796875 0.0640625 0.1234375
1 0.97890625 0.39375 0.0421875 0.08125