1 0.16875 0.39375 0.03828125 0.071875
1 0.2140625 0.43984375 0.084375 0.159375
1 0.2546875 0.39375 0.05 0.08984375
1 0.31484375 0.353125 0.065625 0.09921875
1 0.34765625 0.390625 0.0640625 0.1078125
1 0.34765625 0.509375 0.071875 0.1234375
1 0.37734375 0.6234375 0.1140625 0.23125
1 0.41796875 0.48515625 0.0921875 0.14140625
1 0.4140625 0.39765625 0.0640625 0.08671875
1 0.4609375 0.30625 0.06171875 0.1140625
1 0.48984375 0.43515625 0.071875 0.14453125
1 0.5390625 0.40859375 0.09765625 0.1921875
1 0.57578125 0.52421875 0.13203125 0.2375
1 0.509375 0.340625 0.06171875 0.08671875
1 0.59375 0.33359375 0.0640625 0.10234375
1 0.671875 0.346875 0.03984375 0.09296875
1 0.72578125 0.36328125 0.10390625 0.1921875
1 0.81875 0.31953125 0.078125 0.153125
1 0.8390625 0.37109375 0.09375 0.16484375
1 0.85625 0.5390625 0.115625 0.21953125
1 0.89921875 0.3515625 0.0578125 0.1203125