1 0.06328125 0.7953125 0.0703125 0.1140625
1 0.209375 0.79375 0.05390625 0.0921875
1 0.2453125 0.790625 0.0421875 0.0796875
1 0.3328125 0.7765625 0.05 0.0890625
1 0.40078125 0.75703125 0.04609375 0.06796875
1 0.453125 0.75390625 0.04609375 0.06171875
1 0.5078125 0.73828125 0.028125 0.05546875
1 0.521875 0.74921875 0.03984375 0.05234375
1 0.5296875 0.65859375 0.028125 0.05546875
1 0.584375 0.725 0.03203125 0.05234375
1 0.6546875 0.73203125 0.03828125 0.06171875
1 0.69296875 0.74765625 0.0421875 0.07421875
1 0.6796875 0.890625 0.1078125 0.1875
1 0.840625 0.76015625 0.05 0.0921875
1 0.7703125 0.76796875 0.04765625 0.07109375
1 0.915625 0.76015625 0.05234375 0.0921875
1 0.96015625 0.7796875 0.06796875 0.1078125