1 0.19375 0.434375 0.05625 0.11171875
1 0.29375 0.4 0.0453125 0.0828125
1 0.325 0.43125 0.05 0.1
1 0.3578125 0.34921875 0.0453125 0.06875
1 0.36015625 0.28828125 0.0328125 0.0546875
1 0.3734375 0.25078125 0.03125 0.0484375
1 0.40859375 0.2578125 0.03515625 0.0515625
1 0.4171875 0.30078125 0.0390625 0.06875
1 0.4390625 0.4125 0.0453125 0.08046875
1 0.4671875 0.36953125 0.04765625 0.06875
1 0.45625 0.28671875 0.0390625 0.06328125
1 0.43046875 0.23515625 0.02890625 0.0515625
1 0.47890625 0.28671875 0.01875 0.0515625
1 0.49765625 0.28828125 0.03125 0.0484375
1 0.48828125 0.240625 0.02890625 0.04609375
1 0.51015625 0.23671875 0.02265625 0.0484375
1 0.534375 0.2390625 0.02890625 0.0546875
1 0.5359375 0.2953125 0.04140625 0.0515625
1 0.53515625 0.3421875 0.0390625 0.06015625
1 0.55078125 0.37421875 0.04140625 0.07734375
1 0.63046875 0.40703125 0.0515625 0.09140625
1 0.60546875 0.35546875 0.04375 0.06875
1 0.57421875 0.28515625 0.03125 0.06015625
1 0.6140625 0.30234375 0.0390625 0.0546875
1 0.65 0.28671875 0.0328125 0.05703125
1 0.684375 0.33671875 0.04765625 0.071875
1 0.65625 0.38671875 0.05 0.08046875
1 0.7234375 0.3640625 0.0390625 0.07421875
1 0.7828125 0.36953125 0.0578125 0.103125
1 0.63359375 0.2609375 0.0375 0.0515625
1 0.60546875 0.23046875 0.0265625 0.0546875
1 0.57890625 0.23046875 0.03125 0.0484375