1 0.08203125 0.33203125 0.02578125 0.0484375
1 0.11015625 0.39453125 0.05234375 0.1
1 0.17890625 0.34609375 0.0265625 0.04296875
1 0.20234375 0.34296875 0.01796875 0.04296875
1 0.22578125 0.38984375 0.028125 0.05703125
1 0.24375 0.359375 0.01953125 0.04375
1 0.28203125 0.36171875 0.021875 0.05
1 0.32265625 0.365625 0.0265625 0.05078125
1 0.38125 0.384375 0.0234375 0.0453125
1 0.39296875 0.31484375 0.01953125 0.04375
1 0.29921875 0.4515625 0.05390625 0.10078125
1 0.5328125 0.609375 0.09375 0.19453125
1 0.52265625 0.46328125 0.040625 0.0875
1 0.5828125 0.471875 0.0359375 0.078125
1 0.66953125 0.40078125 0.021875 0.04296875
1 0.79296875 0.6 0.06328125 0.12578125
1 0.8578125 0.5 0.03125 0.065625
1 0.96328125 0.5203125 0.03515625 0.07578125