1 0.15234375 0.40234375 0.0421875 0.078125
1 0.29375 0.25859375 0.01953125 0.0375
1 0.3328125 0.246875 0.02265625 0.0421875
1 0.33125 0.21171875 0.01796875 0.03046875
1 0.3484375 0.20703125 0.015625 0.03671875
1 0.36484375 0.2125 0.015625 0.03515625
1 0.37734375 0.221875 0.0171875 0.03515625
1 0.3859375 0.2546875 0.01796875 0.04453125
1 0.3609375 0.25234375 0.01640625 0.03046875
1 0.39609375 0.21796875 0.0140625 0.03203125
1 0.42890625 0.21953125 0.01796875 0.03671875
1 0.4234375 0.253125 0.0203125 0.0375
1 0.44765625 0.1859375 0.0125 0.0296875
1 0.42109375 0.1921875 0.015625 0.03515625
1 0.45078125 0.165625 0.0140625 0.0265625
1 0.4578125 0.140625 0.0125 0.0265625
1 0.47421875 0.14140625 0.01328125 0.028125
1 0.478125 0.1765625 0.01796875 0.028125
1 0.4984375 0.17734375 0.01484375 0.03515625
1 0.48046875 0.21484375 0.021875 0.040625
1 0.50859375 0.1546875 0.0125 0.0296875
1 0.51796875 0.12265625 0.01171875 0.0234375
1 0.53203125 0.13828125 0.0125 0.0234375
1 0.54765625 0.16171875 0.0171875 0.040625
1 0.53359375 0.125 0.0125 0.0171875
1 0.5515625 0.1296875 0.0125 0.03515625
1 0.559375 0.11796875 0.01484375 0.03359375
1 0.5765625 0.15234375 0.0171875 0.03359375
1 0.58359375 0.13203125 0.01484375 0.03046875
1 0.5859375 0.1125 0.01171875 0.0265625
1 0.6046875 0.14140625 0.01484375 0.03359375
1 0.60703125 0.121875 0.01640625 0.03046875
1 0.61328125 0.1109375 0.009375 0.025
1 0.61640625 0.09765625 0.009375 0.0234375
1 0.62890625 0.11875 0.0140625 0.03046875
1 0.64453125 0.13046875 0.015625 0.03359375
1 0.64921875 0.09140625 0.01171875 0.0234375
1 0.66171875 0.1046875 0.01015625 0.02265625
1 0.66328125 0.1265625 0.01171875 0.0265625
1 0.690625 0.09609375 0.0125 0.0296875
1 0.559375 0.23046875 0.025 0.04921875
1 0.5359375 0.27890625 0.02734375 0.06171875
1 0.58671875 0.3140625 0.0296875 0.0546875
1 0.615625 0.2359375 0.021875 0.04609375
1 0.62578125 0.190625 0.01796875 0.03671875
1 0.6515625 0.2234375 0.0203125 0.04609375
1 0.68125 0.24140625 0.02421875 0.0515625
1 0.67578125 0.1859375 0.0171875 0.0390625
1 0.703125 0.140625 0.0125 0.0296875
1 0.7125 0.15859375 0.01484375 0.03359375
1 0.7234375 0.1765625 0.02109375 0.04765625
1 0.7046875 0.23671875 0.02265625 0.05078125
1 0.7453125 0.1375 0.015625 0.03359375
1 0.72734375 0.13125 0.015625 0.0265625
1 0.75078125 0.17109375 0.0171875 0.03671875
1 0.778125 0.14609375 0.0140625 0.0296875
1 0.76796875 0.13359375 0.00859375 0.02109375
1 0.77421875 0.121875 0.01015625 0.02265625
1 0.8 0.11953125 0.01484375 0.0296875
1 0.75625 0.225 0.02265625 0.03515625
1 0.74296875 0.2453125 0.0234375 0.04453125
1 0.75625 0.30546875 0.025 0.05859375
1 0.83203125 0.34140625 0.028125 0.0796875
1 0.83671875 0.30625 0.028125 0.0546875
1 0.809375 0.23984375 0.0203125 0.04453125
1 0.82265625 0.19921875 0.015625 0.040625
1 0.78984375 0.1796875 0.0203125 0.0375
1 0.8125 0.1453125 0.01171875 0.03359375
1 0.821875 0.1296875 0.01328125 0.0296875
1 0.83046875 0.11953125 0.0109375 0.0234375
1 0.8453125 0.15625 0.0140625 0.0296875
1 0.83984375 0.18046875 0.01328125 0.03671875
1 0.8421875 0.23984375 0.02109375 0.04609375
1 0.871875 0.40390625 0.0328125 0.09140625
1 0.90234375 0.353125 0.02734375 0.0703125
1 0.89453125 0.3 0.02109375 0.03671875
1 0.86953125 0.2125 0.0171875 0.040625
1 0.8859375 0.17734375 0.01484375 0.03515625
1 0.8953125 0.15234375 0.01484375 0.03359375
1 0.85625 0.13984375 0.0140625 0.03359375
1 0.8640625 0.13046875 0.0140625 0.028125
1 0.89921875 0.12734375 0.01484375 0.025
1 0.9140625 0.22265625 0.0203125 0.05078125
1 0.928125 0.1953125 0.01640625 0.0296875
1 0.925 0.15703125 0.0140625 0.03359375
1 0.9375 0.15625 0.0125 0.0296875