1 0.26015625 0.7515625 0.14140625 0.1796875
1 0.53828125 0.84765625 0.17734375 0.24765625
1 0.65390625 0.2796875 0.084375 0.128125
1 0.36875 0.25625 0.0546875 0.06796875
1 0.29765625 0.2453125 0.0546875 0.075
1 0.234375 0.2625 0.06640625 0.0796875
1 0.16796875 0.28125 0.05859375 0.08203125
1 0.11953125 0.31484375 0.0703125 0.0890625
1 0.07265625 0.3546875 0.07578125 0.08359375
1 0.07421875 0.39375 0.0703125 0.08359375
1 0.0453125 0.4203125 0.0796875 0.0921875
1 0.05234375 0.48984375 0.09765625 0.12265625
1 0.05234375 0.57421875 0.09453125 0.15859375
1 0.09765625 0.71796875 0.14140625 0.19765625