1 0.228125 0.50703125 0.05 0.09140625
1 0.346875 0.49609375 0.046875 0.08046875
1 0.325 0.440625 0.034375 0.06953125
1 0.43125 0.53046875 0.05625 0.09453125
1 0.459375 0.47890625 0.04375 0.08046875
1 0.440625 0.45546875 0.034375 0.05546875
1 0.5140625 0.46640625 0.034375 0.08359375
1 0.54921875 0.4984375 0.0546875 0.103125
1 0.575 0.434375 0.028125 0.053125
1 0.64453125 0.446875 0.0296875 0.0609375
1 0.65 0.56640625 0.065625 0.1109375
1 0.71015625 0.4609375 0.0484375 0.071875
1 0.80234375 0.51640625 0.0890625 0.15546875
1 0.9125 0.475 0.04375 0.09453125
1 0.98125 0.49140625 0.034375 0.10546875
1 0.97265625 0.68046875 0.0546875 0.228125
1 0.94375 0.4640625 0.0375 0.09453125