1 0.16484375 0.47890625 0.0421875 0.09921875
1 0.59453125 0.215625 0.01640625 0.03984375
1 0.6109375 0.21796875 0.0109375 0.03515625
1 0.4546875 0.2359375 0.01484375 0.02578125
1 0.54765625 0.2265625 0.0125 0.04140625
1 0.5046875 0.24609375 0.0140625 0.03125
1 0.28125 0.31171875 0.015625 0.03828125
1 0.6390625 0.22421875 0.01484375 0.03671875
1 0.653125 0.23046875 0.01171875 0.0328125
1 0.6640625 0.23046875 0.0125 0.0328125
1 0.5296875 0.25 0.015625 0.03984375
1 0.3484375 0.30078125 0.01796875 0.03125
1 0.22890625 0.34296875 0.01640625 0.04375
1 0.25546875 0.35546875 0.021875 0.04296875
1 0.4140625 0.26171875 0.01796875 0.02265625
1 0.28125 0.37109375 0.02109375 0.046875
1 0.32421875 0.37421875 0.0203125 0.046875
1 0.34765625 0.33984375 0.0140625 0.03984375
1 0.37578125 0.33671875 0.01796875 0.0453125
1 0.396875 0.303125 0.01640625 0.03828125
1 0.40546875 0.33984375 0.02109375 0.04296875
1 0.43125 0.30625 0.02265625 0.03828125
1 0.43828125 0.34765625 0.02265625 0.0484375
1 0.56015625 0.28515625 0.01796875 0.04140625
1 0.4953125 0.33359375 0.02265625 0.05078125
1 0.45859375 0.30859375 0.01875 0.04375
1 0.61484375 0.3 0.01953125 0.04296875
1 0.5765625 0.3296875 0.01875 0.04296875
1 0.4859375 0.39765625 0.02890625 0.059375
1 0.51640625 0.371875 0.028125 0.05078125
1 0.5265625 0.41328125 0.02734375 0.05390625
1 0.590625 0.43125 0.03046875 0.06640625
1 0.60234375 0.37578125 0.02578125 0.046875
1 0.6296875 0.34765625 0.0203125 0.04375
1 0.68046875 0.25859375 0.0234375 0.03984375
1 0.66875 0.34921875 0.025 0.0453125
1 0.6453125 0.37890625 0.03046875 0.0484375
1 0.65234375 0.45234375 0.0296875 0.06640625
1 0.6921875 0.47734375 0.034375 0.0796875
1 0.71328125 0.40234375 0.028125 0.05078125
1 0.73046875 0.2328125 0.01953125 0.028125
1 0.71953125 0.25390625 0.015625 0.03125
1 0.70390625 0.29296875 0.0203125 0.04140625
1 0.74296875 0.28515625 0.01484375 0.034375
1 0.7546875 0.24609375 0.01640625 0.0296875
1 0.784375 0.24765625 0.0125 0.0328125
1 0.79140625 0.3046875 0.01640625 0.04375
1 0.8125 0.2609375 0.01640625 0.0328125
1 0.82578125 0.27578125 0.01796875 0.03671875
1 0.84609375 0.26171875 0.0125 0.034375
1 0.7859375 0.3609375 0.0171875 0.04296875
1 0.7671875 0.4265625 0.02265625 0.06640625
1 0.7796875 0.54609375 0.0328125 0.07265625
1 0.82265625 0.45625 0.0296875 0.05703125
1 0.8328125 0.37734375 0.0203125 0.04375
1 0.8140625 0.3234375 0.01484375 0.04140625
1 0.86640625 0.2875 0.01484375 0.03515625
1 0.83203125 0.3265625 0.02109375 0.0484375
1 0.84765625 0.30859375 0.0234375 0.03515625
1 0.91484375 0.284375 0.01484375 0.028125
1 0.87890625 0.47109375 0.02421875 0.0609375
1 0.8796875 0.40234375 0.0171875 0.04296875
1 0.8984375 0.3734375 0.0234375 0.05078125
1 0.4421875 0.2609375 0.0171875 0.0296875
1 0.4953125 0.2640625 0.01796875 0.03125
1 0.55546875 0.225 0.0125 0.0296875
1 0.58828125 0.25078125 0.01796875 0.02734375
1 0.61953125 0.23125 0.015625 0.03125
1 0.625 0.25390625 0.01796875 0.03984375
1 0.6546875 0.27890625 0.0203125 0.03515625
1 0.8484375 0.34765625 0.0203125 0.0484375
1 0.903125 0.29453125 0.0171875 0.03515625
1 0.37890625 0.28828125 0.01484375 0.03671875
1 0.42265625 0.284375 0.01796875 0.03671875