1 0.08984375 0.56015625 0.04765625 0.10234375
1 0.203125 0.27734375 0.015625 0.03515625
1 0.22578125 0.2828125 0.02109375 0.03984375
1 0.2765625 0.23125 0.015625 0.03671875
1 0.29375 0.24140625 0.01640625 0.04375
1 0.31015625 0.20390625 0.0140625 0.03828125
1 0.33046875 0.2234375 0.01328125 0.0421875
1 0.34609375 0.225 0.015625 0.03515625
1 0.37109375 0.25703125 0.01953125 0.0421875
1 0.39609375 0.22890625 0.0140625 0.0421875
1 0.42890625 0.3109375 0.01875 0.0484375
1 0.36484375 0.19453125 0.01796875 0.03671875
1 0.3890625 0.18125 0.01171875 0.03046875
1 0.42578125 0.19921875 0.0171875 0.03359375
1 0.471875 0.2421875 0.01796875 0.0453125
1 0.49296875 0.19921875 0.01015625 0.03359375
1 0.4390625 0.16328125 0.01328125 0.03203125
1 0.453125 0.159375 0.009375 0.0265625
1 0.47578125 0.1671875 0.0125 0.0265625
1 0.49375 0.15 0.01328125 0.03203125
1 0.51796875 0.16796875 0.01328125 0.03828125
1 0.55 0.21875 0.0171875 0.03203125
1 0.52890625 0.1515625 0.0125 0.03515625
1 0.55390625 0.15 0.015625 0.03203125
1 0.55234375 0.12578125 0.01640625 0.03046875
1 0.5796875 0.1296875 0.01328125 0.03203125
1 0.5984375 0.1234375 0.01328125 0.028125
1 0.57578125 0.19453125 0.01171875 0.03671875
1 0.59921875 0.20234375 0.015625 0.03359375
1 0.609375 0.17265625 0.01015625 0.03359375
1 0.61015625 0.1390625 0.01171875 0.0265625
1 0.634375 0.11953125 0.01171875 0.03515625
1 0.65859375 0.1765625 0.01015625 0.03203125
1 0.65625 0.14609375 0.01171875 0.0234375
1 0.66484375 0.13203125 0.009375 0.03046875
1 0.6921875 0.1375 0.0109375 0.03671875
1 0.71484375 0.14921875 0.0140625 0.03359375
1 0.6765625 0.17421875 0.0125 0.0265625
1 0.57421875 0.3265625 0.01875 0.03984375
1 0.60625 0.371875 0.02265625 0.05390625
1 0.61171875 0.28984375 0.0203125 0.05390625
1 0.6625 0.24453125 0.02109375 0.046875
1 0.6984375 0.21171875 0.01796875 0.0453125
1 0.725 0.25859375 0.01640625 0.0453125
1 0.72265625 0.3921875 0.02421875 0.05390625
1 0.65859375 0.40234375 0.0234375 0.06328125
1 0.79609375 0.453125 0.03125 0.07890625
1 0.85859375 0.51875 0.02734375 0.071875
1 0.88515625 0.3984375 0.01796875 0.05703125
1 0.95390625 0.45234375 0.01953125 0.0671875
1 0.94921875 0.3796875 0.0140625 0.05546875
1 0.9734375 0.359375 0.01328125 0.0515625
1 0.9734375 0.315625 0.0125 0.03203125
1 0.9765625 0.29140625 0.01015625 0.0265625
1 0.971875 0.259375 0.0125 0.03046875
1 0.95859375 0.2546875 0.0125 0.03046875
1 0.93203125 0.26640625 0.0125 0.03671875
1 0.92578125 0.32734375 0.01796875 0.0484375
1 0.8578125 0.334375 0.02109375 0.0515625
1 0.890625 0.27890625 0.0125 0.03515625
1 0.8703125 0.29921875 0.01875 0.0421875
1 0.90390625 0.25859375 0.015625 0.03515625
1 0.9078125 0.225 0.015625 0.03828125
1 0.878125 0.22265625 0.01328125 0.03984375
1 0.86640625 0.22578125 0.0171875 0.03671875
1 0.8328125 0.20546875 0.01328125 0.03515625
1 0.8078125 0.18515625 0.01796875 0.03515625
1 0.8171875 0.221875 0.015625 0.03828125
1 0.80546875 0.3046875 0.02109375 0.05703125
1 0.7953125 0.2421875 0.01640625 0.0453125
1 0.778125 0.2015625 0.0140625 0.03515625
1 0.76875 0.17734375 0.0125 0.03671875
1 0.75703125 0.18828125 0.01171875 0.03203125
1 0.74375 0.22109375 0.01796875 0.03671875
1 0.75078125 0.2859375 0.0171875 0.0421875