1 0.09140625 0.57109375 0.04375 0.10078125
1 0.225 0.29296875 0.01953125 0.046875
1 0.209375 0.27890625 0.01484375 0.0484375
1 0.27734375 0.265625 0.01640625 0.03359375
1 0.27109375 0.240625 0.015625 0.03671875
1 0.30234375 0.2203125 0.01484375 0.04375
1 0.32734375 0.23515625 0.015625 0.0484375
1 0.3453125 0.2234375 0.0140625 0.05234375
1 0.3640625 0.265625 0.015625 0.03671875
1 0.3875 0.25703125 0.01484375 0.0390625
1 0.43515625 0.3078125 0.0203125 0.05078125
1 0.46328125 0.2546875 0.01796875 0.0421875
1 0.35859375 0.20703125 0.0140625 0.040625
1 0.38203125 0.2015625 0.01640625 0.0390625
1 0.4234375 0.19921875 0.01484375 0.0390625
1 0.428125 0.16796875 0.0140625 0.03359375
1 0.44765625 0.165625 0.01171875 0.02890625
1 0.47109375 0.178125 0.01484375 0.03671875
1 0.48828125 0.21015625 0.0171875 0.040625
1 0.48515625 0.15546875 0.0140625 0.03515625
1 0.51171875 0.18046875 0.01484375 0.03671875
1 0.5171875 0.16015625 0.01640625 0.03671875
1 0.53984375 0.23828125 0.015625 0.0390625
1 0.56015625 0.215625 0.015625 0.03671875
1 0.55 0.16640625 0.01484375 0.03359375
1 0.54765625 0.1390625 0.0125 0.03203125
1 0.5703125 0.14140625 0.01328125 0.040625
1 0.58984375 0.12890625 0.01171875 0.03515625
1 0.5984375 0.159375 0.01484375 0.03203125
1 0.6046875 0.18203125 0.0125 0.03671875
1 0.6109375 0.20703125 0.0140625 0.03359375
1 0.459375 0.18046875 0.0109375 0.03671875
1 0.62109375 0.13125 0.01328125 0.040625
1 0.63828125 0.15 0.01484375 0.03359375
1 0.65703125 0.13359375 0.01328125 0.0390625
1 0.68359375 0.14140625 0.0125 0.03359375
1 0.70390625 0.16015625 0.0125 0.03671875
1 0.64609375 0.18828125 0.01328125 0.03671875
1 0.67890625 0.171875 0.0125 0.03671875
1 0.5734375 0.17890625 0.01640625 0.03203125
1 0.56484375 0.3453125 0.01875 0.05078125
1 0.6 0.38203125 0.025 0.05703125
1 0.60625 0.30625 0.02578125 0.05703125
1 0.6515625 0.25703125 0.01796875 0.0484375
1 0.68828125 0.225 0.01640625 0.0390625
1 0.65 0.41015625 0.025 0.05859375
1 0.709375 0.4203125 0.02578125 0.0625
1 0.7859375 0.45234375 0.02734375 0.07265625
1 0.86015625 0.48984375 0.028125 0.07421875
1 0.87265625 0.41328125 0.0203125 0.065625
1 0.9453125 0.4515625 0.02578125 0.0640625
1 0.71328125 0.26875 0.02109375 0.0484375
1 0.73203125 0.2359375 0.01640625 0.04375
1 0.7359375 0.19296875 0.01484375 0.03515625
1 0.76015625 0.1875 0.0125 0.03515625
1 0.76796875 0.215625 0.01171875 0.03046875
1 0.7859375 0.25390625 0.01484375 0.04375
1 0.7421875 0.29609375 0.0203125 0.046875
1 0.80546875 0.30859375 0.01796875 0.05234375
1 0.809375 0.23203125 0.015625 0.03671875
1 0.7984375 0.1953125 0.01328125 0.03671875
1 0.83125 0.21875 0.01171875 0.03671875
1 0.86171875 0.2390625 0.01328125 0.03671875
1 0.8703125 0.2265625 0.0125 0.0390625
1 0.8875 0.25859375 0.0125 0.0421875
1 0.896875 0.24296875 0.01171875 0.03515625
1 0.87890625 0.30078125 0.015625 0.0453125
1 0.85625 0.3171875 0.01875 0.0390625
1 0.853125 0.36953125 0.015625 0.05546875
1 0.915625 0.33828125 0.01484375 0.05078125
1 0.9171875 0.27578125 0.0140625 0.040625
1 0.9421875 0.259375 0.01328125 0.03671875
1 0.9703125 0.2546875 0.0125 0.03203125
1 0.9609375 0.3765625 0.0171875 0.0484375
1 0.9625 0.34296875 0.01484375 0.03515625
1 0.96171875 0.30859375 0.01171875 0.0390625