1 0.10078125 0.5 0.075 0.1203125
1 0.1453125 0.47265625 0.05 0.08515625
1 0.10078125 0.3984375 0.03515625 0.053125
1 0.0265625 0.39609375 0.0296875 0.04296875
1 0.14765625 0.3890625 0.025 0.03984375
1 0.190625 0.3796875 0.025 0.03515625
1 0.2484375 0.378125 0.0265625 0.04296875
1 0.2859375 0.3765625 0.025 0.0453125
1 0.275 0.43359375 0.04296875 0.078125
1 0.3171875 0.434375 0.03515625 0.06015625
1 0.31484375 0.38046875 0.0203125 0.0375
1 0.34609375 0.3671875 0.021875 0.03515625
1 0.36328125 0.36953125 0.01640625 0.03984375
1 0.38671875 0.35703125 0.01640625 0.03515625
1 0.384375 0.421875 0.03203125 0.05546875
1 0.459375 0.4171875 0.025 0.05546875
1 0.50859375 0.41328125 0.03359375 0.053125
1 0.540625 0.3921875 0.021875 0.03984375
1 0.57421875 0.378125 0.01796875 0.0375
1 0.5875 0.3921875 0.021875 0.03984375
1 0.6390625 0.3734375 0.021875 0.0375
1 0.70703125 0.3765625 0.0265625 0.03515625
1 0.7609375 0.3859375 0.01796875 0.0328125
1 0.4640625 0.59453125 0.11484375 0.1734375
1 0.64765625 0.5265625 0.078125 0.14296875
1 0.83984375 0.4921875 0.05703125 0.10546875
1 0.8921875 0.46484375 0.0453125 0.0703125
1 0.88359375 0.428125 0.03671875 0.0578125
1 0.86015625 0.409375 0.0296875 0.05
1 0.86328125 0.384375 0.0234375 0.03984375
1 0.828125 0.390625 0.0265625 0.04296875
1 0.8 0.38671875 0.0234375 0.03984375