1 0.40625 0.30234375 0.021875 0.04375
1 0.35 0.26015625 0.0171875 0.03203125
1 0.34140625 0.22734375 0.01640625 0.03125
1 0.31328125 0.23203125 0.0140625 0.03125
1 0.39921875 0.20234375 0.01640625 0.03671875
1 0.4390625 0.25 0.02265625 0.03671875
1 0.4203125 0.2234375 0.01640625 0.03359375
1 0.4828125 0.20703125 0.01875 0.040625
1 0.46953125 0.1640625 0.015625 0.03359375
1 0.52421875 0.196875 0.01875 0.03671875
1 0.52421875 0.153125 0.0140625 0.028125
1 0.5625 0.1765625 0.01640625 0.03203125
1 0.5625 0.14453125 0.01328125 0.03125
1 0.5875 0.15234375 0.0140625 0.03203125
1 0.5890625 0.06796875 0.0140625 0.0296875
1 0.5515625 0.2953125 0.02421875 0.0390625
1 0.58515625 0.25234375 0.0234375 0.04375
1 0.65234375 0.2625 0.02265625 0.05078125
1 0.665625 0.2109375 0.01640625 0.03671875
1 0.6609375 0.17421875 0.015625 0.025
1 0.7 0.25390625 0.0234375 0.03671875
1 0.7328125 0.26640625 0.02421875 0.04921875
1 0.7546875 0.22734375 0.01640625 0.0390625
1 0.7984375 0.275 0.0265625 0.05078125
1 0.8140625 0.23828125 0.01875 0.04375
1 0.77421875 0.2015625 0.0140625 0.03203125
1 0.7578125 0.17890625 0.015625 0.03203125
1 0.73046875 0.1640625 0.0171875 0.03671875
1 0.765625 0.128125 0.0109375 0.03203125
1 0.8015625 0.13046875 0.01171875 0.03359375
1 0.83046875 0.0875 0.01484375 0.03203125
1 0.8046875 0.1734375 0.0125 0.03203125
1 0.84375 0.18984375 0.0109375 0.03359375
1 0.8265625 0.21796875 0.015625 0.03359375
1 0.86484375 0.22890625 0.01484375 0.05078125
1 0.87578125 0.22109375 0.0140625 0.04375
1 0.8671875 0.1421875 0.01171875 0.03359375
1 0.9296875 0.0984375 0.01015625 0.028125
1 0.89765625 0.27265625 0.03046875 0.06484375