1 0.18046875 0.45390625 0.05390625 0.10703125
1 0.23828125 0.36640625 0.04453125 0.10703125
1 0.27734375 0.2078125 0.02578125 0.04609375
1 0.34140625 0.27578125 0.01953125 0.04453125
1 0.35625 0.26015625 0.01875 0.0359375
1 0.4375 0.28125 0.028125 0.05078125
1 0.4234375 0.221875 0.01953125 0.03828125
1 0.41171875 0.1875 0.01796875 0.0328125
1 0.45234375 0.2234375 0.02578125 0.04765625
1 0.46171875 0.18203125 0.01796875 0.034375
1 0.4828125 0.19921875 0.01875 0.0359375
1 0.46484375 0.15078125 0.01640625 0.028125
1 0.47890625 0.153125 0.01328125 0.0296875
1 0.4890625 0.1640625 0.01796875 0.03125
1 0.49296875 0.13515625 0.0140625 0.0265625
1 0.51875 0.1734375 0.01796875 0.03125
1 0.540625 0.1390625 0.0171875 0.034375
1 0.56875 0.15234375 0.01484375 0.03125
1 0.57421875 0.11640625 0.01640625 0.028125
1 0.59140625 0.1578125 0.0140625 0.0359375
1 0.5484375 0.20390625 0.025 0.03984375
1 0.49296875 0.31015625 0.02734375 0.0609375
1 0.6328125 0.23828125 0.0296875 0.05078125
1 0.6515625 0.1265625 0.02265625 0.05234375
1 0.6671875 0.25078125 0.02578125 0.059375
1 0.696875 0.1609375 0.01953125 0.03828125
1 0.725 0.1484375 0.01640625 0.0328125
1 0.740625 0.16171875 0.01875 0.0359375
1 0.709375 0.0953125 0.01328125 0.0296875
1 0.7171875 0.0765625 0.01171875 0.028125
1 0.740625 0.07421875 0.0140625 0.0296875
1 0.76640625 0.10390625 0.01328125 0.0265625
1 0.75859375 0.14296875 0.01484375 0.03984375
1 0.76875 0.16875 0.01640625 0.04140625
1 0.73046875 0.278125 0.034375 0.059375
1 0.7875 0.26953125 0.03203125 0.0609375
1 0.81328125 0.18203125 0.01875 0.04140625
1 0.828125 0.13046875 0.01640625 0.0359375
1 0.865625 0.17890625 0.01484375 0.034375
1 0.88828125 0.2296875 0.0171875 0.04765625