1 0.04375 0.29609375 0.08125 0.2796875
1 0.134375 0.3203125 0.096875 0.328125
1 0.1453125 0.14375 0.05546875 0.17578125
1 0.30546875 0.19609375 0.0625 0.22421875
1 0.325 0.15 0.05 0.171875
1 0.40546875 0.278125 0.10546875 0.38828125
1 0.4515625 0.15234375 0.0515625 0.16796875
1 0.56875 0.4859375 0.12578125 0.3796875
1 0.6109375 0.21015625 0.05859375 0.2203125
1 0.53984375 0.0921875 0.0484375 0.16015625
1 0.6375 0.0796875 0.0484375 0.1359375
1 0.71953125 0.165625 0.08125 0.27578125
1 0.7828125 0.07421875 0.03984375 0.13203125
1 0.8625 0.07578125 0.03828125 0.14375
1 0.89921875 0.10390625 0.053125 0.17578125
1 0.95234375 0.20234375 0.07890625 0.24375
1 0.96015625 0.05 0.03984375 0.084375