1 0.18125 0.359375 0.05390625 0.08984375
1 0.3171875 0.23046875 0.01015625 0.03359375
1 0.621875 0.09921875 0.01171875 0.0265625
1 0.634375 0.10234375 0.0125 0.0203125
1 0.66015625 0.10703125 0.0125 0.0296875
1 0.59140625 0.10546875 0.01328125 0.02421875
1 0.55390625 0.12109375 0.01484375 0.03203125
1 0.51484375 0.1078125 0.01328125 0.02421875
1 0.7015625 0.11796875 0.015625 0.0265625
1 0.47578125 0.1265625 0.01171875 0.028125
1 0.415625 0.15859375 0.01484375 0.028125
1 0.34921875 0.2015625 0.0171875 0.0359375
1 0.321875 0.2046875 0.0171875 0.028125
1 0.41328125 0.1984375 0.0171875 0.0296875
1 0.446875 0.20390625 0.01875 0.0296875
1 0.490625 0.1515625 0.01796875 0.03359375
1 0.51328125 0.14921875 0.01796875 0.0390625
1 0.5375 0.1453125 0.0203125 0.03203125
1 0.5765625 0.13359375 0.0203125 0.0359375
1 0.559375 0.1828125 0.0234375 0.04296875
1 0.60546875 0.1421875 0.01796875 0.0375
1 0.64375 0.1453125 0.0171875 0.0359375
1 0.6734375 0.13984375 0.01796875 0.03203125
1 0.48671875 0.21328125 0.025 0.0484375
1 0.7625 0.14609375 0.0171875 0.03359375
1 0.78671875 0.1328125 0.0171875 0.0296875
1 0.52734375 0.27265625 0.0328125 0.05078125
1 0.5859375 0.28203125 0.021875 0.0578125
1 0.60390625 0.3015625 0.04296875 0.075
1 0.621875 0.2546875 0.0265625 0.05234375
1 0.64140625 0.19765625 0.02109375 0.04296875
1 0.66953125 0.2078125 0.02734375 0.05625
1 0.71328125 0.1828125 0.0203125 0.0390625
1 0.72265625 0.2265625 0.021875 0.0484375
1 0.6859375 0.2609375 0.02734375 0.05078125
1 0.70078125 0.321875 0.03046875 0.075
1 0.7390625 0.3875 0.03046875 0.05234375
1 0.803125 0.209375 0.02421875 0.04140625
1 0.8015625 0.16796875 0.0171875 0.03203125
1 0.775 0.1890625 0.02109375 0.0375
1 0.84609375 0.15078125 0.015625 0.0359375
1 0.88359375 0.15234375 0.01484375 0.0359375
1 0.91796875 0.16875 0.01484375 0.0375
1 0.94453125 0.1703125 0.0125 0.04140625
1 0.859375 0.1984375 0.0171875 0.0453125
1 0.80625 0.284375 0.03046875 0.0671875
1 0.83359375 0.228125 0.02734375 0.05234375
1 0.88515625 0.190625 0.0203125 0.04140625
1 0.940625 0.225 0.02421875 0.0453125
1 0.87734375 0.26015625 0.01875 0.05234375
1 0.82734375 0.3546875 0.03125 0.06171875
1 0.93359375 0.28828125 0.02421875 0.06328125
1 0.921875 0.36171875 0.025 0.0484375
1 0.896875 0.4140625 0.0359375 0.07109375
1 0.46328125 0.15 0.01328125 0.0296875
1 0.53125 0.1234375 0.01796875 0.02265625
1 0.55625 0.1546875 0.0171875 0.0359375
1 0.61796875 0.1171875 0.0203125 0.04296875
1 0.59375 0.16953125 0.015625 0.0390625
1 0.7625 0.12421875 0.01484375 0.028125
1 0.82109375 0.18359375 0.021875 0.05234375
1 0.8484375 0.31171875 0.0296875 0.0578125
1 0.88046875 0.225 0.02109375 0.05234375
1 0.93828125 0.19765625 0.021875 0.05078125
1 0.425 0.17265625 0.01484375 0.0265625
1 0.65859375 0.1359375 0.015625 0.03203125
1 0.59375 0.2359375 0.0234375 0.05234375