1 0.1890625 0.4234375 0.0390625 0.07578125
1 0.26484375 0.26640625 0.01328125 0.025
1 0.29296875 0.28125 0.01796875 0.03125
1 0.28828125 0.2515625 0.01875 0.03125
1 0.33671875 0.2859375 0.01953125 0.034375
1 0.37890625 0.27890625 0.015625 0.034375
1 0.36015625 0.2359375 0.0140625 0.0296875
1 0.371875 0.19921875 0.01484375 0.0296875
1 0.39609375 0.20078125 0.0140625 0.0234375
1 0.39296875 0.228125 0.01875 0.03125
1 0.3984375 0.16953125 0.0140625 0.0234375
1 0.43125 0.18046875 0.01640625 0.028125
1 0.4484375 0.234375 0.01640625 0.03125
1 0.4890625 0.22109375 0.015625 0.0359375
1 0.4578125 0.18671875 0.01328125 0.028125
1 0.44921875 0.153125 0.0109375 0.0265625
1 0.475 0.1546875 0.01171875 0.01953125
1 0.51640625 0.20390625 0.0140625 0.0359375
1 0.51796875 0.1453125 0.01328125 0.0234375
1 0.53046875 0.17109375 0.0109375 0.0265625
1 0.509375 0.1328125 0.01015625 0.025
1 0.49296875 0.18828125 0.01171875 0.025
1 0.5015625 0.1640625 0.01328125 0.028125
1 0.56015625 0.1703125 0.01484375 0.028125
1 0.5828125 0.171875 0.015625 0.028125
1 0.5875 0.146875 0.0140625 0.0234375
1 0.6046875 0.15234375 0.015625 0.025
1 0.590625 0.11953125 0.01328125 0.02109375
1 0.56953125 0.128125 0.01015625 0.0265625
1 0.55703125 0.12734375 0.0109375 0.025
1 0.653125 0.13984375 0.01171875 0.0265625
1 0.6671875 0.11796875 0.01328125 0.025
1 0.7078125 0.10546875 0.009375 0.0296875
1 0.63125 0.1125 0.01015625 0.01796875
1 0.6203125 0.103125 0.01015625 0.025
1 0.640625 0.140625 0.0109375 0.02109375
1 0.50625 0.3171875 0.0265625 0.04453125
1 0.52890625 0.34921875 0.02109375 0.04921875
1 0.56015625 0.26015625 0.01953125 0.04296875
1 0.62734375 0.24921875 0.01640625 0.04453125
1 0.63046875 0.2125 0.01796875 0.0359375
1 0.66953125 0.21796875 0.01796875 0.03828125
1 0.66875 0.1671875 0.01484375 0.03125
1 0.696875 0.18515625 0.01875 0.04453125
1 0.69609375 0.15625 0.0140625 0.0234375
1 0.7296875 0.16796875 0.0140625 0.0328125
1 0.7421875 0.1171875 0.0140625 0.0296875
1 0.6078125 0.31015625 0.0234375 0.0578125
1 0.69375 0.3140625 0.02890625 0.05078125
1 0.7296875 0.25234375 0.01875 0.04609375
1 0.70234375 0.24140625 0.01875 0.034375
1 0.73046875 0.20625 0.01328125 0.0328125
1 0.75078125 0.15703125 0.0140625 0.025
1 0.7765625 0.134375 0.01015625 0.028125
1 0.78515625 0.140625 0.01328125 0.028125
1 0.8125 0.1578125 0.01328125 0.0296875
1 0.834375 0.1421875 0.01171875 0.025
1 0.86796875 0.13046875 0.01015625 0.0234375
1 0.7703125 0.209375 0.01796875 0.0328125
1 0.75234375 0.2390625 0.01875 0.04296875
1 0.74921875 0.34140625 0.02890625 0.065625
1 0.79453125 0.2859375 0.01875 0.04765625
1 0.809375 0.26015625 0.01875 0.03984375
1 0.83046875 0.20859375 0.01640625 0.04140625
1 0.85703125 0.1453125 0.01171875 0.0234375
1 0.85234375 0.18046875 0.01171875 0.028125
1 0.88828125 0.16953125 0.01015625 0.0234375
1 0.89765625 0.18515625 0.01171875 0.028125
1 0.92890625 0.16015625 0.01015625 0.0265625
1 0.91875 0.215625 0.01484375 0.0234375
1 0.9234375 0.25078125 0.01640625 0.0359375
1 0.9015625 0.29765625 0.021875 0.0578125
1 0.8796875 0.3703125 0.0265625 0.0625
1 0.81484375 0.3390625 0.0296875 0.059375
1 0.8375 0.303125 0.021875 0.05625
1 0.86484375 0.26640625 0.01796875 0.04453125
1 0.87421875 0.209375 0.015625 0.04609375