1 0.159375 0.465625 0.04765625 0.08984375
1 0.3390625 0.2234375 0.01484375 0.034375
1 0.34375 0.184375 0.01328125 0.034375
1 0.4796875 0.221875 0.01796875 0.034375
1 0.44375 0.21953125 0.0171875 0.0328125
1 0.41640625 0.21015625 0.01328125 0.028125
1 0.4125 0.18046875 0.01484375 0.02421875
1 0.4234375 0.153125 0.01171875 0.02109375
1 0.4453125 0.153125 0.01171875 0.02109375
1 0.45078125 0.18046875 0.01484375 0.03125
1 0.4671875 0.1875 0.015625 0.03125
1 0.46171875 0.13046875 0.01015625 0.02421875
1 0.47734375 0.15078125 0.01015625 0.02265625
1 0.5046875 0.15 0.0125 0.02421875
1 0.49921875 0.121875 0.01171875 0.01796875
1 0.5203125 0.12421875 0.0109375 0.0265625
1 0.53359375 0.1875 0.01484375 0.03125
1 0.559375 0.16015625 0.01484375 0.0265625
1 0.53203125 0.15390625 0.0125 0.02265625
1 0.54140625 0.12734375 0.0109375 0.01953125
1 0.58203125 0.16953125 0.015625 0.028125
1 0.59765625 0.14296875 0.01328125 0.028125
1 0.58359375 0.1125 0.0109375 0.02109375
1 0.60234375 0.12109375 0.009375 0.02265625
1 0.6171875 0.1453125 0.0125 0.0359375
1 0.64609375 0.14140625 0.0125 0.03125
1 0.61328125 0.1171875 0.0078125 0.02421875
1 0.60703125 0.10390625 0.0125 0.02109375
1 0.62734375 0.1015625 0.01015625 0.01953125
1 0.6546875 0.1046875 0.009375 0.0265625
1 0.67421875 0.12421875 0.0109375 0.01953125
1 0.6953125 0.1234375 0.0109375 0.02109375
1 0.71484375 0.1421875 0.01328125 0.0265625
1 0.70390625 0.16015625 0.01484375 0.0265625
1 0.66171875 0.18828125 0.0171875 0.0328125
1 0.61953125 0.20703125 0.01640625 0.040625
1 0.63203125 0.25078125 0.015625 0.0421875
1 0.56953125 0.25390625 0.01953125 0.0390625
1 0.6015625 0.3078125 0.028125 0.065625
1 0.55 0.2921875 0.0265625 0.04765625
1 0.5140625 0.28359375 0.02890625 0.04765625
1 0.67265625 0.34296875 0.0296875 0.0671875
1 0.66171875 0.2578125 0.01953125 0.04765625
1 0.66640625 0.2203125 0.01640625 0.034375
1 0.6953125 0.21015625 0.01484375 0.03125
1 0.71171875 0.228125 0.01875 0.040625
1 0.73828125 0.17578125 0.01328125 0.034375
1 0.75 0.15703125 0.01328125 0.0296875
1 0.74765625 0.12578125 0.01015625 0.02265625
1 0.7578125 0.12734375 0.0125 0.0265625
1 0.7765625 0.1359375 0.01171875 0.0328125
1 0.76640625 0.18359375 0.015625 0.0359375
1 0.7578125 0.340625 0.025 0.05859375
1 0.7703125 0.26796875 0.02109375 0.05078125
1 0.80234375 0.27421875 0.01953125 0.040625
1 0.84375 0.30625 0.01953125 0.04609375
1 0.8265625 0.36640625 0.0265625 0.05546875
1 0.90625 0.3375 0.02109375 0.05234375
1 0.91640625 0.2828125 0.01796875 0.0421875
1 0.86484375 0.2734375 0.01953125 0.04609375
1 0.8734375 0.23203125 0.01328125 0.0359375
1 0.884375 0.2109375 0.015625 0.0359375
1 0.89765625 0.19453125 0.01171875 0.0296875
1 0.89921875 0.17265625 0.0109375 0.028125
1 0.90703125 0.1609375 0.0109375 0.02421875
1 0.93046875 0.17578125 0.01328125 0.034375
1 0.93828125 0.21171875 0.0125 0.03125
1 0.91953125 0.23984375 0.01015625 0.03125
1 0.9265625 0.2265625 0.01171875 0.03125
1 0.8375 0.21796875 0.015625 0.0359375
1 0.84140625 0.19765625 0.01484375 0.0296875
1 0.85625 0.184375 0.0125 0.028125
1 0.86640625 0.1578125 0.0125 0.034375
1 0.87265625 0.1484375 0.01328125 0.02421875
1 0.840625 0.15234375 0.01328125 0.0328125
1 0.821875 0.175 0.01171875 0.0265625
1 0.80546875 0.20078125 0.0125 0.034375
1 0.78671875 0.203125 0.01484375 0.0359375
1 0.7890625 0.17265625 0.01640625 0.02109375