1 0.13203125 0.55546875 0.13203125 0.2265625
1 0.18515625 0.43359375 0.0984375 0.15859375
1 0.35859375 0.5296875 0.10546875 0.2265625
1 0.6484375 0.74375 0.1375 0.2578125
1 0.8234375 0.5875 0.1265625 0.26875
1 0.73984375 0.4109375 0.0640625 0.1078125
1 0.79375 0.37109375 0.05859375 0.1078125
1 0.7578125 0.1671875 0.0546875 0.10234375
1 0.8625 0.23828125 0.0453125 0.0734375
1 0.921875 0.321875 0.05078125 0.09921875
1 0.940625 0.4265625 0.06953125 0.12734375
1 0.97421875 0.33125 0.05078125 0.0796875
1 0.68515625 0.275 0.04140625 0.06796875
1 0.6484375 0.29453125 0.04375 0.0625
1 0.6140625 0.3796875 0.05078125 0.090625
1 0.490625 0.33984375 0.06015625 0.10234375
1 0.48046875 0.26484375 0.03984375 0.059375
1 0.490625 0.23515625 0.04140625 0.05078125
1 0.5515625 0.26171875 0.0359375 0.06484375
1 0.590625 0.25078125 0.03359375 0.059375
1 0.4390625 0.275 0.0359375 0.0734375
1 0.3875 0.23359375 0.03984375 0.06484375
1 0.36953125 0.20234375 0.03046875 0.0484375
1 0.29609375 0.31171875 0.04921875 0.10234375
1 0.21484375 0.31015625 0.053125 0.0875
1 0.22109375 0.26484375 0.04140625 0.0765625
1 0.096875 0.26328125 0.03984375 0.0625
1 0.059375 0.259375 0.046875 0.0875
1 0.04140625 0.2125 0.04140625 0.0625
1 0.02109375 0.26328125 0.0375 0.0734375