1 0.0828125 0.5640625 0.04453125 0.12578125
1 0.1921875 0.29765625 0.0171875 0.04296875
1 0.22265625 0.29765625 0.025 0.046875
1 0.26484375 0.24375 0.01875 0.04140625
1 0.34609375 0.21171875 0.01328125 0.046875
1 0.3640625 0.27578125 0.0203125 0.05390625
1 0.3578125 0.203125 0.01484375 0.0359375
1 0.38828125 0.18984375 0.0171875 0.03828125
1 0.39140625 0.24921875 0.01796875 0.03984375
1 0.43515625 0.3125 0.025 0.05546875
1 0.428125 0.2 0.01328125 0.04140625
1 0.4421875 0.171875 0.01796875 0.03984375
1 0.46796875 0.25390625 0.01953125 0.05546875
1 0.49296875 0.2078125 0.0171875 0.05
1 0.51875 0.1703125 0.01640625 0.05
1 0.546875 0.228125 0.0171875 0.05546875
1 0.55 0.13671875 0.0125 0.03125
1 0.553125 0.1671875 0.01640625 0.03828125
1 0.57734375 0.203125 0.01875 0.03984375
1 0.57734375 0.17421875 0.0171875 0.04453125
1 0.57421875 0.1375 0.01484375 0.04296875
1 0.596875 0.12265625 0.0140625 0.04140625
1 0.61875 0.20625 0.01484375 0.05
1 0.628125 0.13046875 0.01328125 0.0359375
1 0.65625 0.1828125 0.01484375 0.04453125
1 0.6859375 0.16640625 0.01640625 0.0359375
1 0.5734375 0.34296875 0.0234375 0.06015625
1 0.61015625 0.2875 0.02578125 0.06015625
1 0.6046875 0.3796875 0.0234375 0.07578125
1 0.65546875 0.4359375 0.02890625 0.07109375
1 0.7203125 0.41328125 0.0203125 0.07109375
1 0.7953125 0.4765625 0.02734375 0.08671875
1 0.865625 0.4984375 0.0234375 0.084375
1 0.88515625 0.42109375 0.01796875 0.065625
1 0.9546875 0.48671875 0.02109375 0.0625
1 0.6609375 0.25234375 0.02265625 0.0484375
1 0.703125 0.21796875 0.01640625 0.0515625
1 0.71640625 0.2734375 0.0203125 0.06015625
1 0.740625 0.23046875 0.01796875 0.05
1 0.75 0.18984375 0.0171875 0.0484375
1 0.74921875 0.30859375 0.01640625 0.05390625
1 0.7671875 0.18984375 0.01328125 0.04140625
1 0.7875 0.21171875 0.01640625 0.046875
1 0.80859375 0.1984375 0.01640625 0.04453125
1 0.7890625 0.265625 0.01796875 0.05546875
1 0.81171875 0.30546875 0.01796875 0.05859375
1 0.81875 0.23125 0.0171875 0.04140625
1 0.82890625 0.21875 0.0171875 0.04296875
1 0.86640625 0.2375 0.0109375 0.03984375
1 0.8671875 0.3640625 0.0203125 0.05546875
1 0.90390625 0.23671875 0.01328125 0.04140625
1 0.896875 0.2671875 0.015625 0.0328125
1 0.884375 0.2953125 0.01640625 0.04140625
1 0.925 0.353125 0.01640625 0.05
1 0.95 0.38984375 0.0203125 0.0640625
1 0.9734375 0.3734375 0.0171875 0.04453125
1 0.928125 0.27578125 0.0171875 0.04296875
1 0.9484375 0.2484375 0.0125 0.03125
1 0.98125 0.2609375 0.01015625 0.034375
1 0.97421875 0.31328125 0.01484375 0.03984375
1 0.971875 0.340625 0.015625 0.04140625
1 0.8703125 0.3265625 0.01640625 0.0484375
1 0.66484375 0.13828125 0.0140625 0.03828125
1 0.653125 0.146875 0.0140625 0.0484375
1 0.6875 0.14140625 0.0125 0.04140625
1 0.6046875 0.15859375 0.01328125 0.03828125
1 0.6078125 0.18203125 0.01484375 0.04296875
1 0.490625 0.16328125 0.015625 0.04296875
1 0.30234375 0.2484375 0.015625 0.04140625
1 0.3109375 0.2328125 0.01484375 0.04140625