1 0.17890625 0.44140625 0.0484375 0.08828125
1 0.26796875 0.2484375 0.01640625 0.0359375
1 0.28828125 0.24609375 0.01875 0.0359375
1 0.2859375 0.290625 0.021875 0.03828125
1 0.35078125 0.2609375 0.01875 0.040625
1 0.37109375 0.23203125 0.01875 0.03125
1 0.37421875 0.2796875 0.021875 0.0359375
1 0.43046875 0.25390625 0.02265625 0.040625
1 0.465625 0.23203125 0.02265625 0.040625
1 0.44609375 0.1859375 0.01640625 0.03359375
1 0.4375 0.16796875 0.01640625 0.03125
1 0.41328125 0.1859375 0.01328125 0.02890625
1 0.4046875 0.17734375 0.01796875 0.03125
1 0.3703125 0.18828125 0.01484375 0.0234375
1 0.46328125 0.16328125 0.01328125 0.03125
1 0.46171875 0.14296875 0.0109375 0.0234375
1 0.4734375 0.18359375 0.01796875 0.03828125
1 0.48671875 0.2 0.01875 0.03359375
1 0.5140625 0.20859375 0.0203125 0.040625
1 0.490625 0.1640625 0.01328125 0.02890625
1 0.496875 0.140625 0.01484375 0.0234375
1 0.51015625 0.16171875 0.01484375 0.03359375
1 0.54375 0.17109375 0.01875 0.03359375
1 0.54765625 0.12265625 0.01328125 0.03125
1 0.58125 0.1703125 0.01875 0.0359375
1 0.58203125 0.13828125 0.01484375 0.02890625
1 0.58125 0.1109375 0.01328125 0.0265625
1 0.6046875 0.13828125 0.01796875 0.03359375
1 0.609375 0.10625 0.0125 0.03125
1 0.6375 0.1046875 0.0125 0.0234375
1 0.6421875 0.11875 0.0109375 0.01875
1 0.63984375 0.1390625 0.01328125 0.03125
1 0.640625 0.1640625 0.01875 0.03359375
1 0.65859375 0.175 0.01875 0.040625
1 0.6625 0.1109375 0.01328125 0.03125
1 0.690625 0.12109375 0.0125 0.02890625
1 0.56640625 0.259375 0.02734375 0.05234375
1 0.49140625 0.3 0.02265625 0.05234375
1 0.53125 0.31875 0.0296875 0.04765625
1 0.628125 0.29765625 0.03125 0.05703125
1 0.6125 0.25 0.02734375 0.04296875
1 0.621875 0.2046875 0.01875 0.03828125
1 0.65703125 0.2140625 0.02421875 0.04296875
1 0.68828125 0.2390625 0.02421875 0.0453125
1 0.71015625 0.2765625 0.0328125 0.06171875
1 0.66875 0.33203125 0.03671875 0.06875
1 0.72890625 0.37265625 0.0296875 0.07890625
1 0.80234375 0.42109375 0.03828125 0.0765625
1 0.778125 0.275 0.028125 0.0640625
1 0.75546875 0.21796875 0.02265625 0.0453125
1 0.72109375 0.20234375 0.021875 0.04296875
1 0.69609375 0.1734375 0.0203125 0.03828125
1 0.68203125 0.15625 0.01484375 0.0265625
1 0.734375 0.115625 0.01640625 0.0265625
1 0.74296875 0.14140625 0.02265625 0.040625
1 0.7609375 0.1234375 0.01484375 0.02890625
1 0.778125 0.14140625 0.0203125 0.040625
1 0.80625 0.1484375 0.021875 0.0359375
1 0.8046875 0.2390625 0.02421875 0.059375
1 0.7703125 0.209375 0.0203125 0.04296875
1 0.8203125 0.1984375 0.0203125 0.0453125
1 0.82109375 0.14296875 0.01328125 0.02890625
1 0.8296875 0.13203125 0.01796875 0.0265625
1 0.84921875 0.175 0.01875 0.040625
1 0.8546875 0.1453125 0.01328125 0.02890625
1 0.8578125 0.13203125 0.0109375 0.02109375
1 0.88359375 0.17109375 0.021875 0.03828125
1 0.8953125 0.14609375 0.0125 0.03125
1 0.92109375 0.15 0.01875 0.02890625
1 0.875 0.2140625 0.01484375 0.04296875
1 0.86640625 0.2703125 0.02265625 0.05
1 0.8484375 0.29375 0.021875 0.059375
1 0.8890625 0.390625 0.03828125 0.07109375
1 0.91640625 0.26640625 0.02265625 0.04296875
1 0.909375 0.2 0.01640625 0.03828125