1 0.1578125 0.64453125 0.228125 0.3140625
1 0.0375 0.409375 0.06875 0.11875
1 0.071875 0.33984375 0.0828125 0.1046875
1 0.040625 0.26640625 0.0625 0.09296875
1 0.14140625 0.36484375 0.059375 0.1125
1 0.190625 0.29140625 0.0578125 0.08671875
1 0.1953125 0.51484375 0.1609375 0.19921875
1 0.225 0.43359375 0.11953125 0.1578125
1 0.30234375 0.3921875 0.0796875 0.15
1 0.3453125 0.3234375 0.0640625 0.10859375
1 0.46953125 0.33828125 0.075 0.115625
1 0.48828125 0.2890625 0.046875 0.0828125
1 0.6328125 0.3453125 0.06484375 0.1375
1 0.6671875 0.353125 0.071875 0.121875
1 0.753125 0.4078125 0.1125 0.1984375
1 0.8703125 0.3875 0.13984375 0.21640625