1 0.0671875 0.475 0.0375 0.059375
1 0.203125 0.4921875 0.0515625 0.0625
1 0.25703125 0.45 0.03515625 0.04375
1 0.36328125 0.47578125 0.03984375 0.0578125
1 0.36328125 0.4375 0.03046875 0.040625
1 0.45 0.43125 0.028125 0.05
1 0.446875 0.478125 0.04140625 0.065625
1 0.484375 0.49765625 0.06015625 0.0984375
1 0.534375 0.4234375 0.02578125 0.04375
1 0.58671875 0.4265625 0.03203125 0.04375
1 0.58828125 0.46796875 0.0375 0.0515625
1 0.64765625 0.5109375 0.0578125 0.08125
1 0.6796875 0.45234375 0.0328125 0.0453125
1 0.66328125 0.4265625 0.025 0.0375
1 0.64375 0.4140625 0.02109375 0.040625
1 0.703125 0.4 0.0234375 0.034375
1 0.740625 0.42265625 0.028125 0.0390625
1 0.7796875 0.4625 0.04453125 0.071875
1 0.80703125 0.4078125 0.0203125 0.034375
1 0.83671875 0.42578125 0.03203125 0.0453125
1 0.89453125 0.44921875 0.0421875 0.0640625
1 0.90390625 0.41171875 0.02578125 0.0421875
1 0.840625 0.61171875 0.1125 0.2078125