1 0.11953125 0.5046875 0.0421875 0.10078125
1 0.27265625 0.2359375 0.01640625 0.0390625
1 0.31484375 0.2203125 0.01953125 0.040625
1 0.3296875 0.196875 0.02109375 0.0421875
1 0.34921875 0.22109375 0.02109375 0.0484375
1 0.371875 0.19765625 0.01875 0.04375
1 0.3828125 0.18828125 0.0171875 0.0359375
1 0.42578125 0.16796875 0.01640625 0.034375
1 0.4125 0.22265625 0.0171875 0.0359375
1 0.38671875 0.240625 0.02109375 0.0390625
1 0.44765625 0.278125 0.0234375 0.05390625
1 0.44375 0.1875 0.01796875 0.0375
1 0.46875 0.159375 0.01640625 0.0296875
1 0.484375 0.15 0.015625 0.034375
1 0.48828125 0.1609375 0.0171875 0.0359375
1 0.50859375 0.1453125 0.01328125 0.02890625
1 0.490625 0.22421875 0.0171875 0.0421875
1 0.5390625 0.20859375 0.015625 0.02890625
1 0.54375 0.153125 0.01796875 0.0328125
1 0.56796875 0.128125 0.01640625 0.0328125
1 0.56875 0.15 0.01640625 0.0296875
1 0.58984375 0.14140625 0.01796875 0.0328125
1 0.60703125 0.12109375 0.015625 0.03125
1 0.6421875 0.121875 0.0140625 0.0296875
1 0.65390625 0.12734375 0.01328125 0.02890625
1 0.62734375 0.1453125 0.015625 0.02265625
1 0.61796875 0.171875 0.0125 0.03125
1 0.62578125 0.18515625 0.015625 0.0359375
1 0.5875 0.1890625 0.01640625 0.034375
1 0.66328125 0.17109375 0.015625 0.0328125
1 0.69609375 0.1296875 0.01484375 0.0296875
1 0.690625 0.15 0.0140625 0.0296875
1 0.7234375 0.14921875 0.01484375 0.0328125
1 0.790625 0.1609375 0.0171875 0.0296875
1 0.76640625 0.18046875 0.0140625 0.0328125
1 0.74765625 0.19453125 0.015625 0.040625
1 0.72109375 0.2 0.0140625 0.02734375
1 0.66328125 0.23984375 0.01640625 0.040625
1 0.62578125 0.2734375 0.02421875 0.05390625
1 0.5703125 0.334375 0.021875 0.05234375
1 0.61640625 0.34453125 0.0234375 0.0484375
1 0.72265625 0.24140625 0.01953125 0.046875
1 0.771875 0.265625 0.01875 0.040625
1 0.7828125 0.21328125 0.0171875 0.0359375
1 0.81328125 0.18046875 0.01484375 0.0328125
1 0.834375 0.20546875 0.0171875 0.034375
1 0.80546875 0.2390625 0.0203125 0.0359375
1 0.82109375 0.27734375 0.01875 0.05
1 0.75234375 0.2140625 0.015625 0.034375
1 0.878125 0.2109375 0.015625 0.02890625
1 0.8703125 0.221875 0.0140625 0.03125
1 0.91796875 0.21015625 0.01484375 0.02890625
1 0.9109375 0.23046875 0.015625 0.03125
1 0.89609375 0.25390625 0.0203125 0.0390625
1 0.9484375 0.21796875 0.01328125 0.02734375
1 0.984375 0.2390625 0.0109375 0.02421875
1 0.92734375 0.31171875 0.015625 0.05
1 0.94765625 0.3484375 0.0203125 0.05859375
1 0.98046875 0.2859375 0.01484375 0.05390625
1 0.98203125 0.3359375 0.01875 0.040625
1 0.9546875 0.4203125 0.01953125 0.06484375
1 0.8984375 0.38984375 0.0203125 0.06640625
1 0.86796875 0.334375 0.01875 0.04375
1 0.81015625 0.41015625 0.025 0.078125
1 0.86640625 0.478125 0.03046875 0.071875
1 0.746875 0.38515625 0.025 0.06328125
1 0.665625 0.36875 0.02421875 0.05703125