1 0.1296875 0.65 0.1078125 0.1625
1 0.43359375 0.65 0.09375 0.1265625
1 0.84453125 0.63828125 0.1 0.1171875
1 0.97734375 0.49765625 0.0453125 0.07578125
1 0.90703125 0.48203125 0.0390625 0.06015625
1 0.79375 0.46640625 0.03515625 0.046875
1 0.81171875 0.43828125 0.02734375 0.0375
1 0.7375 0.44296875 0.02734375 0.046875
1 0.67109375 0.4953125 0.0484375 0.07421875
1 0.6453125 0.446875 0.03046875 0.04921875
1 0.5625 0.49296875 0.046875 0.071875
1 0.5734375 0.45234375 0.03515625 0.040625
1 0.56015625 0.43671875 0.028125 0.04296875
1 0.3484375 0.521875 0.0484375 0.0875
1 0.365625 0.44765625 0.03046875 0.04921875
1 0.259375 0.4546875 0.04296875 0.0703125
1 0.2859375 0.4625 0.0296875 0.03515625
1 0.16796875 0.42421875 0.02734375 0.04140625
1 0.125 0.46875 0.0390625 0.05234375
1 0.09921875 0.459375 0.0265625 0.03671875
1 0.06796875 0.46875 0.03828125 0.046875
1 0.01640625 0.509375 0.03046875 0.0796875