1 0.10859375 0.54921875 0.046875 0.10625
1 0.2265625 0.2671875 0.015625 0.0359375
1 0.2359375 0.28515625 0.021875 0.04921875
1 0.28359375 0.23984375 0.0203125 0.0453125
1 0.3109375 0.2390625 0.01796875 0.040625
1 0.315625 0.21015625 0.0171875 0.0390625
1 0.334375 0.23203125 0.01640625 0.0390625
1 0.35 0.23046875 0.01484375 0.04375
1 0.36875 0.2640625 0.02265625 0.05546875
1 0.36796875 0.20078125 0.01640625 0.0390625
1 0.3890625 0.19375 0.015625 0.04921875
1 0.40234375 0.2375 0.01953125 0.04765625
1 0.4390625 0.296875 0.025 0.05234375
1 0.434375 0.19375 0.01640625 0.0390625
1 0.440625 0.16640625 0.0171875 0.0359375
1 0.478125 0.2375 0.0234375 0.04375
1 0.49921875 0.20625 0.015625 0.0375
1 0.48125 0.1765625 0.0171875 0.0453125
1 0.46875 0.1765625 0.0140625 0.0390625
1 0.46015625 0.16875 0.01328125 0.02734375
1 0.49921875 0.15859375 0.0140625 0.0328125
1 0.52421875 0.17109375 0.01640625 0.0421875
1 0.55078125 0.23515625 0.01953125 0.0390625
1 0.56328125 0.1578125 0.01796875 0.034375
1 0.55703125 0.14140625 0.01328125 0.03125
1 0.5828125 0.20390625 0.015625 0.0390625
1 0.5859375 0.17109375 0.015625 0.0359375
1 0.584375 0.13671875 0.0140625 0.0328125
1 0.60234375 0.12890625 0.01484375 0.0328125
1 0.609375 0.153125 0.0140625 0.0296875
1 0.61328125 0.18203125 0.015625 0.034375
1 0.61171875 0.21015625 0.01875 0.0390625
1 0.63515625 0.12890625 0.015625 0.0296875
1 0.66171875 0.18046875 0.01640625 0.034375
1 0.65859375 0.14765625 0.0125 0.02734375
1 0.66328125 0.13359375 0.0125 0.0296875
1 0.690625 0.15859375 0.0171875 0.0390625
1 0.69453125 0.14140625 0.0140625 0.0375
1 0.7140625 0.16328125 0.0125 0.0390625
1 0.5828125 0.33515625 0.025 0.05390625
1 0.61015625 0.3828125 0.02890625 0.06015625
1 0.6171875 0.28984375 0.028125 0.05703125
1 0.6640625 0.2484375 0.0234375 0.06015625
1 0.6984375 0.21640625 0.01953125 0.04375
1 0.66328125 0.38984375 0.03046875 0.06875
1 0.72734375 0.39609375 0.03125 0.06875
1 0.71953125 0.28125 0.0234375 0.05390625
1 0.74453125 0.23359375 0.01796875 0.0421875
1 0.73359375 0.22421875 0.015625 0.0375
1 0.75625 0.21171875 0.015625 0.0390625
1 0.7703125 0.18515625 0.015625 0.0375
1 0.7828125 0.20078125 0.01640625 0.0421875
1 0.79453125 0.2453125 0.0203125 0.06015625
1 0.7546875 0.2953125 0.02265625 0.05546875
1 0.8015625 0.309375 0.02578125 0.05390625
1 0.828125 0.234375 0.0203125 0.040625
1 0.809375 0.1953125 0.01796875 0.0375
1 0.83125 0.209375 0.01484375 0.0375
1 0.86484375 0.23046875 0.015625 0.0375
1 0.88046875 0.23671875 0.0140625 0.0390625
1 0.9015625 0.221875 0.01640625 0.0359375
1 0.903125 0.26015625 0.015625 0.04765625
1 0.8875 0.278125 0.01875 0.04765625
1 0.87109375 0.30390625 0.02265625 0.05390625
1 0.86328125 0.3375 0.021875 0.04921875
1 0.80234375 0.44140625 0.03125 0.0828125
1 0.8703125 0.4859375 0.0296875 0.08125
1 0.88671875 0.4015625 0.02421875 0.071875
1 0.9359375 0.4171875 0.025 0.06015625
1 0.9546875 0.36015625 0.0171875 0.0453125
1 0.97734375 0.36171875 0.015625 0.05078125
1 0.92890625 0.32265625 0.01796875 0.05546875
1 0.9296875 0.2671875 0.0140625 0.0359375
1 0.953125 0.24609375 0.0125 0.0328125
1 0.98203125 0.2546875 0.0125 0.0390625
1 0.9796875 0.3078125 0.015625 0.04375