1 0.89921875 0.13359375 0.00859375 0.0265625
1 0.9234375 0.159375 0.00859375 0.025
1 0.92734375 0.159375 0.0109375 0.03125
1 0.91640625 0.19296875 0.01328125 0.0359375
1 0.9125 0.28046875 0.01875 0.053125
1 0.88671875 0.17890625 0.0109375 0.034375
1 0.878125 0.2015625 0.01640625 0.03984375
1 0.8671875 0.2171875 0.01640625 0.03828125
1 0.85859375 0.1390625 0.0109375 0.028125
1 0.84453125 0.15625 0.01328125 0.034375
1 0.8390625 0.184375 0.01484375 0.04140625
1 0.82421875 0.14453125 0.01328125 0.034375
1 0.809375 0.16953125 0.01484375 0.03125
1 0.8046875 0.13125 0.01015625 0.025
1 0.784375 0.1203125 0.009375 0.0265625
1 0.790625 0.1421875 0.01015625 0.0296875
1 0.79140625 0.18828125 0.015625 0.03984375
1 0.7765625 0.13671875 0.0109375 0.0328125
1 0.76328125 0.16328125 0.01484375 0.04296875
1 0.69609375 0.10078125 0.0109375 0.0265625
1 0.74453125 0.1140625 0.01328125 0.0296875
1 0.73671875 0.12109375 0.01328125 0.03125
1 0.7390625 0.1421875 0.0140625 0.0296875
1 0.75390625 0.2265625 0.01953125 0.04453125
1 0.734375 0.19453125 0.01328125 0.0359375
1 0.69921875 0.21796875 0.01875 0.04921875
1 0.69140625 0.1765625 0.01484375 0.03984375
1 0.68046875 0.1625 0.01484375 0.034375
1 0.6609375 0.12734375 0.01171875 0.0296875
1 0.70390625 0.14921875 0.0140625 0.03828125
1 0.640625 0.190625 0.01875 0.03828125
1 0.6578125 0.2109375 0.01875 0.03984375
1 0.65390625 0.2625 0.0203125 0.053125
1 0.5984375 0.22265625 0.01796875 0.03984375
1 0.60078125 0.26875 0.02109375 0.04609375
1 0.6703125 0.3296875 0.025 0.0625
1 0.60234375 0.32421875 0.02421875 0.05078125
1 0.71328125 0.2828125 0.02109375 0.05078125
1 0.778125 0.29765625 0.02421875 0.0578125
1 0.63671875 0.10703125 0.009375 0.0265625
1 0.63671875 0.128125 0.0109375 0.025
1 0.61796875 0.11328125 0.0109375 0.02109375
1 0.59609375 0.1125 0.01015625 0.0265625
1 0.56484375 0.11484375 0.009375 0.02109375
1 0.58046875 0.12578125 0.009375 0.0234375
1 0.58046875 0.16015625 0.01328125 0.0328125
1 0.53125 0.134375 0.0109375 0.025
1 0.52421875 0.1453125 0.01328125 0.0328125
1 0.53828125 0.165625 0.01484375 0.03125
1 0.55078125 0.1484375 0.01328125 0.0328125
1 0.521875 0.215625 0.01796875 0.03828125
1 0.56484375 0.253125 0.0203125 0.05078125
1 0.55390625 0.29296875 0.02265625 0.0546875
1 0.50390625 0.17421875 0.01484375 0.034375
1 0.48359375 0.1359375 0.009375 0.025
1 0.46875 0.1640625 0.01171875 0.034375
1 0.4890625 0.203125 0.01484375 0.0328125
1 0.4515625 0.171875 0.01171875 0.0296875
1 0.46484375 0.196875 0.01484375 0.034375
1 0.47109375 0.22578125 0.01875 0.04296875
1 0.47734375 0.309375 0.01953125 0.05078125
1 0.44765625 0.159375 0.01171875 0.02109375
1 0.44453125 0.22265625 0.015625 0.0359375
1 0.43671875 0.20625 0.0140625 0.0296875
1 0.42578125 0.17734375 0.0109375 0.025
1 0.41640625 0.2203125 0.01484375 0.034375
1 0.38125 0.203125 0.0109375 0.0296875
1 0.37578125 0.225 0.01484375 0.03828125
1 0.4046875 0.29375 0.01796875 0.04921875
1 0.34140625 0.23046875 0.0140625 0.034375
1 0.3515625 0.23671875 0.0140625 0.028125
1 0.33671875 0.27734375 0.015625 0.03984375
1 0.30703125 0.23359375 0.01171875 0.025
1 0.25546875 0.2765625 0.01328125 0.025
1 0.29609375 0.26484375 0.015625 0.034375
1 0.315625 0.26953125 0.015625 0.03828125
1 0.04765625 0.4015625 0.028125 0.06796875