1 0.2984375 0.1703125 0.0203125 0.03828125
1 0.33828125 0.2 0.01640625 0.03671875
1 0.534375 0.184375 0.021875 0.0421875
1 0.61171875 0.20625 0.01953125 0.0421875
1 0.62421875 0.215625 0.0203125 0.0421875
1 0.63828125 0.2296875 0.03203125 0.05625
1 0.67265625 0.20703125 0.0171875 0.04375
1 0.678125 0.17890625 0.01875 0.03828125
1 0.71015625 0.19296875 0.0171875 0.03984375
1 0.68125 0.24375 0.028125 0.05078125
1 0.71796875 0.3078125 0.0296875 0.05625
1 0.81640625 0.23359375 0.021875 0.04921875
1 0.846875 0.22734375 0.02578125 0.0546875
1 0.8734375 0.25625 0.02265625 0.0578125
1 0.89140625 0.321875 0.03359375 0.0875