1 0.0640625 0.56171875 0.0484375 0.11171875
1 0.1765625 0.2953125 0.0203125 0.0421875
1 0.20703125 0.28046875 0.0234375 0.0609375
1 0.2328125 0.24765625 0.01796875 0.05234375
1 0.2828125 0.23359375 0.0203125 0.05234375
1 0.29140625 0.2015625 0.01953125 0.046875
1 0.31328125 0.21875 0.01875 0.0578125
1 0.33046875 0.203125 0.01640625 0.046875
1 0.35390625 0.253125 0.01953125 0.059375
1 0.38046875 0.234375 0.01796875 0.046875
1 0.3484375 0.1875 0.01640625 0.04375
1 0.37421875 0.18046875 0.01875 0.046875
1 0.41484375 0.18203125 0.0171875 0.03671875
1 0.4109375 0.15234375 0.01640625 0.0328125
1 0.415625 0.3140625 0.025 0.0625
1 0.45625 0.2453125 0.021875 0.05390625
1 0.43671875 0.1578125 0.0171875 0.03984375
1 0.46328125 0.1625 0.01875 0.0453125
1 0.4796875 0.19375 0.01484375 0.03828125
1 0.51328125 0.21640625 0.0171875 0.0453125
1 0.48046875 0.14296875 0.015625 0.03515625
1 0.503125 0.1609375 0.0171875 0.0453125
1 0.5140625 0.1515625 0.0140625 0.0421875
1 0.5390625 0.12421875 0.01484375 0.03828125
1 0.54453125 0.15078125 0.01875 0.03671875
1 0.56640625 0.121875 0.01640625 0.03828125
1 0.5828125 0.1109375 0.0171875 0.03984375
1 0.56953125 0.1640625 0.01796875 0.0421875
1 0.56015625 0.1984375 0.0203125 0.046875
1 0.590625 0.18203125 0.01796875 0.046875
1 0.5953125 0.140625 0.0140625 0.03671875
1 0.6109375 0.1875 0.01875 0.04375
1 0.61796875 0.11640625 0.01640625 0.04375
1 0.63671875 0.13671875 0.01640625 0.03984375
1 0.646875 0.1171875 0.0171875 0.04921875
1 0.6453125 0.1734375 0.01484375 0.03671875
1 0.678125 0.15 0.01484375 0.03828125
1 0.68515625 0.12265625 0.0171875 0.03671875
1 0.70234375 0.1484375 0.0171875 0.0453125
1 0.54453125 0.3375 0.02578125 0.075
1 0.58125 0.38984375 0.025 0.06796875
1 0.60625 0.2859375 0.0296875 0.06640625
1 0.65078125 0.26015625 0.025 0.0625
1 0.64921875 0.39765625 0.028125 0.0625
1 0.71796875 0.39375 0.028125 0.06796875
1 0.78671875 0.446875 0.03125 0.08359375
1 0.71953125 0.25703125 0.021875 0.0578125
1 0.74375 0.28515625 0.0234375 0.05390625
1 0.73203125 0.21875 0.01953125 0.05078125
1 0.7 0.20234375 0.015625 0.03828125
1 0.75703125 0.1890625 0.01171875 0.0328125
1 0.76953125 0.1921875 0.0203125 0.06640625
1 0.80390625 0.18046875 0.0171875 0.046875
1 0.8140625 0.21484375 0.01796875 0.0421875
1 0.8234375 0.20390625 0.015625 0.059375
1 0.784375 0.253125 0.01953125 0.04921875
1 0.8078125 0.2890625 0.0203125 0.0609375
1 0.85234375 0.33515625 0.02109375 0.05234375
1 0.86484375 0.30546875 0.0203125 0.06640625
1 0.88515625 0.275 0.01640625 0.05078125
1 0.86171875 0.21953125 0.015625 0.0421875
1 0.89609375 0.2515625 0.0140625 0.0453125
1 0.9015625 0.225 0.0140625 0.0421875
1 0.925 0.32890625 0.01953125 0.05390625
1 0.928125 0.26328125 0.0125 0.0421875
1 0.94375 0.23125 0.0140625 0.03984375
1 0.88203125 0.41953125 0.02421875 0.08203125
1 0.86171875 0.49296875 0.03359375 0.07890625
1 0.9546875 0.46953125 0.0234375 0.08359375
1 0.959375 0.36484375 0.01953125 0.04921875
1 0.97265625 0.36328125 0.0171875 0.05546875
1 0.965625 0.31328125 0.015625 0.05078125
1 0.9734375 0.29765625 0.01328125 0.0328125
1 0.9796875 0.2484375 0.01484375 0.03984375