1 0.1984375 0.459375 0.05234375 0.1015625
1 0.25703125 0.43359375 0.04765625 0.096875
1 0.31640625 0.2859375 0.0171875 0.028125
1 0.378125 0.2578125 0.02109375 0.0484375
1 0.41640625 0.23828125 0.0171875 0.03671875
1 0.43359375 0.2703125 0.0234375 0.046875
1 0.446875 0.228125 0.0234375 0.04296875
1 0.45390625 0.1890625 0.02109375 0.03828125
1 0.48125 0.19296875 0.02109375 0.03984375
1 0.4734375 0.0875 0.01796875 0.021875
1 0.46796875 0.1515625 0.0125 0.0234375
1 0.5015625 0.15546875 0.01796875 0.03203125
1 0.5375 0.1390625 0.01328125 0.025
1 0.5296875 0.159375 0.0171875 0.03203125
1 0.553125 0.15390625 0.01875 0.03203125
1 0.58203125 0.153125 0.0140625 0.03359375
1 0.5421875 0.20234375 0.01796875 0.03515625
1 0.4828125 0.321875 0.03203125 0.06015625
1 0.6625 0.2625 0.02578125 0.0515625
1 0.72109375 0.28828125 0.03359375 0.05703125
1 0.78828125 0.27109375 0.0296875 0.06171875
1 0.69609375 0.15078125 0.021875 0.03828125
1 0.715625 0.134375 0.0203125 0.03515625
1 0.73203125 0.1609375 0.01796875 0.03515625
1 0.75078125 0.13359375 0.01796875 0.03359375
1 0.7640625 0.1703125 0.0203125 0.03984375
1 0.803125 0.190625 0.025 0.0453125
1 0.87109375 0.21484375 0.02265625 0.046875
1 0.81953125 0.12890625 0.01640625 0.03828125