1 0.2734375 0.66015625 0.05859375 0.0890625
1 0.27421875 0.56328125 0.0390625 0.0546875
1 0.23359375 0.56171875 0.0328125 0.0546875
1 0.24140625 0.52265625 0.03046875 0.0515625
1 0.23203125 0.4953125 0.02734375 0.040625
1 0.18984375 0.46328125 0.02578125 0.0390625
1 0.18828125 0.5203125 0.0296875 0.034375
1 0.12265625 0.5171875 0.02734375 0.040625
1 0.12578125 0.49296875 0.02109375 0.0296875
1 0.11484375 0.46796875 0.02578125 0.0359375
1 0.090625 0.49140625 0.02734375 0.0359375
1 0.07421875 0.49921875 0.03203125 0.0359375
1 0.04296875 0.478125 0.03203125 0.04375
1 0.303125 0.54140625 0.0328125 0.0421875
1 0.30078125 0.49453125 0.0296875 0.0390625
1 0.321875 0.44375 0.028125 0.040625
1 0.33828125 0.4671875 0.025 0.0375
1 0.35390625 0.44921875 0.02265625 0.0359375
1 0.36640625 0.4734375 0.025 0.034375
1 0.3515625 0.50234375 0.03203125 0.0453125
1 0.43046875 0.546875 0.0375 0.059375
1 0.39921875 0.5421875 0.03046875 0.046875
1 0.47265625 0.56484375 0.04609375 0.0609375
1 0.4328125 0.48515625 0.0296875 0.0359375
1 0.425 0.4625 0.02109375 0.03125
1 0.4078125 0.45234375 0.0203125 0.0296875
1 0.38515625 0.47265625 0.01640625 0.0234375
1 0.46796875 0.46640625 0.025 0.0296875
1 0.47421875 0.44296875 0.02109375 0.0296875
1 0.49609375 0.48125 0.02734375 0.04375
1 0.52421875 0.50546875 0.02265625 0.0390625
1 0.525 0.43203125 0.01875 0.0328125
1 0.534375 0.44765625 0.01640625 0.0265625
1 0.55078125 0.43125 0.01796875 0.028125
1 0.54765625 0.48125 0.025 0.0375
1 0.57265625 0.49765625 0.028125 0.0421875
1 0.56328125 0.56015625 0.0375 0.0671875
1 0.609375 0.54921875 0.04375 0.0609375
1 0.62109375 0.5140625 0.0328125 0.04375
1 0.6234375 0.4484375 0.01640625 0.03125
1 0.58984375 0.4546875 0.025 0.034375
1 0.61484375 0.43359375 0.02109375 0.0359375
1 0.64921875 0.4546875 0.02109375 0.03125
1 0.66953125 0.53359375 0.03671875 0.0453125
1 0.659375 0.5078125 0.02109375 0.028125
1 0.6625 0.43828125 0.01796875 0.0296875
1 0.6828125 0.4296875 0.01875 0.0375
1 0.725 0.4546875 0.02578125 0.034375
1 0.725 0.4328125 0.02109375 0.03125
1 0.74609375 0.44453125 0.01796875 0.0328125
1 0.7421875 0.5359375 0.04140625 0.0625
1 0.784375 0.509375 0.0375 0.059375
1 0.81171875 0.49609375 0.0296875 0.0453125
1 0.78203125 0.446875 0.0234375 0.040625
1 0.83359375 0.5296875 0.0515625 0.071875
1 0.87109375 0.48828125 0.03515625 0.0609375
1 0.86484375 0.44375 0.03046875 0.046875
1 0.92265625 0.478125 0.0328125 0.053125
1 0.9453125 0.50625 0.04140625 0.065625
1 0.93359375 0.45078125 0.025 0.0359375