1 0.19765625 0.3984375 0.04140625 0.0765625
1 0.34140625 0.21796875 0.02109375 0.0375
1 0.37734375 0.23671875 0.01875 0.0359375
1 0.41171875 0.19609375 0.021875 0.0375
1 0.41640625 0.2328125 0.02421875 0.04453125
1 0.3984375 0.24296875 0.02265625 0.034375
1 0.484375 0.19296875 0.02109375 0.02890625
1 0.559375 0.18828125 0.02421875 0.05
1 0.65546875 0.22265625 0.02109375 0.04296875
1 0.7109375 0.23359375 0.025 0.04609375
1 0.86171875 0.15859375 0.015625 0.0375
1 0.89375 0.1890625 0.01484375 0.034375
1 0.8265625 0.215625 0.01875 0.04296875
1 0.8734375 0.2171875 0.01953125 0.0390625
1 0.771875 0.2671875 0.021875 0.0609375
1 0.88359375 0.30234375 0.03125 0.0765625
1 0.81328125 0.36640625 0.02890625 0.06484375
1 0.90234375 0.3703125 0.03359375 0.059375
1 0.91953125 0.30703125 0.03203125 0.06796875