1 0.07734375 0.35546875 0.04609375 0.06953125
1 0.27578125 0.1875 0.021875 0.0375
1 0.2984375 0.19765625 0.0171875 0.046875
1 0.31328125 0.1796875 0.02421875 0.04375
1 0.40703125 0.1640625 0.028125 0.05859375
1 0.45 0.17890625 0.034375 0.06796875
1 0.49296875 0.1625 0.0359375 0.06171875
1 0.54921875 0.171875 0.02578125 0.05390625
1 0.5421875 0.14609375 0.02578125 0.05234375
1 0.54921875 0.284375 0.03203125 0.06484375
1 0.6 0.17734375 0.03125 0.06171875
1 0.63203125 0.240625 0.03671875 0.05859375
1 0.68046875 0.28046875 0.046875 0.10234375
1 0.7640625 0.20703125 0.03515625 0.06640625