1 0.08046875 0.5390625 0.14765625 0.2140625
1 0.0375 0.40625 0.06953125 0.15234375
1 0.1453125 0.2890625 0.05078125 0.08984375
1 0.24375 0.25 0.05078125 0.08828125
1 0.2765625 0.2296875 0.04140625 0.0796875
1 0.325 0.309375 0.05234375 0.09765625
1 0.26171875 0.434375 0.07578125 0.15234375
1 0.26171875 0.834375 0.1984375 0.3
1 0.37734375 0.24765625 0.0375 0.07578125
1 0.38828125 0.2109375 0.034375 0.06171875
1 0.50234375 0.190625 0.11171875 0.21015625
1 0.63046875 0.22421875 0.03984375 0.06796875
1 0.65546875 0.2390625 0.03359375 0.0703125
1 0.70703125 0.24375 0.034375 0.06015625
1 0.8046875 0.31328125 0.04921875 0.0859375
1 0.7875 0.2640625 0.04375 0.0796875
1 0.87890625 0.1359375 0.0453125 0.0921875
1 0.934375 0.41796875 0.075 0.128125
1 0.82578125 0.4890625 0.1 0.20234375
1 0.79921875 0.83515625 0.1640625 0.278125