1 0.08984375 0.2703125 0.0171875 0.040625
1 0.2640625 0.39609375 0.04765625 0.10078125
1 0.29765625 0.16875 0.0140625 0.0359375
1 0.29296875 0.228125 0.01875 0.040625
1 0.32578125 0.2296875 0.0203125 0.040625
1 0.37109375 0.178125 0.02265625 0.04375
1 0.3875 0.2015625 0.0203125 0.0484375
1 0.41484375 0.2109375 0.02421875 0.0453125
1 0.471875 0.1421875 0.0203125 0.04375
1 0.53125 0.0609375 0.0125 0.02109375
1 0.634375 0.1390625 0.01640625 0.03046875
1 0.65390625 0.11875 0.0140625 0.02890625
1 0.65390625 0.13984375 0.0171875 0.0359375
1 0.67109375 0.06171875 0.01640625 0.0328125
1 0.74921875 0.1359375 0.01484375 0.0375
1 0.7640625 0.14375 0.0171875 0.034375
1 0.8109375 0.2484375 0.02109375 0.05859375
1 0.86015625 0.190625 0.01328125 0.0375
1 0.88125 0.2546875 0.0171875 0.0484375
1 0.9140625 0.25390625 0.02109375 0.040625
1 0.92890625 0.1875 0.01484375 0.0375