1 0.06953125 0.58203125 0.0640625 0.06875
1 0.109375 0.48515625 0.0515625 0.0625
1 0.24609375 0.4578125 0.05 0.0578125
1 0.21328125 0.5796875 0.05859375 0.05390625
1 0.35859375 0.4578125 0.0453125 0.0515625
1 0.3828125 0.56171875 0.0609375 0.05625
1 0.48046875 0.46953125 0.04609375 0.06875
1 0.5421875 0.58125 0.0515625 0.0703125
1 0.61328125 0.48125 0.04609375 0.0625
1 0.734375 0.4515625 0.05390625 0.06484375
1 0.70234375 0.5765625 0.0546875 0.06640625
1 0.86328125 0.6046875 0.0640625 0.0703125
1 0.959375 0.61484375 0.06640625 0.0796875