1 0.15625 0.4703125 0.0546875 0.0703125
1 0.2296875 0.4921875 0.05390625 0.06484375
1 0.2796875 0.49765625 0.05234375 0.078125
1 0.3328125 0.50078125 0.05 0.075
1 0.35234375 0.45078125 0.03984375 0.0546875
1 0.2640625 0.371875 0.04140625 0.05703125
1 0.4515625 0.49140625 0.0671875 0.08984375
1 0.4328125 0.45390625 0.04375 0.06484375
1 0.50625 0.4609375 0.0578125 0.075
1 0.5578125 0.5140625 0.07109375 0.1046875
1 0.58515625 0.4578125 0.06015625 0.078125
1 0.6234375 0.44453125 0.0296875 0.0453125
1 0.6515625 0.48515625 0.0515625 0.08359375
1 0.69375 0.46171875 0.03515625 0.05703125
1 0.690625 0.4328125 0.03359375 0.04140625
1 0.734375 0.49609375 0.0734375 0.1046875
1 0.72890625 0.4390625 0.03515625 0.0453125
1 0.79375 0.46015625 0.0625 0.1
1 0.84765625 0.44609375 0.03984375 0.05859375
1 0.8796875 0.51796875 0.07265625 0.1296875
1 0.89609375 0.4421875 0.03984375 0.0546875
1 0.8828125 0.41484375 0.02890625 0.04296875
1 0.9390625 0.409375 0.02734375 0.0515625
1 0.98515625 0.43515625 0.0296875 0.0546875
1 0.9328125 0.49140625 0.05234375 0.08359375