1 0.1078125 0.3 0.08671875 0.14609375
1 0.0640625 0.259375 0.07734375 0.11171875
1 0.08671875 0.190625 0.05703125 0.09453125
1 0.0984375 0.15390625 0.0453125 0.071875
1 0.02421875 0.1109375 0.04453125 0.06953125
1 0.12734375 0.09765625 0.04765625 0.0640625
1 0.15234375 0.0875 0.0328125 0.06484375
1 0.20078125 0.07734375 0.03203125 0.0609375
1 0.2203125 0.04140625 0.02890625 0.05
1 0.2453125 0.034375 0.02421875 0.04609375
1 0.30078125 0.02890625 0.028125 0.04609375
1 0.34375 0.0171875 0.02109375 0.0296875
1 0.309375 0.215625 0.06015625 0.09140625
1 0.203125 0.43984375 0.1109375 0.184375
1 0.459375 0.4515625 0.11015625 0.196875
1 0.5125 0.39921875 0.06796875 0.121875
1 0.60546875 0.4390625 0.06015625 0.11015625
1 0.71484375 0.43125 0.06171875 0.128125
1 0.8859375 0.46171875 0.07265625 0.11875
1 0.959375 0.190625 0.0546875 0.08515625
1 0.54609375 0.3125 0.03984375 0.06171875
1 0.50625 0.30234375 0.03984375 0.0734375
1 0.4375 0.27578125 0.05703125 0.090625
1 0.36875 0.25078125 0.06171875 0.10078125
1 0.30703125 0.1625 0.0515625 0.06640625
1 0.2984375 0.12421875 0.04296875 0.0515625
1 0.4078125 0.07734375 0.03359375 0.0609375
1 0.45234375 0.07578125 0.03203125 0.04375
1 0.47890625 0.2109375 0.03671875 0.05
1 0.4734375 0.1640625 0.03203125 0.046875
1 0.50546875 0.15 0.03671875 0.05625