1 0.23359375 0.7390625 0.078125 0.1421875
1 0.31328125 0.5765625 0.07109375 0.109375
1 0.3375 0.49296875 0.04296875 0.07265625
1 0.41640625 0.6859375 0.07578125 0.153125
1 0.4390625 0.575 0.05546875 0.0984375
1 0.46953125 0.4890625 0.05078125 0.09453125
1 0.5578125 0.47421875 0.0453125 0.07265625
1 0.596875 0.5875 0.0578125 0.109375
1 0.6625 0.6734375 0.0734375 0.128125
1 0.73359375 0.56953125 0.06796875 0.12421875
1 0.84609375 0.71875 0.09609375 0.153125
1 0.071875 0.4796875 0.04765625 0.0765625
1 0.03046875 0.425 0.03515625 0.0546875
1 0.08984375 0.3921875 0.028125 0.03984375
1 0.0796875 0.36875 0.0328125 0.04375
1 0.1328125 0.44140625 0.04296875 0.07265625
1 0.12890625 0.3703125 0.025 0.04765625
1 0.1703125 0.38359375 0.0328125 0.05859375
1 0.190625 0.34453125 0.02265625 0.03984375
1 0.209375 0.41640625 0.03046875 0.05078125
1 0.2359375 0.39765625 0.02265625 0.04375
1 0.26171875 0.359375 0.02265625 0.04765625
1 0.2828125 0.359375 0.025 0.04765625
1 0.3140625 0.35546875 0.02265625 0.03984375
1 0.3703125 0.45078125 0.0375 0.06953125
1 0.38515625 0.390625 0.028125 0.04375
1 0.415625 0.38125 0.0328125 0.0546875
1 0.4390625 0.3359375 0.03046875 0.04375
1 0.475 0.35234375 0.025 0.03984375
1 0.48515625 0.38671875 0.03046875 0.05078125
1 0.459375 0.40703125 0.03046875 0.03984375
1 0.51484375 0.3375 0.025 0.04765625
1 0.5390625 0.3890625 0.028125 0.04765625
1 0.56171875 0.3796875 0.02265625 0.04375
1 0.57109375 0.35234375 0.0203125 0.03984375
1 0.59375 0.42890625 0.03046875 0.0546875
1 0.63359375 0.465625 0.05078125 0.08359375
1 0.63359375 0.40703125 0.03046875 0.03984375
1 0.6171875 0.36875 0.028125 0.05078125
1 0.70078125 0.42734375 0.0375 0.065625
1 0.7875 0.425 0.05078125 0.0765625
1 0.79765625 0.38359375 0.03515625 0.05859375
1 0.70859375 0.378125 0.0328125 0.0546875
1 0.8765625 0.51796875 0.05078125 0.10234375
1 0.95859375 0.5859375 0.06328125 0.11328125
1 0.934375 0.4984375 0.05546875 0.08359375
1 0.89375 0.42890625 0.040625 0.09140625