1 0.17109375 0.46171875 0.0453125 0.08203125
1 0.2359375 0.3375 0.01640625 0.03125
1 0.26875 0.34140625 0.021875 0.0390625
1 0.29296875 0.3078125 0.01875 0.0359375
1 0.3 0.3625 0.01875 0.04140625
1 0.3484375 0.36328125 0.02421875 0.03984375
1 0.36796875 0.32578125 0.01640625 0.0328125
1 0.36640625 0.290625 0.01875 0.0328125
1 0.40703125 0.2546875 0.01640625 0.02734375
1 0.41796875 0.26875 0.01640625 0.02890625
1 0.4359375 0.2578125 0.0140625 0.021875
1 0.446875 0.2625 0.01171875 0.02734375
1 0.41875 0.2984375 0.01484375 0.02734375
1 0.39453125 0.33671875 0.01796875 0.0328125
1 0.41796875 0.33046875 0.02109375 0.034375
1 0.44765625 0.30390625 0.01875 0.03046875
1 0.45390625 0.33515625 0.02265625 0.0375
1 0.48359375 0.3 0.0171875 0.02890625
1 0.48203125 0.2609375 0.01640625 0.02734375
1 0.475 0.24140625 0.01328125 0.02265625
1 0.48203125 0.23671875 0.01640625 0.02265625
1 0.5078125 0.26328125 0.0171875 0.02890625
1 0.51953125 0.25546875 0.01484375 0.02578125
1 0.53203125 0.23671875 0.0171875 0.02578125
1 0.55078125 0.253125 0.0171875 0.034375
1 0.5296875 0.27421875 0.01484375 0.02890625
1 0.51640625 0.3109375 0.0203125 0.0328125
1 0.58046875 0.21484375 0.01171875 0.021875
1 0.584375 0.234375 0.0125 0.02265625
1 0.58984375 0.27265625 0.01640625 0.03125
1 0.62109375 0.22265625 0.0109375 0.02578125
1 0.62890625 0.20078125 0.01015625 0.02265625
1 0.61953125 0.25 0.0125 0.02578125
1 0.64375 0.2171875 0.009375 0.02265625
1 0.65078125 0.2421875 0.0109375 0.021875
1 0.6875 0.21015625 0.01171875 0.021875
1 0.6921875 0.22890625 0.0109375 0.021875
1 0.70390625 0.21953125 0.0140625 0.02578125
1 0.68671875 0.275 0.01484375 0.02734375
1 0.72265625 0.24921875 0.01640625 0.0328125
1 0.753125 0.2453125 0.01171875 0.03125
1 0.7625 0.221875 0.01328125 0.02734375
1 0.784375 0.24921875 0.01171875 0.021875
1 0.8015625 0.2328125 0.0125 0.02890625
1 0.803125 0.2625 0.01328125 0.0390625
1 0.83125 0.2453125 0.0125 0.03046875
1 0.86328125 0.2546875 0.01328125 0.02421875
1 0.8828125 0.2625 0.0109375 0.03046875
1 0.89453125 0.2546875 0.0140625 0.02734375
1 0.92109375 0.28359375 0.0171875 0.0359375
1 0.96171875 0.28125 0.0140625 0.03046875
1 0.9578125 0.31015625 0.0171875 0.034375
1 0.95234375 0.35078125 0.01640625 0.034375
1 0.94140625 0.3921875 0.02109375 0.04609375
1 0.93359375 0.4640625 0.02890625 0.04921875
1 0.865625 0.434375 0.02421875 0.05625
1 0.878125 0.40625 0.025 0.04140625
1 0.8890625 0.340625 0.01875 0.03984375
1 0.9125 0.3171875 0.0171875 0.03125
1 0.8734375 0.30234375 0.01875 0.0328125
1 0.8328125 0.30390625 0.01796875 0.04140625
1 0.6171875 0.32578125 0.02109375 0.0328125
1 0.66484375 0.34921875 0.01953125 0.0375
1 0.65 0.3046875 0.01953125 0.034375
1 0.6984375 0.325 0.02265625 0.0375
1 0.7109375 0.34921875 0.021875 0.04296875
1 0.83125 0.36171875 0.02109375 0.04453125
1 0.81328125 0.40625 0.0296875 0.05
1 0.7609375 0.4046875 0.0296875 0.06171875
1 0.68359375 0.37109375 0.02421875 0.04453125
1 0.62734375 0.42421875 0.03359375 0.0546875
1 0.66875 0.46015625 0.0359375 0.06640625
1 0.7265625 0.5078125 0.03984375 0.07578125
1 0.82890625 0.48828125 0.03515625 0.0515625
1 0.596875 0.4203125 0.02890625 0.0390625
1 0.5609375 0.4 0.028125 0.04140625
1 0.51875 0.38125 0.03125 0.05625
1 0.73984375 0.28125 0.01484375 0.03046875
1 0.7671875 0.26640625 0.0171875 0.02734375
1 0.784375 0.2796875 0.0171875 0.02734375