1 0.29609375 0.48515625 0.15546875 0.26640625
1 0.2203125 0.41875 0.1140625 0.2234375
1 0.07265625 0.22109375 0.1171875 0.21015625
1 0.09375 0.0609375 0.0875 0.10546875
1 0.2515625 0.08984375 0.103125 0.1671875
1 0.375 0.253125 0.115625 0.19296875
1 0.35859375 0.0625 0.08828125 0.115625
1 0.4625 0.0890625 0.10546875 0.1609375
1 0.52109375 0.27578125 0.115625 0.20390625
1 0.57890625 0.54609375 0.19140625 0.33671875
1 0.690625 0.41640625 0.14140625 0.23203125
1 0.61953125 0.22421875 0.1015625 0.16953125
1 0.5890625 0.084375 0.09296875 0.1484375
1 0.7796875 0.1 0.08828125 0.178125
1 0.8515625 0.39453125 0.11171875 0.253125
1 0.9390625 0.5140625 0.12109375 0.3625
1 0.959375 0.246875 0.08125 0.21875
1 0.8203125 0.85703125 0.24296875 0.28515625