1 0.43671875 0.2265625 0.03046875 0.059375
1 0.39140625 0.246875 0.0203125 0.0453125
1 0.3984375 0.2171875 0.0171875 0.0328125
1 0.38828125 0.19375 0.0171875 0.03984375
1 0.38515625 0.1765625 0.01953125 0.03046875
1 0.3515625 0.19765625 0.01953125 0.04140625
1 0.4296875 0.18359375 0.01796875 0.034375
1 0.4296875 0.16015625 0.015625 0.0234375
1 0.46171875 0.159375 0.01328125 0.025
1 0.4671875 0.1703125 0.01640625 0.0328125
1 0.47890625 0.18515625 0.0171875 0.04140625
1 0.47578125 0.23203125 0.01796875 0.0484375
1 0.4859375 0.1625 0.0140625 0.02890625
1 0.475 0.1375 0.0125 0.021875
1 0.4875 0.14296875 0.0125 0.025
1 0.49765625 0.13125 0.0125 0.02734375
1 0.5109375 0.19921875 0.01796875 0.046875
1 0.52734375 0.1703125 0.01640625 0.0359375
1 0.55 0.178125 0.0171875 0.0453125
1 0.54609375 0.19765625 0.015625 0.04140625
1 0.5671875 0.253125 0.02578125 0.046875
1 0.54765625 0.1484375 0.015625 0.025
1 0.58046875 0.11953125 0.015625 0.021875
1 0.58984375 0.0828125 0.015625 0.0328125
1 0.6109375 0.07890625 0.0109375 0.0234375
1 0.62890625 0.128125 0.0140625 0.0328125
1 0.59140625 0.13359375 0.0125 0.025
1 0.5953125 0.153125 0.01328125 0.03046875
1 0.58359375 0.1734375 0.01640625 0.0328125
1 0.6609375 0.13984375 0.01328125 0.02734375
1 0.6875 0.13046875 0.01328125 0.0328125
1 0.709375 0.11875 0.0125 0.02734375
1 0.65078125 0.20625 0.01796875 0.04375
1 0.6734375 0.19765625 0.01640625 0.04140625
1 0.6125 0.259375 0.028125 0.04140625
1 0.6421875 0.303125 0.0234375 0.05234375
1 0.671875 0.34453125 0.0296875 0.0703125
1 0.72109375 0.3 0.0265625 0.0578125
1 0.71171875 0.196875 0.0171875 0.04375
1 0.7078125 0.1625 0.015625 0.0328125
1 0.725 0.15625 0.015625 0.034375
1 0.740625 0.17265625 0.01640625 0.03828125
1 0.75234375 0.14296875 0.0109375 0.0328125
1 0.7609375 0.171875 0.0140625 0.0328125
1 0.7515625 0.20546875 0.015625 0.03828125
1 0.7578125 0.2515625 0.01796875 0.046875
1 0.7859375 0.1359375 0.01328125 0.0359375
1 0.80390625 0.16640625 0.01328125 0.02890625
1 0.78671875 0.18984375 0.0125 0.0359375
1 0.78671875 0.2296875 0.01640625 0.0328125
1 0.83359375 0.184375 0.01328125 0.0328125
1 0.84609375 0.1609375 0.0125 0.0328125
1 0.86640625 0.18828125 0.01328125 0.0328125
1 0.8734375 0.1734375 0.0109375 0.0359375
1 0.8390625 0.22421875 0.0140625 0.0359375
1 0.82109375 0.2625 0.02265625 0.03984375
1 0.87890625 0.28828125 0.0203125 0.0484375
1 0.890625 0.25625 0.0171875 0.0484375
1 0.8984375 0.21484375 0.01640625 0.046875
1 0.90625 0.2 0.0140625 0.04140625
1 0.8625 0.33203125 0.02578125 0.05625
1 0.921875 0.3140625 0.01796875 0.05625
1 0.94375 0.23203125 0.01328125 0.034375
1 0.95234375 0.21875 0.015625 0.03984375
1 0.94296875 0.1890625 0.0140625 0.034375
1 0.94140625 0.17421875 0.0109375 0.02734375