1 0.1296875 0.54296875 0.06953125 0.11953125
1 0.20078125 0.55390625 0.05390625 0.0796875
1 0.17421875 0.51015625 0.03671875 0.053125
1 0.19921875 0.48984375 0.0265625 0.04765625
1 0.16640625 0.47890625 0.02109375 0.028125
1 0.1875 0.4765625 0.01875 0.03203125
1 0.2265625 0.4765625 0.02109375 0.03203125
1 0.2703125 0.47890625 0.02109375 0.03359375
1 0.30703125 0.49296875 0.025 0.0453125
1 0.3046875 0.54296875 0.0515625 0.071875
1 0.35078125 0.54296875 0.071875 0.11953125
1 0.33359375 0.46875 0.02109375 0.03203125
1 0.35078125 0.48203125 0.015625 0.03125
1 0.36875 0.47578125 0.01484375 0.028125
1 0.37578125 0.47109375 0.01484375 0.02421875
1 0.39296875 0.50390625 0.025 0.0453125
1 0.41953125 0.48125 0.01796875 0.03203125
1 0.43359375 0.46875 0.01484375 0.028125
1 0.45390625 0.47578125 0.01875 0.03671875
1 0.47421875 0.51328125 0.0328125 0.05234375
1 0.49765625 0.55234375 0.05234375 0.09375
1 0.49140625 0.48046875 0.021875 0.03359375
1 0.50546875 0.46875 0.0125 0.03671875
1 0.52734375 0.48671875 0.0234375 0.040625
1 0.55234375 0.53359375 0.03671875 0.07578125
1 0.58125 0.4890625 0.03359375 0.04765625
1 0.56796875 0.47421875 0.01796875 0.03203125
1 0.63984375 0.4828125 0.0234375 0.04765625
1 0.69453125 0.51640625 0.05546875 0.0859375
1 0.7796875 0.48203125 0.03046875 0.04765625
1 0.85859375 0.484375 0.0390625 0.06171875
1 0.884375 0.5453125 0.04921875 0.07890625
1 0.95703125 0.51953125 0.03984375 0.0703125
1 0.9765625 0.5109375 0.03359375 0.0671875