1 0.16640625 0.40078125 0.05390625 0.09609375
1 0.290625 0.1671875 0.015625 0.03828125
1 0.30703125 0.19921875 0.01953125 0.0453125
1 0.3375 0.234375 0.02265625 0.03984375
1 0.4078125 0.23984375 0.02265625 0.05078125
1 0.42734375 0.15234375 0.01171875 0.0296875
1 0.44921875 0.1515625 0.0140625 0.03125
1 0.46953125 0.1625 0.0171875 0.03125
1 0.4875 0.18125 0.015625 0.03828125
1 0.496875 0.159375 0.015625 0.03671875
1 0.51328125 0.19375 0.01953125 0.03828125
1 0.56015625 0.1921875 0.02109375 0.03828125
1 0.89921875 0.19609375 0.0140625 0.0328125
1 0.93984375 0.20390625 0.0140625 0.03515625
1 0.934375 0.24765625 0.01796875 0.04921875
1 0.8921875 0.22578125 0.01875 0.03984375