1 0.82890625 0.365625 0.05 0.10078125
1 0.875 0.26640625 0.021875 0.05546875
1 0.703125 0.23671875 0.02421875 0.0390625
1 0.6671875 0.22578125 0.02578125 0.04140625
1 0.63046875 0.2109375 0.0234375 0.04375
1 0.58046875 0.234375 0.02421875 0.04765625
1 0.53671875 0.21328125 0.02578125 0.0390625
1 0.4546875 0.23046875 0.02109375 0.04375
1 0.3671875 0.19140625 0.01640625 0.03515625
1 0.32578125 0.1984375 0.01953125 0.03359375
1 0.3953125 0.1703125 0.0140625 0.03359375
1 0.41171875 0.1765625 0.01640625 0.03359375
1 0.43984375 0.159375 0.015625 0.03515625
1 0.43828125 0.13671875 0.0140625 0.02578125
1 0.459375 0.1625 0.01640625 0.0375
1 0.46484375 0.1328125 0.01796875 0.02578125
1 0.4765625 0.15859375 0.02109375 0.0375
1 0.49921875 0.12265625 0.0140625 0.03515625
1 0.5 0.1890625 0.0234375 0.04375
1 0.521875 0.17421875 0.01953125 0.04140625
1 0.4984375 0.15859375 0.01796875 0.0296875
1 0.52578125 0.12421875 0.0140625 0.03125
1 0.5390625 0.14765625 0.01875 0.0390625
1 0.5578125 0.15390625 0.02109375 0.03125
1 0.56796875 0.13046875 0.01796875 0.04375
1 0.57890625 0.1171875 0.01796875 0.0296875
1 0.596875 0.1390625 0.01875 0.0296875
1 0.578125 0.18046875 0.01875 0.03359375
1 0.54453125 0.18359375 0.021875 0.03125
1 0.61796875 0.10078125 0.02109375 0.02734375
1 0.61640625 0.16171875 0.01796875 0.03125
1 0.625 0.1234375 0.01640625 0.03359375
1 0.6546875 0.13515625 0.0125 0.0296875
1 0.65625 0.1125 0.01328125 0.02734375
1 0.67265625 0.10859375 0.0109375 0.03125
1 0.7046875 0.1203125 0.01328125 0.02734375
1 0.65546875 0.1890625 0.01796875 0.0390625
1 0.6953125 0.1765625 0.01796875 0.0375
1 0.71484375 0.1828125 0.01796875 0.0375
1 0.72109375 0.1421875 0.0140625 0.03515625
1 0.73671875 0.1453125 0.0140625 0.0296875
1 0.740625 0.16953125 0.0140625 0.03125
1 0.796875 0.20546875 0.01875 0.04375
1 0.7703125 0.1734375 0.01328125 0.04375
1 0.759375 0.1359375 0.01328125 0.02734375
1 0.79375 0.12734375 0.01328125 0.0296875
1 0.80625 0.1578125 0.015625 0.03515625
1 0.82109375 0.12890625 0.0109375 0.03359375
1 0.828125 0.16875 0.0140625 0.0375
1 0.85390625 0.203125 0.01796875 0.04765625
1 0.8515625 0.14609375 0.0109375 0.03515625
1 0.87265625 0.14375 0.01328125 0.03125
1 0.9078125 0.17578125 0.0140625 0.0390625
1 0.94140625 0.165625 0.01328125 0.03515625
1 0.92421875 0.246875 0.0234375 0.05546875
1 0.8921875 0.23671875 0.01875 0.04765625
1 0.9359375 0.228125 0.01796875 0.0453125