1 0.12578125 0.5703125 0.0609375 0.11796875
1 0.2734375 0.2578125 0.01328125 0.0296875
1 0.28671875 0.25 0.01640625 0.028125
1 0.2953125 0.2859375 0.02109375 0.03359375
1 0.37890625 0.27890625 0.0171875 0.03359375
1 0.3640625 0.26484375 0.0125 0.01796875
1 0.35 0.23359375 0.01640625 0.028125
1 0.375 0.2375 0.0171875 0.0265625
1 0.384375 0.1828125 0.01328125 0.0265625
1 0.39765625 0.19296875 0.01171875 0.0265625
1 0.4234375 0.17890625 0.0125 0.028125
1 0.4234375 0.153125 0.0140625 0.0265625
1 0.4546875 0.18359375 0.01328125 0.025
1 0.45 0.159375 0.01015625 0.0203125
1 0.4703125 0.18984375 0.01328125 0.03125
1 0.46015625 0.234375 0.01875 0.03671875
1 0.4828125 0.22578125 0.0171875 0.03359375
1 0.5015625 0.1953125 0.0140625 0.03515625
1 0.53046875 0.20625 0.01875 0.03359375
1 0.515625 0.171875 0.0140625 0.025
1 0.48046875 0.15234375 0.0125 0.021875
1 0.4765625 0.1328125 0.01171875 0.0203125
1 0.51328125 0.13046875 0.009375 0.021875
1 0.53046875 0.1359375 0.01015625 0.0234375
1 0.55 0.12109375 0.0140625 0.0265625
1 0.56015625 0.10390625 0.0140625 0.025
1 0.58125 0.15390625 0.0125 0.025
1 0.56015625 0.17421875 0.01640625 0.0234375
1 0.56640625 0.13203125 0.01171875 0.025
1 0.58984375 0.10234375 0.009375 0.01796875
1 0.60625 0.1078125 0.0125 0.0203125
1 0.59609375 0.175 0.0140625 0.028125
1 0.61875 0.16015625 0.0125 0.025
1 0.62890625 0.12578125 0.01171875 0.025
1 0.62421875 0.0953125 0.00859375 0.01796875
1 0.65546875 0.13203125 0.01015625 0.025
1 0.66171875 0.115625 0.01015625 0.01484375
1 0.66171875 0.096875 0.00859375 0.01796875
1 0.684375 0.1015625 0.0125 0.0234375
1 0.7078125 0.1140625 0.0140625 0.028125
1 0.5015625 0.29765625 0.021875 0.046875
1 0.5484375 0.325 0.01953125 0.04140625
1 0.58203125 0.2453125 0.01953125 0.03515625
1 0.63125 0.24609375 0.021875 0.04296875
1 0.640625 0.19921875 0.01953125 0.03671875
1 0.6609375 0.16640625 0.01484375 0.0296875
1 0.67578125 0.21015625 0.021875 0.03515625
1 0.63984375 0.3171875 0.02578125 0.05
1 0.70546875 0.30859375 0.0265625 0.053125
1 0.75234375 0.38203125 0.02734375 0.06328125
1 0.82265625 0.4109375 0.03046875 0.06484375
1 0.90859375 0.4140625 0.03125 0.07109375
1 0.925 0.3078125 0.025 0.0515625
1 0.85546875 0.29453125 0.0234375 0.0484375
1 0.821875 0.2421875 0.01953125 0.03671875
1 0.76875 0.25703125 0.025 0.0484375
1 0.7765625 0.225 0.0265625 0.03125
1 0.784375 0.1828125 0.01796875 0.0296875
1 0.7390625 0.25390625 0.01953125 0.053125
1 0.7125 0.2421875 0.0265625 0.03984375
1 0.70859375 0.14765625 0.01484375 0.0296875
1 0.71953125 0.18203125 0.01640625 0.03125
1 0.74296875 0.20078125 0.01796875 0.03671875
1 0.73671875 0.16796875 0.01328125 0.0265625
1 0.75078125 0.14453125 0.01484375 0.03671875
1 0.75625 0.11328125 0.01328125 0.0296875
1 0.771875 0.13203125 0.0140625 0.03515625
1 0.790625 0.13203125 0.0140625 0.03125
1 0.82578125 0.140625 0.01484375 0.03828125
1 0.84453125 0.1359375 0.01015625 0.0296875
1 0.87578125 0.16328125 0.0140625 0.03125
1 0.8796875 0.14609375 0.01171875 0.0234375
1 0.865625 0.11953125 0.0125 0.0265625
1 0.884375 0.115625 0.0125 0.025
1 0.84765625 0.21015625 0.0171875 0.04453125
1 0.89921875 0.203125 0.01640625 0.03515625
1 0.89609375 0.2625 0.01875 0.05
1 0.928125 0.26484375 0.0171875 0.03828125
1 0.946875 0.24609375 0.02109375 0.04296875
1 0.9390625 0.21171875 0.01640625 0.03828125
1 0.94765625 0.15546875 0.01171875 0.025
1 0.915625 0.13203125 0.0125 0.025
1 0.9046875 0.16875 0.0171875 0.028125
1 0.9125 0.165625 0.01171875 0.028125