1 0.20078125 0.36484375 0.040625 0.09609375
1 0.2875 0.2296875 0.01171875 0.03125
1 0.309375 0.2484375 0.01875 0.034375
1 0.3515625 0.19453125 0.015625 0.04375
1 0.36171875 0.22734375 0.015625 0.0328125
1 0.378125 0.2 0.015625 0.03671875
1 0.3875 0.24921875 0.01640625 0.04765625
1 0.40234375 0.19765625 0.02109375 0.034375
1 0.43125 0.23359375 0.01953125 0.0453125
1 0.421875 0.14921875 0.01171875 0.021875
1 0.421875 0.1703125 0.0125 0.02734375
1 0.43125 0.18984375 0.015625 0.034375
1 0.45546875 0.21171875 0.01640625 0.03125
1 0.4515625 0.1609375 0.0125 0.02734375
1 0.47890625 0.18359375 0.01484375 0.0328125
1 0.48359375 0.22578125 0.01484375 0.0328125
1 0.478125 0.15 0.015625 0.03125
1 0.49765625 0.1625 0.01484375 0.03125
1 0.525 0.1375 0.015625 0.02734375
1 0.53828125 0.1765625 0.015625 0.03984375
1 0.55625 0.13203125 0.01328125 0.0203125
1 0.565625 0.18125 0.01953125 0.03828125
1 0.5796875 0.1609375 0.01328125 0.02734375
1 0.5859375 0.11328125 0.0125 0.02734375
1 0.5953125 0.121875 0.00859375 0.02578125
1 0.60390625 0.1765625 0.01875 0.0328125
1 0.62109375 0.121875 0.01171875 0.021875
1 0.6390625 0.13203125 0.01328125 0.0234375
1 0.65078125 0.11484375 0.01171875 0.01796875
1 0.65703125 0.1390625 0.01015625 0.034375
1 0.66484375 0.11640625 0.00546875 0.01796875
1 0.6703125 0.10234375 0.01328125 0.0203125
1 0.69609375 0.1265625 0.009375 0.02734375
1 0.70703125 0.1015625 0.009375 0.021875
1 0.73828125 0.1109375 0.01171875 0.02578125
1 0.63046875 0.1703125 0.01796875 0.02734375
1 0.5 0.27265625 0.021875 0.0578125
1 0.55703125 0.30390625 0.02890625 0.05078125
1 0.5953125 0.2328125 0.021875 0.05078125
1 0.61015625 0.3328125 0.02265625 0.0578125
1 0.64765625 0.24609375 0.01640625 0.04921875
1 0.68515625 0.18515625 0.0125 0.02890625
1 0.69296875 0.2484375 0.02109375 0.0421875
1 0.703125 0.3046875 0.02890625 0.05234375
1 0.721875 0.1875 0.015625 0.04375
1 0.76484375 0.13125 0.0125 0.0328125
1 0.7671875 0.1984375 0.01953125 0.04765625
1 0.7375 0.23203125 0.02109375 0.0453125
1 0.81015625 0.15546875 0.015625 0.0421875
1 0.7796875 0.24921875 0.01953125 0.0546875
1 0.80078125 0.2953125 0.02265625 0.04921875
1 0.759375 0.37421875 0.03203125 0.06875
1 0.81640625 0.221875 0.01640625 0.03671875
1 0.83515625 0.2578125 0.01875 0.05078125
1 0.8546875 0.31875 0.025 0.06015625
1 0.83828125 0.3890625 0.03046875 0.06171875
1 0.8875 0.265625 0.021875 0.04765625
1 0.8953125 0.2171875 0.015625 0.0453125
1 0.953125 0.21640625 0.01875 0.04375
1 0.9421875 0.28984375 0.021875 0.05234375
1 0.9390625 0.35546875 0.02734375 0.06015625
1 0.91171875 0.42265625 0.03828125 0.08203125
1 0.50078125 0.13671875 0.0125 0.02890625
1 0.734375 0.29765625 0.01953125 0.05234375
1 0.80078125 0.14296875 0.01328125 0.03125