1 0.10546875 0.42109375 0.0421875 0.0859375
1 0.2984375 0.2171875 0.01484375 0.03671875
1 0.31171875 0.2328125 0.01875 0.03515625
1 0.325 0.24609375 0.01875 0.0421875
1 0.353125 0.24609375 0.0234375 0.0421875
1 0.3296875 0.18828125 0.0171875 0.03671875
1 0.33671875 0.20625 0.01875 0.03203125
1 0.359375 0.19140625 0.01875 0.040625
1 0.39765625 0.2 0.01640625 0.03359375
1 0.38515625 0.24921875 0.01875 0.0453125
1 0.4140625 0.246875 0.02421875 0.05078125
1 0.4203125 0.21015625 0.01875 0.04375
1 0.44140625 0.22734375 0.0234375 0.0421875
1 0.38515625 0.2046875 0.0140625 0.040625
1 0.4859375 0.2234375 0.01796875 0.03671875
1 0.4296875 0.16640625 0.01484375 0.03359375
1 0.43359375 0.14375 0.01875 0.03515625
1 0.446875 0.1703125 0.01484375 0.03203125
1 0.46015625 0.15859375 0.01328125 0.03203125
1 0.47109375 0.14375 0.01484375 0.03515625
1 0.4953125 0.1796875 0.01640625 0.03359375
1 0.5234375 0.18515625 0.01640625 0.03359375
1 0.49453125 0.15078125 0.01328125 0.02890625
1 0.50859375 0.14609375 0.01328125 0.0265625
1 0.50546875 0.11796875 0.0140625 0.0234375
1 0.528125 0.1296875 0.01328125 0.0265625
1 0.5453125 0.1265625 0.0140625 0.02890625
1 0.55390625 0.18515625 0.0140625 0.03671875
1 0.5453125 0.1671875 0.0125 0.025
1 0.56484375 0.15390625 0.01328125 0.03203125
1 0.55 0.146875 0.0125 0.021875
1 0.57578125 0.12734375 0.01328125 0.03046875
1 0.58125 0.11484375 0.0109375 0.025
1 0.5859375 0.16953125 0.01875 0.03359375
1 0.61796875 0.15625 0.01640625 0.03046875
1 0.596875 0.134375 0.01796875 0.03046875
1 0.6078125 0.1140625 0.0109375 0.0234375
1 0.62421875 0.125 0.01484375 0.03203125
1 0.66171875 0.1234375 0.01484375 0.025
1 0.6609375 0.10234375 0.01328125 0.03046875
1 0.6859375 0.12578125 0.01484375 0.03046875
1 0.69453125 0.11015625 0.0140625 0.025
1 0.7140625 0.1109375 0.01484375 0.03359375
1 0.69296875 0.15625 0.01875 0.03671875
1 0.721875 0.15859375 0.0171875 0.03828125
1 0.709375 0.18515625 0.01875 0.040625
1 0.71484375 0.21796875 0.01953125 0.0453125
1 0.68671875 0.23515625 0.02265625 0.046875
1 0.67578125 0.196875 0.01875 0.04375
1 0.62734375 0.234375 0.02265625 0.0484375
1 0.61953125 0.20078125 0.01796875 0.03515625
1 0.571875 0.23984375 0.02734375 0.05234375
1 0.50390625 0.2796875 0.03125 0.05859375
1 0.553125 0.29765625 0.03359375 0.0703125
1 0.60234375 0.33203125 0.02578125 0.07265625
1 0.66953125 0.33984375 0.0359375 0.07421875
1 0.72734375 0.296875 0.02421875 0.05859375
1 0.76484375 0.24453125 0.0234375 0.0484375
1 0.7546875 0.190625 0.01875 0.0421875
1 0.75546875 0.15390625 0.0140625 0.025
1 0.74765625 0.13203125 0.0140625 0.03203125
1 0.7734375 0.1375 0.01328125 0.03359375
1 0.78984375 0.15546875 0.0171875 0.03515625
1 0.80703125 0.15546875 0.01640625 0.03828125
1 0.79296875 0.2359375 0.021875 0.05234375
1 0.8203125 0.24296875 0.01953125 0.05234375
1 0.7875 0.29765625 0.0234375 0.05703125
1 0.7453125 0.3859375 0.03125 0.07890625
1 0.80703125 0.425 0.03828125 0.07421875
1 0.84296875 0.31796875 0.03046875 0.0640625
1 0.87109375 0.25546875 0.01953125 0.046875
1 0.8875 0.2265625 0.01640625 0.046875
1 0.88828125 0.43125 0.0328125 0.08203125
1 0.909375 0.34140625 0.02734375 0.0703125
1 0.91796875 0.2796875 0.02265625 0.05546875
1 0.93203125 0.2265625 0.01796875 0.05390625