1 0.67109375 0.671875 0.1171875 0.35703125
1 0.62265625 0.68671875 0.08203125 0.29296875
1 0.59453125 0.48203125 0.10078125 0.31015625
1 0.70859375 0.48671875 0.06171875 0.253125
1 0.76640625 0.46640625 0.06484375 0.29296875
1 0.81796875 0.46015625 0.08203125 0.30703125
1 0.87734375 0.575 0.0875 0.296875
1 0.9484375 0.61171875 0.0984375 0.35
1 0.9703125 0.38515625 0.059375 0.1703125
1 0.903125 0.38515625 0.06484375 0.18984375
1 0.9515625 0.21640625 0.05078125 0.13359375
1 0.8734375 0.19296875 0.05078125 0.146875
1 0.85390625 0.325 0.05234375 0.1296875
1 0.696875 0.36015625 0.05546875 0.13359375
1 0.659375 0.4265625 0.05234375 0.1203125