1 0.4734375 0.703125 0.19765625 0.26015625
1 0.61015625 0.56796875 0.1453125 0.203125
1 0.75546875 0.4625 0.1265625 0.2015625
1 0.85078125 0.43203125 0.09609375 0.16015625
1 0.9078125 0.38984375 0.0796875 0.1296875
1 0.965625 0.3578125 0.0609375 0.121875
1 0.134375 0.428125 0.1015625 0.14296875
1 0.29140625 0.409375 0.0828125 0.13203125
1 0.46875 0.35234375 0.0796875 0.1046875
1 0.50859375 0.32421875 0.0625 0.1046875
1 0.60390625 0.29453125 0.05 0.1046875
1 0.6546875 0.28671875 0.04765625 0.08359375
1 0.684375 0.24921875 0.0515625 0.075
1 0.7296875 0.265625 0.04375 0.075
1 0.76875 0.25 0.0421875 0.06328125
1 0.7953125 0.24609375 0.0390625 0.06484375
1 0.809375 0.22109375 0.04140625 0.06484375
1 0.84140625 0.21953125 0.03515625 0.05859375
1 0.86796875 0.22109375 0.03125 0.0484375
1 0.8828125 0.20234375 0.03125 0.05859375
1 0.08203125 0.31640625 0.0609375 0.0796875
1 0.2109375 0.2765625 0.0734375 0.08984375
1 0.3 0.29609375 0.06015625 0.08515625
1 0.371875 0.2640625 0.0515625 0.078125
1 0.43828125 0.2390625 0.0515625 0.071875
1 0.4859375 0.23203125 0.04375 0.0703125
1 0.5171875 0.22265625 0.04375 0.05859375
1 0.56875 0.21796875 0.0375 0.06640625
1 0.5984375 0.215625 0.03515625 0.05859375
1 0.6484375 0.2109375 0.03515625 0.0484375
1 0.6609375 0.2 0.025 0.046875
1 0.7 0.203125 0.025 0.03671875
1 0.01953125 0.2484375 0.03359375 0.0765625
1 0.028125 0.2203125 0.03359375 0.06328125
1 0.0828125 0.25078125 0.04375 0.06796875
1 0.0796875 0.21484375 0.0390625 0.046875
1 0.1296875 0.19609375 0.04765625 0.06171875
1 0.1578125 0.23203125 0.05 0.0734375
1 0.20625 0.221875 0.0421875 0.05
1 0.1953125 0.196875 0.03515625 0.03671875
1 0.2359375 0.196875 0.03125 0.05703125
1 0.26171875 0.215625 0.0390625 0.06171875
1 0.27890625 0.184375 0.0296875 0.0453125
1 0.32734375 0.17734375 0.02734375 0.0484375
1 0.3140625 0.21796875 0.03125 0.06015625
1 0.3640625 0.209375 0.0265625 0.0546875
1 0.35546875 0.1671875 0.02890625 0.0453125
1 0.4046875 0.20859375 0.0296875 0.05703125
1 0.4015625 0.1734375 0.03359375 0.04296875
1 0.42421875 0.20234375 0.0234375 0.03515625
1 0.4625 0.19296875 0.0328125 0.04296875
1 0.5171875 0.1890625 0.02890625 0.03515625
1 0.5421875 0.18515625 0.02734375 0.03984375