1 0.2015625 0.45859375 0.040625 0.08671875
1 0.43046875 0.0890625 0.01015625 0.021875
1 0.48515625 0.18125 0.0171875 0.03984375
1 0.515625 0.18828125 0.01875 0.03125
1 0.5578125 0.1359375 0.01484375 0.03359375
1 0.70703125 0.17890625 0.0171875 0.03828125
1 0.76171875 0.1796875 0.01484375 0.03359375
1 0.79375 0.19140625 0.01484375 0.03359375
1 0.803125 0.1796875 0.01484375 0.03359375
1 0.8375 0.1890625 0.01484375 0.03671875
1 0.87890625 0.29140625 0.01953125 0.0484375
1 0.94453125 0.24765625 0.01484375 0.03671875
1 0.9765625 0.13515625 0.01328125 0.03125