1 0.6109375 0.15703125 0.08828125 0.1484375
1 0.50546875 0.25546875 0.0234375 0.04453125
1 0.52578125 0.246875 0.0171875 0.04921875
1 0.540625 0.23359375 0.01796875 0.03515625
1 0.4640625 0.29765625 0.03203125 0.05625
1 0.4375 0.24140625 0.01953125 0.03515625
1 0.45390625 0.25 0.015625 0.03671875
1 0.4796875 0.23671875 0.01484375 0.02578125
1 0.41015625 0.18828125 0.015625 0.03515625
1 0.39453125 0.17421875 0.0140625 0.03515625
1 0.41015625 0.26328125 0.01796875 0.05078125
1 0.3875 0.26328125 0.02734375 0.04140625
1 0.3546875 0.26328125 0.0265625 0.0609375
1 0.3859375 0.22578125 0.0203125 0.02734375
1 0.3640625 0.209375 0.0171875 0.03515625
1 0.334375 0.2421875 0.02265625 0.04296875
1 0.32109375 0.259375 0.02421875 0.04921875
1 0.29609375 0.26171875 0.0296875 0.0609375
1 0.21171875 0.2671875 0.065625 0.10078125
1 0.146875 0.3078125 0.08515625 0.1453125
1 0.06953125 0.2796875 0.07578125 0.09609375
1 0.034375 0.37578125 0.0640625 0.2109375
1 0.0234375 0.22734375 0.0359375 0.0625
1 0.04765625 0.18671875 0.03046875 0.05078125
1 0.08125 0.209375 0.0328125 0.04765625
1 0.12578125 0.2015625 0.02890625 0.04453125
1 0.125 0.171875 0.0265625 0.03671875
1 0.15703125 0.2125 0.03046875 0.04765625
1 0.1890625 0.20625 0.0296875 0.04765625
1 0.2203125 0.21953125 0.02734375 0.04609375
1 0.225 0.20078125 0.02265625 0.03984375
1 0.25390625 0.228125 0.01953125 0.04140625
1 0.24609375 0.19453125 0.01953125 0.03515625
1 0.27734375 0.20859375 0.0203125 0.03984375
1 0.3078125 0.228125 0.02109375 0.03203125
1 0.3171875 0.21015625 0.01484375 0.02734375