1 0.78984375 0.67265625 0.0875 0.128125
1 0.75546875 0.60546875 0.05859375 0.0984375
1 0.71875 0.525 0.03984375 0.06640625
1 0.70703125 0.48828125 0.04140625 0.06328125
1 0.6765625 0.5015625 0.0375 0.046875
1 0.7609375 0.4890625 0.03125 0.0515625
1 0.82265625 0.496875 0.0421875 0.053125
1 0.8421875 0.55078125 0.05 0.071875
1 0.8984375 0.534375 0.0453125 0.06484375
1 0.92421875 0.61171875 0.0765625 0.08671875
1 0.95546875 0.5484375 0.0609375 0.0765625
1 0.6328125 0.3921875 0.02890625 0.03828125
1 0.22578125 0.60078125 0.08125 0.11796875
1 0.18203125 0.52421875 0.04609375 0.071875
1 0.17421875 0.49140625 0.0484375 0.046875
1 0.2328125 0.46796875 0.03515625 0.053125
1 0.25234375 0.50703125 0.03515625 0.053125
1 0.28828125 0.4640625 0.03359375 0.0484375
1 0.3171875 0.47890625 0.0375 0.0453125
1 0.35390625 0.50390625 0.0375 0.0515625
1 0.39375 0.5109375 0.04765625 0.06796875
1 0.4078125 0.46640625 0.03359375 0.04296875
1 0.44609375 0.49296875 0.03984375 0.06328125
1 0.07578125 0.5203125 0.0515625 0.06640625
1 0.06875 0.46171875 0.03515625 0.04296875
1 0.040625 0.45078125 0.03359375 0.0453125