1 0.0890625 0.6109375 0.04375 0.05234375
1 0.08125 0.578125 0.028125 0.0390625
1 0.184375 0.553125 0.03203125 0.053125
1 0.2109375 0.58046875 0.03515625 0.046875
1 0.271875 0.54765625 0.021875 0.03515625
1 0.29375 0.528125 0.0203125 0.040625
1 0.3078125 0.55859375 0.03203125 0.0390625
1 0.325 0.60234375 0.03828125 0.0609375
1 0.3390625 0.525 0.02265625 0.03125
1 0.37890625 0.53359375 0.025 0.03671875
1 0.3921875 0.51328125 0.02265625 0.03359375
1 0.43828125 0.515625 0.021875 0.03671875
1 0.478125 0.53359375 0.03828125 0.06015625
1 0.43828125 0.6390625 0.0515625 0.07578125
1 0.42734375 0.58046875 0.0359375 0.05703125
1 0.50234375 0.49921875 0.01875 0.0296875
1 0.50390625 0.5421875 0.0234375 0.0453125
1 0.55234375 0.5265625 0.0265625 0.0453125
1 0.603125 0.51171875 0.02421875 0.03125
1 0.59296875 0.49296875 0.021875 0.02734375
1 0.596875 0.57734375 0.03828125 0.05078125
1 0.65234375 0.5546875 0.0375 0.04453125
1 0.69296875 0.52578125 0.02265625 0.0390625
1 0.70703125 0.5 0.021875 0.0390625
1 0.72578125 0.509375 0.0234375 0.04296875
1 0.7375 0.67734375 0.0640625 0.1171875
1 0.82109375 0.6109375 0.05546875 0.08359375
1 0.82578125 0.540625 0.03828125 0.0609375
1 0.8328125 0.496875 0.03515625 0.05078125
1 0.88046875 0.5296875 0.03828125 0.046875
1 0.9015625 0.50625 0.0296875 0.04453125