1 0.05 0.6859375 0.09140625 0.16484375
1 0.28046875 0.571875 0.05234375 0.0609375
1 0.24921875 0.55 0.0390625 0.0640625
1 0.3640625 0.53828125 0.0390625 0.05625
1 0.3921875 0.5578125 0.0375 0.05625
1 0.428125 0.57734375 0.0453125 0.059375
1 0.40859375 0.63671875 0.07890625 0.11015625
1 0.49921875 0.69140625 0.11328125 0.1546875
1 0.62265625 0.6375 0.05703125 0.090625
1 0.7046875 0.68984375 0.13671875 0.2046875
1 0.58671875 0.5640625 0.03984375 0.053125
1 0.53125 0.55234375 0.03359375 0.04609375
1 0.49375 0.5578125 0.0390625 0.053125
1 0.6578125 0.5421875 0.03984375 0.0609375
1 0.7 0.54296875 0.03125 0.04765625
1 0.728125 0.5421875 0.03671875 0.0546875
1 0.7578125 0.540625 0.03359375 0.0515625
1 0.73671875 0.48203125 0.0265625 0.03828125
1 0.78828125 0.51328125 0.0234375 0.04140625
1 0.59296875 0.45546875 0.0265625 0.0328125
1 0.8109375 0.63125 0.0796875 0.1109375
1 0.84296875 0.61328125 0.04921875 0.0875
1 0.82890625 0.546875 0.02890625 0.04609375
1 0.8625 0.5484375 0.03203125 0.04921875
1 0.846875 0.52109375 0.02421875 0.0328125
1 0.88359375 0.51953125 0.03203125 0.05078125
1 0.90234375 0.521875 0.021875 0.03828125
1 0.96875 0.5359375 0.03359375 0.04765625