1 0.05234375 0.40859375 0.05703125 0.11640625
1 0.14140625 0.4734375 0.08359375 0.11328125
1 0.2125 0.42890625 0.0703125 0.10078125
1 0.296875 0.265625 0.05546875 0.09140625
1 0.3109375 0.38125 0.0609375 0.10234375
1 0.30703125 0.60234375 0.15859375 0.2609375
1 0.40859375 0.57578125 0.12265625 0.2328125
1 0.39375 0.3984375 0.08125 0.15234375
1 0.45859375 0.2546875 0.04453125 0.09765625
1 0.6078125 0.78828125 0.196875 0.33828125
1 0.8015625 0.421875 0.05703125 0.09921875
1 0.88671875 0.41640625 0.05546875 0.09765625
1 0.9625 0.515625 0.07421875 0.10078125