1 0.03828125 0.50390625 0.0734375 0.14375
1 0.10625 0.52890625 0.06875 0.10390625
1 0.1765625 0.5484375 0.05390625 0.08671875
1 0.28203125 0.5453125 0.1375 0.26171875
1 0.35234375 0.50703125 0.065625 0.1390625
1 0.3921875 0.52890625 0.0453125 0.10234375
1 0.41328125 0.52109375 0.03515625 0.0875
1 0.43984375 0.52734375 0.02265625 0.0640625
1 0.4609375 0.54609375 0.015625 0.03203125
1 0.63125 0.55390625 0.01953125 0.03984375
1 0.17421875 0.49453125 0.034375 0.046875
1 0.1453125 0.48984375 0.03203125 0.0484375
1 0.11015625 0.47734375 0.03828125 0.05
1 0.1984375 0.49140625 0.02421875 0.03671875