1 0.05234375 0.53125 0.078125 0.15703125
1 0.14921875 0.478125 0.08515625 0.15703125
1 0.2734375 0.45 0.06328125 0.13046875
1 0.3421875 0.45703125 0.06171875 0.115625
1 0.3875 0.62890625 0.1515625 0.3046875
1 0.5296875 0.58125 0.11640625 0.23984375
1 0.5171875 0.4484375 0.06171875 0.115625
1 0.45390625 0.3875 0.03828125 0.09453125
1 0.4109375 0.446875 0.05859375 0.11796875
1 0.38671875 0.3859375 0.046875 0.09140625
1 0.53984375 0.3890625 0.053125 0.09765625
1 0.58671875 0.40234375 0.03671875 0.0890625
1 0.67890625 0.37109375 0.05859375 0.109375
1 0.7015625 0.51953125 0.103125 0.1984375
1 0.765625 0.71171875 0.2015625 0.36953125
1 0.934375 0.59609375 0.128125 0.275
1 0.90078125 0.45234375 0.06171875 0.12421875