1 0.09765625 0.41171875 0.03671875 0.06171875
1 0.12265625 0.42890625 0.04140625 0.06875
1 0.18046875 0.41171875 0.03203125 0.05703125
1 0.21875 0.4140625 0.03828125 0.07109375
1 0.2578125 0.4140625 0.03046875 0.05234375
1 0.2953125 0.453125 0.03828125 0.06171875
1 0.30078125 0.41015625 0.03203125 0.04375
1 0.2546875 0.58359375 0.04296875 0.075
1 0.34453125 0.60703125 0.03671875 0.059375
1 0.35546875 0.4265625 0.03359375 0.059375
1 0.40078125 0.44140625 0.03671875 0.06640625
1 0.42421875 0.56953125 0.02890625 0.05234375
1 0.47265625 0.5921875 0.03359375 0.06171875
1 0.45859375 0.39921875 0.02734375 0.0546875
1 0.51015625 0.43125 0.03203125 0.059375
1 0.53671875 0.39375 0.03359375 0.04765625
1 0.51796875 0.6140625 0.03671875 0.0640625
1 0.584375 0.61171875 0.03203125 0.0640625
1 0.596875 0.41328125 0.03828125 0.0546875
1 0.6453125 0.42109375 0.03515625 0.07109375
1 0.671875 0.428125 0.03515625 0.06640625
1 0.71484375 0.40390625 0.03359375 0.059375
1 0.73125 0.43359375 0.03203125 0.06875
1 0.7859375 0.41015625 0.03515625 0.06640625
1 0.81328125 0.4265625 0.04140625 0.0734375
1 0.8765625 0.4375 0.0484375 0.0796875
1 0.9234375 0.42109375 0.0484375 0.0796875