1 0.11328125 0.43671875 0.05234375 0.06796875
1 0.23203125 0.52421875 0.05234375 0.07265625
1 0.34765625 0.4875 0.05078125 0.07734375
1 0.43359375 0.50859375 0.06328125 0.09921875
1 0.5078125 0.5328125 0.06328125 0.08984375
1 0.46171875 0.4953125 0.03984375 0.07265625
1 0.52890625 0.48671875 0.04765625 0.0609375
1 0.615625 0.5125 0.0453125 0.05859375
1 0.69453125 0.50703125 0.08359375 0.140625
1 0.6515625 0.4828125 0.03125 0.0484375
1 0.7921875 0.51484375 0.078125 0.11171875
1 0.85703125 0.5421875 0.0671875 0.109375
1 0.859375 0.4828125 0.04921875 0.0828125
1 0.94296875 0.4953125 0.0671875 0.096875
1 0.98046875 0.4796875 0.0390625 0.071875