1 0.2015625 0.434375 0.04140625 0.08046875
1 0.29609375 0.2328125 0.0234375 0.03828125
1 0.3109375 0.23125 0.02265625 0.03515625
1 0.4109375 0.24609375 0.01953125 0.04375
1 0.42578125 0.159375 0.021875 0.03828125
1 0.4734375 0.15703125 0.01640625 0.040625
1 0.49921875 0.1515625 0.01640625 0.03671875
1 0.4890625 0.178125 0.01953125 0.03359375
1 0.6984375 0.0671875 0.01484375 0.0296875
1 0.5578125 0.190625 0.01953125 0.03828125
1 0.63671875 0.26328125 0.02734375 0.05078125
1 0.73515625 0.2328125 0.01875 0.05234375
1 0.90625 0.2015625 0.01796875 0.03515625
1 0.94296875 0.209375 0.01796875 0.03671875
1 0.9 0.23359375 0.02265625 0.040625
1 0.93125 0.2578125 0.01953125 0.0453125
1 0.43046875 0.15859375 0.015625 0.03359375