1 0.04609375 0.70625 0.0875 0.1578125
1 0.07265625 0.565625 0.05859375 0.09296875
1 0.03046875 0.55078125 0.06015625 0.0890625
1 0.20859375 0.5625 0.0546875 0.1046875
1 0.2859375 0.54921875 0.046875 0.06953125
1 0.2828125 0.71875 0.09609375 0.1859375
1 0.17734375 0.91015625 0.16796875 0.17890625
1 0.37265625 0.56640625 0.06015625 0.09609375
1 0.4171875 0.58046875 0.04453125 0.07734375
1 0.3953125 0.5046875 0.0328125 0.0640625
1 0.62265625 0.5375 0.03828125 0.0640625
1 0.70625 0.55 0.05390625 0.09375
1 0.80390625 0.7640625 0.1 0.1875
1 0.82265625 0.5515625 0.06328125 0.10390625
1 0.9640625 0.634375 0.07109375 0.13203125
1 0.9546875 0.57421875 0.0703125 0.10234375