1 0.025 0.41875 0.021875 0.04296875
1 0.23984375 0.353125 0.015625 0.0328125
1 0.26953125 0.36015625 0.01953125 0.04453125
1 0.29921875 0.378125 0.01953125 0.04296875
1 0.29609375 0.3171875 0.01796875 0.034375
1 0.3484375 0.38125 0.02109375 0.04609375
1 0.3671875 0.30234375 0.01484375 0.0328125
1 0.421875 0.353125 0.01953125 0.0359375
1 0.39921875 0.26796875 0.01328125 0.021875
1 0.41328125 0.2890625 0.01015625 0.021875
1 0.421875 0.31328125 0.0140625 0.02578125
1 0.4359375 0.29453125 0.0140625 0.02578125
1 0.478125 0.32265625 0.01796875 0.02734375
1 0.4546875 0.31875 0.0171875 0.02890625
1 0.459375 0.35546875 0.0234375 0.0359375
1 0.484375 0.278125 0.0140625 0.02421875
1 0.46953125 0.25859375 0.0125 0.0234375
1 0.48125 0.246875 0.01015625 0.0234375
1 0.51328125 0.271875 0.01171875 0.0359375
1 0.5328125 0.33125 0.01796875 0.0328125
1 0.53046875 0.26015625 0.0109375 0.021875
1 0.53125 0.28984375 0.0203125 0.02890625
1 0.56796875 0.296875 0.0171875 0.02734375
1 0.5640625 0.23828125 0.01328125 0.02578125
1 0.6171875 0.2328125 0.0125 0.021875
1 0.625 0.215625 0.0109375 0.021875
1 0.6171875 0.26484375 0.01015625 0.021875
1 0.65625 0.2640625 0.0140625 0.02578125
1 0.6109375 0.3421875 0.01796875 0.0375
1 0.5125 0.40625 0.02265625 0.05078125
1 0.5515625 0.3796875 0.01796875 0.0375
1 0.5546875 0.42109375 0.025 0.040625
1 0.62578125 0.44296875 0.028125 0.0546875
1 0.66171875 0.34453125 0.0125 0.03046875
1 0.64765625 0.315625 0.01640625 0.03046875
1 0.6703125 0.228125 0.00859375 0.0234375
1 0.6859375 0.2390625 0.01015625 0.03046875
1 0.7 0.23984375 0.0125 0.02578125
1 0.6859375 0.28046875 0.01484375 0.0328125
1 0.72734375 0.2984375 0.01796875 0.02890625
1 0.71640625 0.27265625 0.0109375 0.0171875
1 0.759375 0.23359375 0.01484375 0.02890625
1 0.759375 0.2828125 0.01328125 0.03203125
1 0.78046875 0.29609375 0.0140625 0.034375
1 0.79609375 0.240625 0.01328125 0.03203125
1 0.82578125 0.25859375 0.01953125 0.03203125
1 0.859375 0.26875 0.0140625 0.02578125
1 0.88984375 0.26015625 0.0125 0.02734375
1 0.915625 0.29375 0.01484375 0.0359375
1 0.86953125 0.296875 0.01484375 0.02421875
1 0.82734375 0.31640625 0.01796875 0.02734375
1 0.8625 0.32578125 0.01640625 0.03203125
1 0.8890625 0.33046875 0.0171875 0.034375
1 0.87890625 0.36328125 0.0203125 0.0375
1 0.82421875 0.38828125 0.02109375 0.040625
1 0.70546875 0.3578125 0.0203125 0.034375
1 0.62109375 0.39375 0.03359375 0.034375
1 0.675 0.38515625 0.021875 0.04609375
1 0.67421875 0.4671875 0.02734375 0.06171875
1 0.72578125 0.5171875 0.0390625 0.0765625
1 0.75234375 0.4109375 0.0265625 0.0515625
1 0.8015625 0.415625 0.02265625 0.04921875
1 0.84609375 0.528125 0.0265625 0.0578125
1 0.85859375 0.45078125 0.0234375 0.05078125
1 0.875 0.4125 0.01796875 0.034375
1 0.9203125 0.48203125 0.025 0.0515625
1 0.934375 0.41015625 0.01640625 0.04609375
1 0.94453125 0.365625 0.0171875 0.0359375
1 0.953125 0.29609375 0.01484375 0.02578125
1 0.38984375 0.3625 0.01953125 0.03203125
1 0.3828125 0.33671875 0.01640625 0.0328125
1 0.4375 0.2734375 0.0125 0.02734375
1 0.54609375 0.278125 0.01484375 0.03046875
1 0.578125 0.27421875 0.015625 0.02890625
1 0.58359375 0.23515625 0.01171875 0.0234375
1 0.82734375 0.35390625 0.0171875 0.0359375
1 0.87734375 0.28046875 0.0140625 0.0328125
1 0.7921875 0.27421875 0.015625 0.040625
1 0.64140625 0.23125 0.0140625 0.02734375
1 0.9421875 0.33359375 0.01640625 0.034375
1 0.95390625 0.31953125 0.01484375 0.03046875