1 0.078125 0.77421875 0.10078125 0.15703125
1 0.06875 0.6984375 0.07734375 0.09296875
1 0.13984375 0.68359375 0.0390625 0.07109375
1 0.16875 0.68359375 0.03125 0.0625
1 0.2125 0.70234375 0.046875 0.090625
1 0.2609375 0.7984375 0.096875 0.17734375
1 0.31484375 0.67421875 0.04453125 0.07890625
1 0.35703125 0.65703125 0.0265625 0.0421875
1 0.39609375 0.75234375 0.0625 0.1421875
1 0.39140625 0.66015625 0.0296875 0.0578125
1 0.41328125 0.6546875 0.03359375 0.0578125
1 0.44921875 0.653125 0.028125 0.04140625
1 0.47734375 0.57734375 0.02265625 0.0390625
1 0.47578125 0.7015625 0.05 0.09296875
1 0.51796875 0.67734375 0.04375 0.071875
1 0.5359375 0.80234375 0.1015625 0.16640625
1 0.55546875 0.7359375 0.0625 0.1
1 0.5578125 0.6703125 0.0328125 0.0625
1 0.57578125 0.66171875 0.02734375 0.05859375
1 0.60390625 0.7140625 0.04921875 0.08828125
1 0.61796875 0.67421875 0.03359375 0.0609375
1 0.64296875 0.6640625 0.02890625 0.0546875
1 0.66328125 0.6515625 0.02890625 0.0546875
1 0.71953125 0.6859375 0.04375 0.06875
1 0.75546875 0.74921875 0.07578125 0.10390625
1 0.8078125 0.86484375 0.1203125 0.196875
1 0.8890625 0.934375 0.17421875 0.13046875
1 0.94609375 0.7921875 0.096875 0.11484375
1 0.88359375 0.74453125 0.07890625 0.09140625
1 0.81796875 0.71953125 0.0296875 0.0609375
1 0.80625 0.6890625 0.0328125 0.05078125
1 0.771875 0.68671875 0.0484375 0.05859375
1 0.846875 0.70078125 0.03359375 0.05859375
1 0.859375 0.67421875 0.0328125 0.04296875
1 0.90703125 0.684375 0.03359375 0.05625
1 0.9328125 0.696875 0.04375 0.06875
1 0.9578125 0.6546875 0.01953125 0.0359375
1 0.87890625 0.64453125 0.01328125 0.03359375
1 0.89609375 0.646875 0.0171875 0.0265625
1 0.73203125 0.6453125 0.03359375 0.05546875