1 0.02578125 0.428125 0.0484375 0.1171875
1 0.09453125 0.37890625 0.03203125 0.0515625
1 0.13359375 0.39375 0.06328125 0.07890625
1 0.20703125 0.44296875 0.09453125 0.109375
1 0.19375 0.371875 0.034375 0.0515625
1 0.2171875 0.3671875 0.0296875 0.04921875
1 0.2453125 0.390625 0.06015625 0.08359375
1 0.30390625 0.371875 0.0296875 0.04921875
1 0.328125 0.38984375 0.04609375 0.05625
1 0.3953125 0.4625 0.10859375 0.14296875
1 0.37578125 0.36953125 0.0296875 0.04453125
1 0.4 0.365625 0.025 0.04140625
1 0.44140625 0.38828125 0.03984375 0.0609375
1 0.47734375 0.43125 0.0640625 0.0859375
1 0.4734375 0.36640625 0.02578125 0.0421875
1 0.51328125 0.409375 0.0375 0.0609375
1 0.528125 0.38203125 0.028125 0.04609375
1 0.56875 0.3875 0.0265625 0.046875
1 0.596875 0.38359375 0.0296875 0.0484375
1 0.62265625 0.43515625 0.0671875 0.11015625
1 0.64140625 0.3734375 0.028125 0.04609375
1 0.67890625 0.4265625 0.0421875 0.0671875
1 0.67265625 0.39453125 0.03203125 0.0375
1 0.69375 0.37890625 0.0328125 0.04921875
1 0.75703125 0.3984375 0.04765625 0.0625
1 0.7859375 0.4 0.034375 0.05546875
1 0.8453125 0.40546875 0.03671875 0.05078125
1 0.971875 0.40078125 0.04765625 0.0578125