1 0.12421875 0.46171875 0.0484375 0.07421875
1 0.17578125 0.46171875 0.03828125 0.06015625
1 0.25859375 0.5 0.06640625 0.103125
1 0.36328125 0.684375 0.16015625 0.21796875
1 0.3703125 0.46015625 0.03359375 0.04765625
1 0.42109375 0.45234375 0.03515625 0.0453125
1 0.46640625 0.45078125 0.0296875 0.03828125
1 0.51796875 0.4734375 0.03359375 0.040625
1 0.52578125 0.44140625 0.03828125 0.04296875
1 0.571875 0.4625 0.03359375 0.04765625
1 0.57578125 0.38515625 0.025 0.0359375
1 0.684375 0.571875 0.0953125 0.13671875
1 0.76328125 0.55859375 0.0734375 0.10546875
1 0.846875 0.53359375 0.06015625 0.09375
1 0.86484375 0.4796875 0.03984375 0.0578125
1 0.8796875 0.521875 0.046875 0.08359375
1 0.9265625 0.52265625 0.04296875 0.071875