1 0.2078125 0.440625 0.04296875 0.09453125
1 0.2734375 0.26484375 0.01640625 0.03671875
1 0.30390625 0.25 0.01328125 0.03359375
1 0.32109375 0.2609375 0.0140625 0.03984375
1 0.33046875 0.25546875 0.0171875 0.03125
1 0.33359375 0.21953125 0.0125 0.0328125
1 0.365625 0.246875 0.0203125 0.0421875
1 0.33984375 0.22109375 0.01484375 0.03125
1 0.4 0.25703125 0.0171875 0.0421875
1 0.4234375 0.26328125 0.01875 0.04375
1 0.39140625 0.18828125 0.0125 0.0265625
1 0.409375 0.171875 0.01171875 0.028125
1 0.42421875 0.18203125 0.0125 0.03671875
1 0.440625 0.15546875 0.01171875 0.0296875
1 0.4640625 0.1609375 0.0125 0.03125
1 0.45703125 0.21875 0.015625 0.03671875
1 0.478125 0.1875 0.01328125 0.028125
1 0.48125 0.22734375 0.01796875 0.0421875
1 0.44453125 0.15390625 0.009375 0.025
1 0.49609375 0.12734375 0.00859375 0.02109375
1 0.50703125 0.184375 0.01328125 0.03828125
1 0.5203125 0.1484375 0.0125 0.0296875
1 0.48515625 0.3046875 0.0203125 0.0453125
1 0.53828125 0.3078125 0.02421875 0.046875
1 0.553125 0.25703125 0.0203125 0.05390625
1 0.546875 0.19609375 0.015625 0.03984375
1 0.5515625 0.165625 0.0171875 0.03515625
1 0.55390625 0.1421875 0.0140625 0.03359375
1 0.60078125 0.11171875 0.01640625 0.03125
1 0.58671875 0.1578125 0.015625 0.03125
1 0.62421875 0.13046875 0.01328125 0.0265625
1 0.64140625 0.115625 0.01171875 0.028125
1 0.66328125 0.121875 0.01171875 0.0328125
1 0.653125 0.1703125 0.01640625 0.040625
1 0.6140625 0.20703125 0.01875 0.0421875
1 0.61015625 0.253125 0.0234375 0.05234375
1 0.65234375 0.21796875 0.01875 0.04921875
1 0.64453125 0.2625 0.02265625 0.05625
1 0.68359375 0.31328125 0.025 0.059375
1 0.703125 0.28046875 0.02421875 0.059375
1 0.6875 0.1828125 0.01796875 0.040625
1 0.70390625 0.228125 0.021875 0.04765625
1 0.71953125 0.14921875 0.01484375 0.03671875
1 0.7515625 0.14375 0.01171875 0.03125
1 0.7640625 0.1203125 0.01328125 0.0296875
1 0.73828125 0.19375 0.01484375 0.03828125
1 0.7515625 0.228125 0.01796875 0.04375
1 0.75859375 0.1734375 0.01015625 0.03359375
1 0.78984375 0.27421875 0.01875 0.04921875
1 0.7765625 0.3453125 0.03125 0.0734375
1 0.7828125 0.2140625 0.015625 0.03515625
1 0.8078125 0.228125 0.01875 0.04765625
1 0.846875 0.3140625 0.021875 0.0609375
1 0.83203125 0.13671875 0.0109375 0.028125
1 0.875 0.14609375 0.01171875 0.0296875
1 0.8015625 0.13515625 0.0125 0.03125
1 0.82109375 0.1578125 0.01171875 0.03671875
1 0.83828125 0.19453125 0.01484375 0.0421875
1 0.81953125 0.20859375 0.0140625 0.0453125
1 0.8546875 0.25625 0.01953125 0.04921875
1 0.89140625 0.25078125 0.02109375 0.0453125
1 0.88671875 0.20234375 0.0125 0.0328125
1 0.8734375 0.2171875 0.01796875 0.0453125
1 0.78671875 0.15859375 0.0109375 0.03515625
1 0.80234375 0.178125 0.0125 0.0328125