1 0.21484375 0.34140625 0.01640625 0.0328125
1 0.240625 0.3765625 0.01953125 0.04296875
1 0.27890625 0.36953125 0.01953125 0.04296875
1 0.271875 0.30625 0.015625 0.03203125
1 0.31640625 0.3640625 0.02109375 0.0390625
1 0.30234375 0.33515625 0.01875 0.0375
1 0.33984375 0.2953125 0.0171875 0.0328125
1 0.34140625 0.33515625 0.01640625 0.034375
1 0.36640625 0.32734375 0.01640625 0.034375
1 0.39453125 0.34453125 0.0203125 0.0421875
1 0.3890625 0.303125 0.01640625 0.034375
1 0.3734375 0.26484375 0.01484375 0.03046875
1 0.38984375 0.27109375 0.01484375 0.03203125
1 0.41953125 0.3078125 0.01875 0.0359375
1 0.41328125 0.25078125 0.015625 0.03203125
1 0.4328125 0.26328125 0.01484375 0.0328125
1 0.45234375 0.240625 0.015625 0.03046875
1 0.45703125 0.271875 0.01484375 0.03046875
1 0.4578125 0.30625 0.0171875 0.02890625
1 0.4828125 0.325 0.01796875 0.0375
1 0.43671875 0.33203125 0.01953125 0.04296875
1 0.5171875 0.35546875 0.0234375 0.053125
1 0.446875 0.4140625 0.02890625 0.0578125
1 0.48671875 0.26484375 0.015625 0.0328125
1 0.503125 0.278125 0.0171875 0.0390625
1 0.534375 0.28671875 0.0171875 0.0359375
1 0.5296875 0.25 0.015625 0.03203125
1 0.5421875 0.2265625 0.01171875 0.02578125
1 0.5578125 0.221875 0.01171875 0.021875
1 0.5578125 0.24296875 0.0140625 0.02734375
1 0.56328125 0.265625 0.01484375 0.034375
1 0.5796875 0.2484375 0.01640625 0.02890625
1 0.58359375 0.22421875 0.01328125 0.03046875
1 0.59375 0.21015625 0.01484375 0.03046875
1 0.61015625 0.221875 0.01484375 0.0359375
1 0.61875 0.24609375 0.01484375 0.02734375
1 0.6234375 0.2265625 0.015625 0.02890625
1 0.6421875 0.2125 0.01640625 0.02890625
1 0.64375 0.240625 0.01484375 0.02890625
1 0.66015625 0.26796875 0.01796875 0.0359375
1 0.6609375 0.240625 0.01640625 0.03203125
1 0.68125 0.22578125 0.0140625 0.03046875
1 0.6859375 0.25546875 0.01640625 0.034375
1 0.58046875 0.33515625 0.0203125 0.04296875
1 0.61953125 0.3015625 0.01953125 0.04609375
1 0.5953125 0.36484375 0.02578125 0.0515625
1 0.5296875 0.4078125 0.034375 0.05625
1 0.57578125 0.4546875 0.03515625 0.075
1 0.62578125 0.4734375 0.0359375 0.06953125
1 0.63984375 0.37265625 0.028125 0.04921875
1 0.62890625 0.35078125 0.01640625 0.034375
1 0.67109375 0.35546875 0.0203125 0.04453125
1 0.67109375 0.321875 0.02265625 0.0375
1 0.70859375 0.2875 0.015625 0.034375
1 0.73203125 0.25625 0.0125 0.03046875
1 0.72578125 0.2453125 0.0140625 0.0234375
1 0.7421875 0.23828125 0.01484375 0.034375
1 0.75546875 0.2859375 0.0171875 0.040625
1 0.7734375 0.2484375 0.015625 0.0375
1 0.7609375 0.2484375 0.0125 0.02890625
1 0.803125 0.271875 0.01484375 0.03046875
1 0.81953125 0.25703125 0.01328125 0.034375
1 0.7984375 0.303125 0.0171875 0.040625
1 0.821875 0.31484375 0.0171875 0.0375
1 0.828125 0.34453125 0.0203125 0.04609375
1 0.84609375 0.37578125 0.01953125 0.05625
1 0.85546875 0.3421875 0.01875 0.040625
1 0.8671875 0.31875 0.0171875 0.0375
1 0.83828125 0.2875 0.01484375 0.03203125
1 0.85625 0.25078125 0.01328125 0.034375
1 0.87890625 0.290625 0.0171875 0.0421875
1 0.72578125 0.4171875 0.02734375 0.04921875
1 0.69453125 0.4875 0.03828125 0.075
1 0.76640625 0.4296875 0.02734375 0.0578125
1 0.79453125 0.3640625 0.01796875 0.05078125
1 0.8125 0.53046875 0.0375 0.0734375
1 0.83125 0.46875 0.02734375 0.0609375
1 0.896875 0.48984375 0.028125 0.07109375
1 0.90078125 0.328125 0.01640625 0.04453125
1 0.92265625 0.35546875 0.01796875 0.04453125
1 0.915625 0.3078125 0.01328125 0.03046875
1 0.9203125 0.28125 0.01484375 0.0234375