1 0.0859375 0.60234375 0.1015625 0.14609375
1 0.1796875 0.565625 0.06015625 0.10859375
1 0.25 0.628125 0.1 0.15859375
1 0.2515625 0.54921875 0.053125 0.0859375
1 0.3484375 0.5984375 0.06328125 0.103125
1 0.35703125 0.553125 0.05 0.078125
1 0.43359375 0.4078125 0.04296875 0.07578125
1 0.4265625 0.59296875 0.0734375 0.1734375
1 0.48359375 0.5984375 0.046875 0.078125
1 0.4765625 0.540625 0.046875 0.0828125
1 0.63046875 0.64375 0.08203125 0.15390625
1 0.6015625 0.58203125 0.06015625 0.10546875
1 0.7171875 0.58203125 0.05859375 0.090625
1 0.76953125 0.58046875 0.071875 0.11875
1 0.86015625 0.6546875 0.11640625 0.1765625