1 0.1796875 0.4171875 0.07421875 0.0984375
1 0.23203125 0.51875 0.1140625 0.17890625
1 0.325 0.4125 0.06171875 0.08203125
1 0.415625 0.38359375 0.03984375 0.06953125
1 0.50703125 0.546875 0.090625 0.1578125
1 0.575 0.4421875 0.0796875 0.14140625
1 0.52109375 0.38828125 0.05078125 0.0859375
1 0.57109375 0.35234375 0.03671875 0.05546875
1 0.71953125 0.3359375 0.03203125 0.059375
1 0.73984375 0.41796875 0.06796875 0.1171875
1 0.8265625 0.41875 0.06328125 0.10234375
1 0.81640625 0.3765625 0.05078125 0.084375
1 0.92265625 0.3828125 0.05390625 0.0921875