1 0.26015625 0.36328125 0.04765625 0.0921875
1 0.2875 0.2296875 0.01875 0.040625
1 0.30703125 0.22578125 0.021875 0.03828125
1 0.3265625 0.2203125 0.01640625 0.03828125
1 0.34375 0.22578125 0.02109375 0.03828125
1 0.3484375 0.17734375 0.01484375 0.03515625
1 0.36640625 0.1953125 0.01484375 0.03515625
1 0.37578125 0.20390625 0.01640625 0.03203125
1 0.390625 0.2078125 0.01875 0.040625
1 0.3796875 0.17421875 0.01484375 0.0265625
1 0.40625 0.23515625 0.0171875 0.040625
1 0.42421875 0.25625 0.02265625 0.0453125
1 0.42109375 0.209375 0.01796875 0.040625
1 0.42421875 0.1859375 0.01796875 0.03046875
1 0.40234375 0.16875 0.01640625 0.03515625
1 0.42421875 0.1578125 0.0140625 0.0265625
1 0.4421875 0.16171875 0.01640625 0.02890625
1 0.446875 0.1859375 0.01640625 0.03359375
1 0.4625 0.19765625 0.0171875 0.04375
1 0.478125 0.19296875 0.01484375 0.040625
1 0.4671875 0.1578125 0.01484375 0.03046875
1 0.47265625 0.13671875 0.01484375 0.02890625
1 0.49609375 0.15546875 0.01640625 0.03828125
1 0.51640625 0.19296875 0.02109375 0.040625
1 0.5375 0.16640625 0.01484375 0.03671875
1 0.54140625 0.14453125 0.0171875 0.0265625
1 0.5109375 0.13828125 0.01171875 0.02890625
1 0.49921875 0.1265625 0.01171875 0.025
1 0.54765625 0.128125 0.0140625 0.021875
1 0.56484375 0.15234375 0.01484375 0.03046875
1 0.55859375 0.184375 0.021875 0.046875
1 0.58359375 0.1703125 0.01875 0.03828125
1 0.57421875 0.1234375 0.01171875 0.025
1 0.60078125 0.16171875 0.01484375 0.03203125
1 0.596875 0.13984375 0.01328125 0.03203125
1 0.60078125 0.11875 0.01171875 0.0234375
1 0.62265625 0.1390625 0.01484375 0.03359375
1 0.61640625 0.09609375 0.0125 0.02890625
1 0.63359375 0.1140625 0.01484375 0.03046875
1 0.653125 0.10546875 0.0140625 0.03046875
1 0.65859375 0.1125 0.0125 0.03359375
1 0.6515625 0.13828125 0.0171875 0.025
1 0.6421875 0.15703125 0.01484375 0.03203125
1 0.67890625 0.1140625 0.0140625 0.03046875
1 0.68984375 0.11875 0.01640625 0.03671875
1 0.70390625 0.11484375 0.01328125 0.03203125
1 0.56328125 0.25625 0.02421875 0.05234375
1 0.61328125 0.26953125 0.02421875 0.05546875
1 0.6046875 0.2375 0.01953125 0.03515625
1 0.64140625 0.26875 0.028125 0.0640625
1 0.6609375 0.2484375 0.02421875 0.046875
1 0.66875 0.1890625 0.02109375 0.0421875
1 0.7171875 0.19453125 0.0171875 0.040625
1 0.70078125 0.1796875 0.01484375 0.03671875
1 0.74375 0.1953125 0.01875 0.05234375
1 0.734375 0.146875 0.01640625 0.03515625
1 0.75234375 0.134375 0.01796875 0.03359375
1 0.77890625 0.14609375 0.01484375 0.0265625
1 0.78046875 0.12578125 0.01171875 0.0234375
1 0.7921875 0.17734375 0.01484375 0.03515625
1 0.8 0.209375 0.01875 0.04375
1 0.76328125 0.25703125 0.02421875 0.046875
1 0.72734375 0.24296875 0.02265625 0.040625
1 0.66640625 0.35078125 0.034375 0.0875
1 0.74375 0.3796875 0.03046875 0.071875
1 0.78359375 0.31171875 0.028125 0.0671875
1 0.8375 0.265625 0.02578125 0.05234375
1 0.84375 0.228125 0.02109375 0.04375
1 0.85546875 0.21953125 0.01328125 0.03359375
1 0.8171875 0.203125 0.01796875 0.040625
1 0.82890625 0.18125 0.0171875 0.03359375
1 0.809375 0.146875 0.0125 0.02890625
1 0.8265625 0.1453125 0.01484375 0.03828125
1 0.8421875 0.16328125 0.0140625 0.03515625
1 0.8546875 0.15234375 0.0125 0.03359375
1 0.86640625 0.1890625 0.01484375 0.0421875
1 0.87734375 0.16796875 0.0140625 0.040625
1 0.88671875 0.253125 0.01953125 0.046875
1 0.91328125 0.36171875 0.03046875 0.06875
1 0.9359375 0.26875 0.01796875 0.04375
1 0.93125 0.23046875 0.0171875 0.0421875
1 0.9375 0.20859375 0.01171875 0.03828125
1 0.9453125 0.1953125 0.0140625 0.03203125
1 0.8984375 0.21640625 0.01640625 0.04375
1 0.9046875 0.19765625 0.01796875 0.03359375
1 0.90703125 0.17109375 0.0125 0.0265625
1 0.91171875 0.1578125 0.009375 0.0203125