1 0.08515625 0.46484375 0.11328125 0.1296875
1 0.05078125 0.3546875 0.0984375 0.13515625
1 0.20234375 0.43984375 0.071875 0.11015625
1 0.2171875 0.32109375 0.06796875 0.1171875
1 0.2859375 0.3453125 0.0546875 0.08515625
1 0.31015625 0.43984375 0.0734375 0.11015625
1 0.35859375 0.4890625 0.06015625 0.0921875
1 0.4125 0.3265625 0.071875 0.1171875
1 0.5484375 0.3671875 0.10703125 0.1953125
1 0.4390625 0.41484375 0.06484375 0.1
1 0.690625 0.6234375 0.0984375 0.1828125
1 0.71015625 0.77109375 0.096875 0.17734375
1 0.8015625 0.5046875 0.1 0.1703125
1 0.7203125 0.39765625 0.0703125 0.15
1 0.83359375 0.32109375 0.0734375 0.1625
1 0.959375 0.61640625 0.078125 0.17734375
1 0.93671875 0.78359375 0.1234375 0.2078125
1 0.7078125 0.20625 0.03515625 0.0625
1 0.65 0.19609375 0.03359375 0.0625
1 0.57421875 0.17890625 0.03515625 0.0578125