1 0.8421875 0.26171875 0.0109375 0.0296875
1 0.9078125 0.27265625 0.01015625 0.0265625
1 0.86640625 0.2796875 0.0109375 0.0328125
1 0.8203125 0.26796875 0.0109375 0.03125
1 0.82890625 0.28046875 0.0109375 0.03125
1 0.828125 0.30859375 0.01484375 0.03671875
1 0.859375 0.32734375 0.0140625 0.03984375
1 0.90625 0.30859375 0.01171875 0.03125
1 0.90234375 0.340625 0.0140625 0.03828125
1 0.90078125 0.35390625 0.015625 0.03984375
1 0.8453125 0.37109375 0.01484375 0.03671875
1 0.859375 0.4078125 0.0203125 0.05078125
1 0.834375 0.3921875 0.01796875 0.0453125
1 0.884375 0.465625 0.02421875 0.06171875
1 0.81328125 0.43984375 0.021875 0.05078125
1 0.80703125 0.49609375 0.0265625 0.06171875
1 0.75234375 0.43984375 0.02265625 0.05390625
1 0.784375 0.36875 0.015625 0.046875
1 0.79140625 0.30390625 0.015625 0.03515625
1 0.7875 0.25 0.01171875 0.028125
1 0.79609375 0.2734375 0.0125 0.028125
1 0.75 0.2921875 0.0125 0.03671875
1 0.72421875 0.23671875 0.0109375 0.025
1 0.71875 0.24765625 0.0109375 0.0296875
1 0.759375 0.25 0.01171875 0.0328125
1 0.71484375 0.271875 0.01171875 0.0328125
1 0.7046875 0.290625 0.01328125 0.03671875
1 0.80546875 0.35546875 0.01484375 0.03984375
1 0.68671875 0.26171875 0.01171875 0.0328125
1 0.66796875 0.23046875 0.0109375 0.0265625
1 0.6453125 0.22578125 0.009375 0.028125
1 0.65859375 0.234375 0.00859375 0.028125
1 0.66171875 0.26875 0.01328125 0.0328125
1 0.615625 0.25703125 0.01171875 0.028125
1 0.6640625 0.32578125 0.015625 0.03984375
1 0.67421875 0.3546875 0.0171875 0.04921875
1 0.61640625 0.2984375 0.0171875 0.040625
1 0.63203125 0.334375 0.02109375 0.03984375
1 0.59375 0.21015625 0.009375 0.025
1 0.61796875 0.23125 0.01015625 0.025
1 0.58515625 0.25390625 0.0109375 0.025
1 0.53671875 0.23359375 0.01015625 0.02421875
1 0.55546875 0.22890625 0.0109375 0.0265625
1 0.5625 0.2453125 0.01015625 0.025
1 0.56171875 0.26484375 0.0109375 0.03359375
1 0.58359375 0.32421875 0.015625 0.03984375
1 0.5953125 0.37109375 0.01953125 0.04765625
1 0.54140625 0.28515625 0.0125 0.03671875
1 0.4921875 0.26484375 0.0125 0.0328125
1 0.5140625 0.26328125 0.01328125 0.0328125
1 0.49765625 0.315625 0.0125 0.03671875
1 0.4609375 0.27890625 0.009375 0.025
1 0.4484375 0.25546875 0.01171875 0.028125
1 0.4328125 0.259375 0.01015625 0.02265625
1 0.4234375 0.2828125 0.0140625 0.0328125
1 0.4 0.3015625 0.0125 0.028125
1 0.4015625 0.28046875 0.0125 0.028125
1 0.42578125 0.3109375 0.01484375 0.03515625
1 0.46171875 0.3078125 0.01484375 0.03515625
1 0.4328125 0.35078125 0.01796875 0.046875
1 0.48828125 0.3875 0.0234375 0.0609375
1 0.3515625 0.29453125 0.01015625 0.03125
1 0.35078125 0.32890625 0.01171875 0.03125
1 0.38515625 0.265625 0.01328125 0.0296875
1 0.3828125 0.334375 0.01328125 0.03671875
1 0.4015625 0.34453125 0.015625 0.03828125
1 0.28125 0.3109375 0.01328125 0.0328125
1 0.2859375 0.36640625 0.01640625 0.0421875
1 0.3078125 0.3953125 0.021875 0.04375
1 0.2265625 0.34453125 0.01328125 0.03359375
1 0.23828125 0.39765625 0.01953125 0.03125
1 0.69609375 0.50078125 0.028125 0.0734375
1 0.71171875 0.39609375 0.0234375 0.05625
1 0.64765625 0.3875 0.021875 0.06328125
1 0.653125 0.43203125 0.02734375 0.06328125
1 0.603125 0.4265625 0.02421875 0.06328125
1 0.53203125 0.40546875 0.02265625 0.06328125
1 0.175 0.48515625 0.0421875 0.0984375
1 0.7375 0.26171875 0.01015625 0.02421875
1 0.75234375 0.2625 0.0125 0.03125