1 0.05703125 0.52421875 0.10390625 0.14765625
1 0.10703125 0.38984375 0.03984375 0.06328125
1 0.22421875 0.2734375 0.0421875 0.0578125
1 0.21015625 0.4625 0.09296875 0.10625
1 0.3765625 0.4515625 0.0765625 0.128125
1 0.4390625 0.3609375 0.06015625 0.07734375
1 0.36640625 0.334375 0.03828125 0.06328125
1 0.62890625 0.3671875 0.04375 0.06015625
1 0.6546875 0.33046875 0.03671875 0.05078125
1 0.72109375 0.29765625 0.03828125 0.06328125
1 0.778125 0.44296875 0.1015625 0.16953125
1 0.77890625 0.36328125 0.07421875 0.0921875
1 0.85390625 0.321875 0.04921875 0.07265625
1 0.91875 0.35859375 0.06328125 0.07734375
1 0.97265625 0.33671875 0.0546875 0.08203125