1 0.0421875 0.40234375 0.0484375 0.09296875
1 0.11640625 0.5953125 0.0796875 0.10703125
1 0.18671875 0.41875 0.0296875 0.046875
1 0.2390625 0.41640625 0.0453125 0.0640625
1 0.23671875 0.36875 0.03671875 0.04921875
1 0.27578125 0.43203125 0.03203125 0.05546875
1 0.34140625 0.44921875 0.03671875 0.0578125
1 0.259375 0.5140625 0.05859375 0.08671875
1 0.346875 0.59765625 0.10703125 0.16015625
1 0.3921875 0.54140625 0.06484375 0.09140625
1 0.371875 0.38203125 0.0265625 0.04453125
1 0.39453125 0.43671875 0.025 0.046875
1 0.46015625 0.46015625 0.03359375 0.0578125
1 0.5015625 0.4375 0.03984375 0.07109375
1 0.61015625 0.4921875 0.03984375 0.06875
1 0.66328125 0.39765625 0.03984375 0.0625
1 0.69765625 0.46875 0.03203125 0.04921875
1 0.628125 0.64765625 0.08984375 0.1578125
1 0.7296875 0.584375 0.06640625 0.10234375
1 0.7453125 0.4796875 0.05 0.0625
1 0.815625 0.4703125 0.0453125 0.05546875
1 0.8546875 0.45234375 0.03671875 0.0640625
1 0.91953125 0.47421875 0.03203125 0.05078125
1 0.98046875 0.5046875 0.03828125 0.0796875