1 0.8453125 0.24921875 0.02578125 0.0484375
1 0.72578125 0.2640625 0.02421875 0.0421875
1 0.4609375 0.303125 0.02578125 0.0484375
1 0.4046875 0.29140625 0.02578125 0.0484375
1 0.58515625 0.78515625 0.09375 0.16484375
1 0.61171875 0.5859375 0.06796875 0.08984375
1 0.7328125 0.46875 0.05 0.09609375
1 0.88125 0.59140625 0.09765625 0.14453125
1 0.978125 0.55078125 0.04375 0.10546875
1 0.859375 0.44609375 0.05 0.06875
1 0.85625 0.49375 0.0640625 0.08125
1 0.86796875 0.390625 0.03984375 0.06015625
1 0.9171875 0.39453125 0.0296875 0.06875
1 0.934375 0.4203125 0.05625 0.078125
1 0.96796875 0.46875 0.0640625 0.084375
1 0.91484375 0.4953125 0.04609375 0.09609375
1 0.77578125 0.4203125 0.03203125 0.05390625
1 0.7796875 0.37265625 0.0359375 0.05390625
1 0.709375 0.41875 0.05390625 0.06875
1 0.66015625 0.428125 0.03984375 0.06875
1 0.66328125 0.3765625 0.0421875 0.06328125
1 0.625 0.4328125 0.0421875 0.071875
1 0.60078125 0.39453125 0.03828125 0.06328125
1 0.43515625 0.52421875 0.05390625 0.08671875
1 0.446875 0.47421875 0.034375 0.06015625
1 0.4671875 0.43125 0.0296875 0.05078125
1 0.4296875 0.4171875 0.03984375 0.071875
1 0.37578125 0.44140625 0.0359375 0.06015625
1 0.334375 0.509375 0.0640625 0.10546875
1 0.33125 0.4234375 0.0421875 0.078125
1 0.30703125 0.48671875 0.04609375 0.078125
1 0.3546875 0.81953125 0.121875 0.1859375
1 0.32265625 0.625 0.08203125 0.12578125
1 0.2 0.66796875 0.10390625 0.12890625
1 0.2046875 0.53125 0.07421875 0.09609375
1 0.23515625 0.47265625 0.04609375 0.075
1 0.2453125 0.421875 0.0421875 0.06328125
1 0.18984375 0.43671875 0.04375 0.08125
1 0.13984375 0.4625 0.05625 0.084375
1 0.10078125 0.47578125 0.0578125 0.075
1 0.0546875 0.5390625 0.065625 0.10546875
1 0.04375 0.7640625 0.084375 0.2015625
1 0.025 0.36640625 0.04609375 0.071875
1 0.028125 0.32890625 0.04375 0.08125
1 0.084375 0.278125 0.03203125 0.05078125