1 0.03515625 0.459375 0.06875 0.11875
1 0.10234375 0.40703125 0.06484375 0.1
1 0.03671875 0.3703125 0.0296875 0.05703125
1 0.18828125 0.46171875 0.078125 0.12265625
1 0.23359375 0.41484375 0.04296875 0.05859375
1 0.20625 0.36796875 0.0359375 0.053125
1 0.2421875 0.321875 0.0203125 0.03046875
1 0.15625 0.31484375 0.01875 0.034375
1 0.31640625 0.3734375 0.03125 0.0453125
1 0.2765625 0.365625 0.02265625 0.03984375
1 0.2921875 0.35078125 0.02109375 0.0375
1 0.253125 0.35390625 0.01875 0.0359375
1 0.23984375 0.36171875 0.02109375 0.03984375
1 0.17421875 0.37109375 0.02578125 0.028125
1 0.39453125 0.40625 0.0390625 0.05703125
1 0.34140625 0.375 0.01875 0.0359375
1 0.334375 0.31953125 0.02109375 0.03046875
1 0.36328125 0.30703125 0.0140625 0.0359375
1 0.3671875 0.346875 0.01796875 0.0296875
1 0.39765625 0.34921875 0.02578125 0.0296875
1 0.4390625 0.34375 0.0203125 0.0265625
1 0.42265625 0.3515625 0.01171875 0.028125
1 0.4546875 0.315625 0.0140625 0.03046875
1 0.6796875 0.4609375 0.07578125 0.1078125
1 0.90625 0.60703125 0.175 0.26171875
1 0.84765625 0.45234375 0.07265625 0.0921875
1 0.771875 0.38671875 0.03671875 0.05859375
1 0.7265625 0.39453125 0.046875 0.053125
1 0.715625 0.35703125 0.02578125 0.04296875
1 0.715625 0.31015625 0.02265625 0.03828125
1 0.74765625 0.34921875 0.01875 0.03203125
1 0.73984375 0.340625 0.0140625 0.0171875
1 0.771875 0.3125 0.02265625 0.0359375
1 0.809375 0.375 0.0296875 0.05078125
1 0.8390625 0.35546875 0.0203125 0.04140625
1 0.88125 0.36328125 0.01875 0.0359375
1 0.9234375 0.36171875 0.02265625 0.04375
1 0.9609375 0.41640625 0.0640625 0.08671875
1 0.88125 0.41796875 0.05 0.065625
1 0.66640625 0.35703125 0.02265625 0.025
1 0.64375 0.37109375 0.03125 0.04375
1 0.60234375 0.41171875 0.05234375 0.0640625
1 0.57734375 0.38671875 0.0390625 0.04765625
1 0.56484375 0.36953125 0.02578125 0.03984375
1 0.5546875 0.35 0.025 0.03046875
1 0.53671875 0.3515625 0.01484375 0.0203125
1 0.528125 0.353125 0.01328125 0.02109375
1 0.61015625 0.35234375 0.02265625 0.04296875
1 0.59609375 0.35234375 0.01796875 0.0296875
1 0.67578125 0.34453125 0.01796875 0.02265625
1 0.68984375 0.33671875 0.01484375 0.025
1 0.6546875 0.34375 0.0171875 0.0265625