1 0.25 0.22734375 0.01953125 0.0453125
1 0.31640625 0.1765625 0.0234375 0.05
1 0.390625 0.23203125 0.02421875 0.046875
1 0.38359375 0.19296875 0.01875 0.034375
1 0.40703125 0.1921875 0.01640625 0.0328125
1 0.42421875 0.2046875 0.015625 0.04140625
1 0.44296875 0.25546875 0.02421875 0.0453125
1 0.46015625 0.209375 0.01953125 0.03984375
1 0.38515625 0.12734375 0.01796875 0.0328125
1 0.3875 0.0890625 0.02265625 0.0328125
1 0.41328125 0.1328125 0.01640625 0.0296875
1 0.42265625 0.10859375 0.015625 0.0296875
1 0.47578125 0.23125 0.0203125 0.04140625
1 0.45234375 0.11171875 0.0203125 0.03671875
1 0.4625 0.134375 0.021875 0.03671875
1 0.4828125 0.084375 0.015625 0.0296875
1 0.48203125 0.1203125 0.01484375 0.02578125
1 0.50625 0.17421875 0.01875 0.03984375
1 0.484375 0.2046875 0.01875 0.034375
1 0.52578125 0.1515625 0.01640625 0.0296875
1 0.52734375 0.096875 0.0125 0.028125
1 0.54921875 0.1234375 0.01484375 0.02421875
1 0.56484375 0.0984375 0.01640625 0.0328125
1 0.58671875 0.10390625 0.01640625 0.03125
1 0.6 0.125 0.015625 0.03125
1 0.60390625 0.1015625 0.01171875 0.02265625
1 0.5671875 0.13046875 0.0125 0.02421875
1 0.63203125 0.13359375 0.01484375 0.028125
1 0.65234375 0.14296875 0.0125 0.0296875
1 0.66015625 0.1046875 0.01484375 0.0296875
1 0.68671875 0.115625 0.01875 0.0296875
1 0.6796875 0.06796875 0.0109375 0.02109375
1 0.7078125 0.1125 0.0140625 0.02109375
1 0.55 0.1953125 0.0234375 0.04375
1 0.559375 0.275 0.02578125 0.05390625
1 0.60703125 0.25625 0.02578125 0.05390625
1 0.615625 0.21875 0.01875 0.034375
1 0.6453125 0.2015625 0.02265625 0.04140625
1 0.5640625 0.16875 0.01796875 0.034375
1 0.67578125 0.18828125 0.0203125 0.03984375
1 0.70859375 0.18671875 0.021875 0.03984375
1 0.74453125 0.1984375 0.02734375 0.05703125
1 0.72734375 0.14296875 0.0140625 0.0328125
1 0.61640625 0.33046875 0.0265625 0.05703125
1 0.78828125 0.221875 0.01875 0.0453125
1 0.80234375 0.26484375 0.0265625 0.05390625
1 0.74453125 0.10703125 0.015625 0.0296875
1 0.76875 0.1171875 0.01640625 0.03671875
1 0.828125 0.165625 0.01640625 0.0328125
1 0.82421875 0.10703125 0.01953125 0.04375
1 0.79140625 0.16640625 0.01640625 0.03125
1 0.86484375 0.10234375 0.01640625 0.034375
1 0.91171875 0.146875 0.01796875 0.03984375
1 0.8890625 0.19296875 0.0265625 0.05546875
1 0.85859375 0.18046875 0.0203125 0.03828125
1 0.84375 0.225 0.01796875 0.04375
1 0.96796875 0.29609375 0.03203125 0.078125
1 0.965625 0.3890625 0.0390625 0.08671875
1 0.93828125 0.2 0.028125 0.065625
1 0.95 0.17265625 0.0203125 0.05
1 0.97734375 0.15 0.015625 0.03671875
1 0.9671875 0.1296875 0.01484375 0.03671875