1 0.1359375 0.64140625 0.08515625 0.153125
1 0.1609375 0.575 0.07265625 0.10546875
1 0.03125 0.5890625 0.05703125 0.08515625
1 0.0546875 0.5375 0.040625 0.05625
1 0.046875 0.478125 0.02890625 0.053125
1 0.09296875 0.5171875 0.03515625 0.05390625
1 0.090625 0.4796875 0.03359375 0.04609375
1 0.1390625 0.46875 0.02890625 0.0390625
1 0.1640625 0.5078125 0.04921875 0.05859375
1 0.19453125 0.53671875 0.03515625 0.078125
1 0.30078125 0.5515625 0.0609375 0.09921875
1 0.37421875 0.5796875 0.075 0.12265625
1 0.3015625 0.46875 0.0328125 0.06015625
1 0.28203125 0.50703125 0.03984375 0.0640625
1 0.26328125 0.4671875 0.034375 0.05859375
1 0.30859375 0.3703125 0.03203125 0.040625
1 0.3390625 0.39765625 0.01796875 0.0375
1 0.35546875 0.4171875 0.01953125 0.02890625
1 0.36796875 0.421875 0.01796875 0.02109375
1 0.38203125 0.4328125 0.01875 0.0328125
1 0.4078125 0.44375 0.028125 0.04921875
1 0.45859375 0.459375 0.03671875 0.06015625
1 0.49453125 0.4703125 0.03203125 0.05703125
1 0.52890625 0.46328125 0.04296875 0.075
1 0.571875 0.478125 0.0390625 0.07109375
1 0.6453125 0.503125 0.06015625 0.0984375
1 0.7203125 0.50703125 0.05859375 0.11875
1 0.82734375 0.5828125 0.09921875 0.17890625
1 0.90625 0.53828125 0.0578125 0.121875
1 0.81171875 0.459375 0.04921875 0.08125
1 0.89375 0.434375 0.05 0.08046875
1 0.93203125 0.390625 0.025 0.0625
1 0.9609375 0.3796875 0.02421875 0.06328125
1 0.9875 0.390625 0.02421875 0.05078125
1 0.821875 0.39140625 0.02578125 0.0484375
1 0.7984375 0.40625 0.02890625 0.04453125
1 0.77578125 0.396875 0.02578125 0.04765625
1 0.90234375 0.38828125 0.03046875 0.046875
1 0.859375 0.3671875 0.0234375 0.04765625
1 0.84296875 0.396875 0.01640625 0.03828125
1 0.884375 0.3703125 0.0265625 0.03203125
1 0.90078125 0.35 0.021875 0.0328125
1 0.746875 0.4578125 0.02890625 0.06640625
1 0.771875 0.453125 0.02578125 0.06875
1 0.725 0.434375 0.03203125 0.06171875
1 0.72578125 0.4046875 0.028125 0.04921875
1 0.746875 0.3875 0.01953125 0.04765625
1 0.71328125 0.384375 0.02734375 0.03671875
1 0.6546875 0.45625 0.034375 0.05546875
1 0.58984375 0.45625 0.03203125 0.04921875
1 0.53984375 0.409375 0.02890625 0.0515625
1 0.515625 0.3984375 0.01953125 0.03828125
1 0.47890625 0.41875 0.021875 0.0375
1 0.45625 0.415625 0.02109375 0.03359375
1 0.4296875 0.421875 0.01953125 0.03515625
1 0.37578125 0.4 0.01953125 0.02578125
1 0.56640625 0.38125 0.015625 0.03046875
1 0.63046875 0.38359375 0.02109375 0.0375
1 0.60859375 0.384375 0.01796875 0.03515625