1 0.2078125 0.39453125 0.0484375 0.109375
1 0.28828125 0.2828125 0.021875 0.053125
1 0.32890625 0.24453125 0.01796875 0.0375
1 0.3203125 0.30078125 0.0203125 0.053125
1 0.3390625 0.309375 0.02265625 0.05078125
1 0.4375 0.30546875 0.0265625 0.053125
1 0.43125 0.240625 0.02421875 0.04453125
1 0.390625 0.22109375 0.01796875 0.0328125
1 0.38359375 0.24765625 0.01796875 0.03984375
1 0.365625 0.24921875 0.0171875 0.0421875
1 0.35078125 0.246875 0.01796875 0.0421875
1 0.43125 0.19296875 0.01484375 0.0375
1 0.44609375 0.2171875 0.0203125 0.04453125
1 0.46171875 0.1921875 0.0171875 0.03515625
1 0.45234375 0.16640625 0.01796875 0.03046875
1 0.471875 0.25234375 0.021875 0.053125
1 0.484375 0.1828125 0.0171875 0.03984375
1 0.50703125 0.20703125 0.0171875 0.0421875
1 0.528125 0.2265625 0.021875 0.03984375
1 0.49140625 0.1421875 0.01171875 0.0328125
1 0.521875 0.16875 0.0171875 0.03984375
1 0.5515625 0.1765625 0.01796875 0.0421875
1 0.54375 0.1453125 0.0171875 0.03046875
1 0.5734375 0.1859375 0.0203125 0.0421875
1 0.5640625 0.13046875 0.01171875 0.028125
1 0.5875 0.16484375 0.015625 0.0421875
1 0.62734375 0.15703125 0.015625 0.03515625
1 0.60234375 0.109375 0.015625 0.0328125
1 0.6296875 0.11640625 0.015625 0.0375
1 0.65078125 0.1171875 0.01484375 0.03515625
1 0.6859375 0.11953125 0.01171875 0.03515625
1 0.70390625 0.1078125 0.01484375 0.03515625
1 0.69296875 0.16875 0.01953125 0.03515625
1 0.74296875 0.1328125 0.0203125 0.0421875
1 0.625 0.23046875 0.02265625 0.05078125
1 0.6125 0.28828125 0.0265625 0.05546875
1 0.57109375 0.2828125 0.03125 0.0578125
1 0.5546875 0.3328125 0.0328125 0.07421875
1 0.50703125 0.3375 0.03046875 0.07890625
1 0.61875 0.3734375 0.0328125 0.0765625
1 0.684375 0.3640625 0.03046875 0.0765625
1 0.66953125 0.2828125 0.02265625 0.0625
1 0.68203125 0.2265625 0.02421875 0.053125
1 0.72890625 0.31640625 0.03046875 0.06015625
1 0.7109375 0.228125 0.02265625 0.05078125
1 0.71953125 0.1671875 0.01953125 0.0375
1 0.76015625 0.20078125 0.0203125 0.04453125
1 0.74609375 0.17890625 0.01796875 0.0421875
1 0.76171875 0.159375 0.0171875 0.03984375
1 0.76328125 0.11953125 0.01484375 0.03984375
1 0.77734375 0.14765625 0.015625 0.03984375
1 0.81484375 0.15 0.0171875 0.03984375
1 0.8421875 0.15234375 0.015625 0.03984375
1 0.81015625 0.20078125 0.01796875 0.053125
1 0.8328125 0.18828125 0.01796875 0.0421875
1 0.8546875 0.2140625 0.01796875 0.046875
1 0.8703125 0.1859375 0.01796875 0.0375
1 0.8796875 0.171875 0.01796875 0.0375
1 0.87890625 0.14921875 0.015625 0.0328125
1 0.90390625 0.21015625 0.015625 0.04453125
1 0.9109375 0.17109375 0.01171875 0.03515625
1 0.9125 0.14453125 0.01328125 0.028125
1 0.93515625 0.159375 0.01796875 0.03984375
1 0.9546875 0.12578125 0.01796875 0.046875
1 0.9265625 0.21953125 0.021875 0.04921875
1 0.93125 0.296875 0.021875 0.0578125
1 0.87890625 0.2625 0.025 0.06015625
1 0.7796875 0.32578125 0.0328125 0.06484375