1 0.88515625 0.7734375 0.14609375 0.24140625
1 0.70390625 0.9078125 0.14765625 0.184375
1 0.83515625 0.56328125 0.065625 0.1296875
1 0.8890625 0.61171875 0.10234375 0.15390625
1 0.9109375 0.47421875 0.05390625 0.10859375
1 0.88125 0.4515625 0.03828125 0.07578125
1 0.76484375 0.4953125 0.03828125 0.07265625
1 0.72734375 0.5046875 0.0421875 0.07890625
1 0.68671875 0.52421875 0.0421875 0.06328125
1 0.67734375 0.47890625 0.03828125 0.06953125
1 0.6328125 0.590625 0.0578125 0.0875
1 0.615625 0.5046875 0.0359375 0.07265625
1 0.57734375 0.5109375 0.034375 0.06640625
1 0.54375 0.66328125 0.07578125 0.1359375
1 0.5078125 0.55 0.05234375 0.084375
1 0.5171875 0.47421875 0.0296875 0.0546875
1 0.47890625 0.4921875 0.034375 0.0546875
1 0.46171875 0.4640625 0.0359375 0.05703125
1 0.4 0.5109375 0.0359375 0.06015625
1 0.34375 0.62421875 0.0640625 0.11171875
1 0.303125 0.809375 0.1296875 0.18125
1 0.096875 0.70859375 0.10625 0.1421875
1 0.15703125 0.56953125 0.065625 0.0875
1 0.071875 0.57734375 0.05625 0.07890625
1 0.04609375 0.5078125 0.05234375 0.06015625
1 0.06875 0.453125 0.0296875 0.0546875
1 0.03984375 0.465625 0.03203125 0.06640625
1 0.11875 0.52265625 0.05390625 0.07890625
1 0.1359375 0.4625 0.0359375 0.06015625
1 0.20625 0.5078125 0.04375 0.07265625
1 0.18828125 0.47265625 0.03984375 0.06953125
1 0.23984375 0.48671875 0.03203125 0.0546875
1 0.27265625 0.46640625 0.034375 0.0515625
1 0.28984375 0.52109375 0.03984375 0.08125
1 0.3140625 0.49375 0.03203125 0.06953125
1 0.32890625 0.47265625 0.02578125 0.0515625
1 0.34375 0.45 0.028125 0.0421875
1 0.40390625 0.47265625 0.02421875 0.0390625
1 0.3859375 0.46640625 0.02421875 0.0515625