1 0.05390625 0.2453125 0.10625 0.34609375
1 0.1171875 0.259375 0.0390625 0.07421875
1 0.21328125 0.2828125 0.11171875 0.21015625
1 0.31875 0.28515625 0.06640625 0.1546875
1 0.3640625 0.27109375 0.0421875 0.1265625
1 0.40703125 0.27578125 0.0375 0.0890625
1 0.43046875 0.2578125 0.02734375 0.07734375
1 0.4453125 0.25859375 0.01953125 0.05703125
1 0.4546875 0.25546875 0.01328125 0.040625
1 0.4984375 0.0828125 0.06328125 0.11328125
1 0.54765625 0.259375 0.0234375 0.059375
1 0.61171875 0.27890625 0.04453125 0.09375
1 0.61953125 0.2453125 0.04453125 0.06640625
1 0.66796875 0.253125 0.0609375 0.10234375
1 0.74296875 0.22109375 0.06796875 0.16328125
1 0.82421875 0.2734375 0.13984375 0.24609375
1 0.94609375 0.19765625 0.1078125 0.34296875