1 0.1640625 0.68046875 0.13125 0.18515625
1 0.2234375 0.6 0.0828125 0.11640625
1 0.35625 0.6640625 0.11484375 0.1546875
1 0.446875 0.56796875 0.0734375 0.11015625
1 0.5453125 0.625 0.09765625 0.13671875
1 0.5421875 0.55 0.0609375 0.08984375
1 0.8296875 0.6046875 0.06875 0.1296875
1 0.8734375 0.5421875 0.04375 0.06484375
1 0.84921875 0.51328125 0.03359375 0.05
1 0.896875 0.5046875 0.0390625 0.06015625
1 0.909375 0.490625 0.0234375 0.04140625
1 0.76640625 0.48671875 0.02734375 0.046875
1 0.74453125 0.51640625 0.0390625 0.05703125
1 0.690625 0.51171875 0.0359375 0.053125
1 0.653125 0.4859375 0.0265625 0.0484375
1 0.63359375 0.50859375 0.0375 0.053125
1 0.60078125 0.49765625 0.03125 0.0515625
1 0.56796875 0.5125 0.0359375 0.0453125
1 0.55546875 0.4828125 0.0265625 0.0453125
1 0.51640625 0.46953125 0.02265625 0.03828125
1 0.50078125 0.48046875 0.0265625 0.0453125
1 0.47265625 0.47109375 0.02265625 0.03515625
1 0.4640625 0.51953125 0.04140625 0.05859375
1 0.44921875 0.49140625 0.03125 0.04296875
1 0.4359375 0.47734375 0.03125 0.03828125
1 0.4046875 0.4546875 0.0203125 0.0296875
1 0.4015625 0.4890625 0.0234375 0.03828125
1 0.3546875 0.46796875 0.0203125 0.03984375
1 0.36953125 0.46953125 0.01640625 0.03203125
1 0.3328125 0.52578125 0.05234375 0.075
1 0.3625 0.53984375 0.0375 0.0703125
1 0.3359375 0.47578125 0.01484375 0.03515625
1 0.3109375 0.48671875 0.02265625 0.03359375
1 0.31015625 0.46171875 0.01484375 0.0265625
1 0.253125 0.4609375 0.01640625 0.03515625
1 0.2453125 0.5109375 0.0359375 0.0546875
1 0.22734375 0.46484375 0.0203125 0.04296875
1 0.2015625 0.4625 0.01875 0.03203125
1 0.2046875 0.5171875 0.03125 0.06171875
1 0.1765625 0.53203125 0.0578125 0.08359375
1 0.1515625 0.4671875 0.025 0.0453125
1 0.08671875 0.52421875 0.05625 0.08203125
1 0.09375 0.4765625 0.0328125 0.046875
1 0.12265625 0.48828125 0.02734375 0.05
1 0.13515625 0.47265625 0.0203125 0.03203125
1 0.07109375 0.46953125 0.025 0.03203125
1 0.01875 0.4828125 0.0328125 0.0546875
1 0.02890625 0.45546875 0.025 0.028125