1 0.18203125 0.05625 0.07109375 0.1078125
1 0.22734375 0.1984375 0.0578125 0.09765625
1 0.31953125 0.18359375 0.0578125 0.1171875
1 0.42265625 0.14765625 0.065625 0.125
1 0.5203125 0.2859375 0.06328125 0.1171875
1 0.5546875 0.31875 0.08203125 0.12265625
1 0.62109375 0.09375 0.0546875 0.10234375
1 0.66328125 0.23515625 0.07109375 0.11484375
1 0.7828125 0.1625 0.075 0.1296875
1 0.89921875 0.16484375 0.06328125 0.13515625
1 0.9203125 0.20625 0.0578125 0.1375
1 0.9734375 0.19375 0.05234375 0.1421875