1 0.1140625 0.5109375 0.04140625 0.06796875
1 0.20625 0.3328125 0.02109375 0.0375
1 0.24140625 0.34921875 0.01796875 0.04296875
1 0.26875 0.3 0.01484375 0.0328125
1 0.27890625 0.34765625 0.01875 0.03984375
1 0.30703125 0.3609375 0.01953125 0.04453125
1 0.33125 0.32890625 0.02109375 0.0328125
1 0.3359375 0.2859375 0.0140625 0.021875
1 0.3671875 0.328125 0.01640625 0.0328125
1 0.3921875 0.3328125 0.02265625 0.02890625
1 0.371875 0.26796875 0.0140625 0.02890625
1 0.41484375 0.23828125 0.0125 0.021875
1 0.42734375 0.25234375 0.0140625 0.03203125
1 0.4359375 0.3265625 0.02109375 0.0390625
1 0.4484375 0.30703125 0.01640625 0.0328125
1 0.44609375 0.23828125 0.0140625 0.021875
1 0.4921875 0.30703125 0.015625 0.04140625
1 0.453125 0.4046875 0.0265625 0.05390625
1 0.49375 0.25546875 0.0140625 0.03203125
1 0.50234375 0.27109375 0.0140625 0.0328125
1 0.51328125 0.24375 0.0140625 0.02890625
1 0.5328125 0.234375 0.0125 0.02890625
1 0.54609375 0.21484375 0.01484375 0.0234375
1 0.5609375 0.20625 0.01640625 0.021875
1 0.596875 0.196875 0.01171875 0.0234375
1 0.559375 0.26953125 0.01484375 0.0359375
1 0.5890625 0.24375 0.01171875 0.0328125
1 0.625 0.2140625 0.0140625 0.025
1 0.62734375 0.24140625 0.01484375 0.03203125
1 0.6484375 0.21015625 0.0140625 0.025
1 0.6640625 0.21953125 0.0140625 0.02734375
1 0.684375 0.2125 0.01328125 0.0265625
1 0.509375 0.42265625 0.02734375 0.059375
1 0.5265625 0.34453125 0.02421875 0.046875
1 0.571875 0.44140625 0.03203125 0.0609375
1 0.57265625 0.38125 0.0234375 0.0484375
1 0.58515625 0.32265625 0.021875 0.04140625
1 0.621875 0.29921875 0.01640625 0.0375
1 0.65390625 0.27109375 0.0140625 0.03046875
1 0.68984375 0.24765625 0.01328125 0.0328125
1 0.671875 0.3078125 0.0234375 0.034375
1 0.69921875 0.2859375 0.01796875 0.0375
1 0.6453125 0.35859375 0.01953125 0.05
1 0.6734375 0.353125 0.01875 0.04296875
1 0.6265625 0.4609375 0.03125 0.06328125
1 0.703125 0.3953125 0.02578125 0.0578125
1 0.6859375 0.5328125 0.0359375 0.06953125
1 0.76328125 0.425 0.028125 0.05546875
1 0.72109375 0.23984375 0.0140625 0.0265625
1 0.74921875 0.21796875 0.01484375 0.02890625
1 0.7515625 0.25078125 0.015625 0.034375
1 0.76796875 0.2703125 0.0171875 0.0375
1 0.77109375 0.23515625 0.01171875 0.0328125
1 0.78828125 0.2359375 0.01328125 0.03203125
1 0.81171875 0.2640625 0.0140625 0.03046875
1 0.83203125 0.24453125 0.01171875 0.0359375
1 0.80390625 0.2859375 0.01484375 0.0328125
1 0.82578125 0.2984375 0.01640625 0.0328125
1 0.8171875 0.32578125 0.01796875 0.03984375
1 0.80078125 0.34765625 0.02109375 0.0484375
1 0.8484375 0.35859375 0.01796875 0.0453125
1 0.8390625 0.43828125 0.025 0.0578125
1 0.809375 0.47890625 0.0265625 0.05703125
1 0.90234375 0.4546875 0.0265625 0.059375
1 0.8671875 0.34140625 0.01875 0.04453125
1 0.84296875 0.26640625 0.01484375 0.0375
1 0.865625 0.25 0.01171875 0.0359375
1 0.884375 0.2703125 0.01640625 0.03984375
1 0.8984375 0.3125 0.0171875 0.0359375
1 0.9265625 0.35390625 0.01796875 0.05
1 0.92265625 0.29609375 0.01484375 0.0359375
1 0.92734375 0.2703125 0.0125 0.0234375
1 0.9015625 0.42734375 0.0265625 0.0359375
1 0.56796875 0.25078125 0.01328125 0.034375
1 0.38984375 0.29375 0.01328125 0.02890625
1 0.41953125 0.2984375 0.015625 0.03046875
1 0.3890625 0.27109375 0.01328125 0.025
1 0.875 0.3015625 0.01484375 0.04140625