0 0.83515625 0.2421875 0.06484375 0.11796875
0 0.9875 0.353125 0.025 0.07109375
0 0.7734375 0.325 0.046875 0.0953125
0 0.625 0.12578125 0.09140625 0.153125
0 0.52734375 0.30390625 0.05859375 0.078125
0 0.46328125 0.25859375 0.06640625 0.12578125
0 0.4328125 0.31953125 0.0421875 0.0796875
0 0.353125 0.24375 0.0671875 0.0984375
0 0.2765625 0.278125 0.059375 0.0859375
0 0.2 0.31796875 0.04765625 0.0859375
0 0.175 0.32734375 0.02265625 0.06484375
0 0.16015625 0.3640625 0.0265625 0.05390625
0 0.075 0.33125 0.05234375 0.0765625