1 0.04921875 0.4 0.03828125 0.05703125
1 0.253125 0.27890625 0.0171875 0.021875
1 0.29921875 0.25859375 0.02265625 0.0296875
1 0.3359375 0.27890625 0.01796875 0.03203125
1 0.38203125 0.3125 0.02265625 0.04140625
1 0.48515625 0.29453125 0.028125 0.03515625
1 0.52578125 0.3109375 0.025 0.0546875
1 0.59921875 0.3296875 0.02421875 0.05
1 0.66875 0.34921875 0.0234375 0.0546875
1 0.7796875 0.2921875 0.025 0.0453125
1 0.7109375 0.28046875 0.02578125 0.0453125
1 0.6578125 0.259375 0.02890625 0.0453125
1 0.60859375 0.26015625 0.025 0.03359375
1 0.5625 0.240625 0.025 0.03203125
1 0.484375 0.22265625 0.0234375 0.03828125
1 0.4484375 0.22578125 0.02265625 0.028125
1 0.41015625 0.2234375 0.02265625 0.03671875
1 0.3734375 0.2234375 0.0140625 0.0296875
1 0.34375 0.215625 0.02265625 0.028125
1 0.315625 0.2234375 0.01796875 0.0296875
1 0.38046875 0.196875 0.01484375 0.0203125
1 0.4109375 0.1703125 0.01328125 0.0234375
1 0.44765625 0.13828125 0.0109375 0.0203125
1 0.45078125 0.16953125 0.01484375 0.03515625
1 0.47421875 0.18828125 0.01796875 0.0296875
1 0.47265625 0.14140625 0.0140625 0.0265625
1 0.503125 0.171875 0.0171875 0.0296875
1 0.53515625 0.1921875 0.01796875 0.03515625
1 0.60546875 0.2140625 0.02265625 0.04140625
1 0.5625 0.17421875 0.01875 0.03203125
1 0.53046875 0.13828125 0.021875 0.03359375
1 0.553125 0.1140625 0.0171875 0.021875
1 0.58671875 0.1171875 0.0171875 0.028125
1 0.62421875 0.13984375 0.01875 0.0296875
1 0.6515625 0.209375 0.02734375 0.03828125
1 0.69765625 0.21171875 0.025 0.03671875
1 0.7453125 0.23359375 0.02734375 0.04296875
1 0.8 0.23515625 0.0296875 0.05
1 0.73125 0.18984375 0.021875 0.0296875
1 0.7921875 0.1703125 0.021875 0.03671875
1 0.75234375 0.16015625 0.02265625 0.03359375
1 0.6890625 0.103125 0.0171875 0.0203125
1 0.671875 0.1140625 0.0203125 0.021875
1 0.65078125 0.115625 0.01796875 0.01796875
1 0.6109375 0.11328125 0.015625 0.0234375
1 0.70625 0.1390625 0.01328125 0.03203125
1 0.72578125 0.13359375 0.01328125 0.01640625
1 0.74140625 0.11328125 0.00859375 0.0203125
1 0.765625 0.1328125 0.009375 0.021875
1 0.77265625 0.121875 0.009375 0.0265625
1 0.7875 0.1265625 0.0109375 0.0265625
1 0.67890625 0.159375 0.015625 0.028125
1 0.57578125 0.15 0.01484375 0.0296875
1 0.9140625 0.28359375 0.02265625 0.046875
1 0.86328125 0.22734375 0.0171875 0.04140625
1 0.875 0.17109375 0.0140625 0.028125
1 0.9171875 0.1984375 0.0171875 0.03671875
1 0.89296875 0.13046875 0.0125 0.028125
1 0.8296875 0.13828125 0.0140625 0.0296875
1 0.8125 0.16484375 0.0140625 0.0296875
1 0.79921875 0.1234375 0.009375 0.0265625
1 0.846875 0.1546875 0.01796875 0.03984375
1 0.9109375 0.1625 0.0109375 0.025
1 0.92578125 0.15390625 0.01015625 0.028125
1 0.86484375 0.13515625 0.0125 0.0265625
1 0.89296875 0.16796875 0.0140625 0.0265625
1 0.8984375 0.20078125 0.0140625 0.03515625