1 0.0671875 0.59453125 0.04609375 0.075
1 0.1125 0.56015625 0.03671875 0.0578125
1 0.13828125 0.55703125 0.0296875 0.0515625
1 0.1984375 0.546875 0.03125 0.046875
1 0.23203125 0.540625 0.02734375 0.04140625
1 0.26875 0.5359375 0.0296875 0.0453125
1 0.29140625 0.5234375 0.02265625 0.03671875
1 0.353125 0.51796875 0.015625 0.03203125
1 0.40703125 0.52265625 0.0171875 0.0375
1 0.46640625 0.521875 0.02421875 0.03984375
1 0.51875 0.52421875 0.0203125 0.03203125
1 0.57265625 0.51640625 0.01953125 0.0390625
1 0.634375 0.51875 0.01640625 0.03828125
1 0.69140625 0.521875 0.01953125 0.04296875
1 0.7234375 0.54609375 0.0296875 0.05390625
1 0.746875 0.53515625 0.02421875 0.05625
1 0.79375 0.55 0.034375 0.06484375
1 0.85234375 0.5546875 0.03828125 0.06875
1 0.89921875 0.57734375 0.04921875 0.0703125