1 0.14453125 0.246875 0.0859375 0.1890625
1 0.2359375 0.134375 0.06875 0.1359375
1 0.1515625 0.04609375 0.0625 0.0859375
1 0.33203125 0.45390625 0.1359375 0.296875
1 0.41328125 0.24609375 0.1015625 0.19140625
1 0.3453125 0.04140625 0.06875 0.078125
1 0.46328125 0.14296875 0.0546875 0.13046875
1 0.5125 0.05390625 0.053125 0.096875
1 0.63203125 0.1390625 0.0546875 0.15546875
1 0.6046875 0.4640625 0.109375 0.271875
1 0.6953125 0.2609375 0.0875 0.171875
1 0.6890625 0.0609375 0.053125 0.09453125
1 0.87734375 0.134375 0.0734375 0.14140625