1 0.0546875 0.509375 0.06171875 0.1140625
1 0.159375 0.51796875 0.0453125 0.09296875
1 0.22421875 0.5625 0.09296875 0.13359375
1 0.31640625 0.49453125 0.0578125 0.08984375
1 0.371875 0.5546875 0.0671875 0.13359375
1 0.50625 0.703125 0.10390625 0.19609375
1 0.51875 0.53984375 0.07109375 0.125
1 0.63203125 0.5328125 0.06015625 0.0953125
1 0.70625 0.628125 0.08203125 0.1609375
1 0.77890625 0.59921875 0.07421875 0.146875
1 0.821875 0.51640625 0.0546875 0.084375
1 0.71484375 0.50546875 0.065625 0.084375
1 0.97109375 0.6078125 0.0578125 0.146875
1 0.971875 0.44921875 0.034375 0.06015625
1 0.98828125 0.40859375 0.0234375 0.03828125
1 0.9109375 0.39921875 0.02890625 0.040625
1 0.89609375 0.434375 0.0328125 0.0515625
1 0.86015625 0.4546875 0.0328125 0.06015625
1 0.87265625 0.4125 0.02890625 0.040625
1 0.859375 0.403125 0.0234375 0.03828125
1 0.83359375 0.4234375 0.0234375 0.0515625
1 0.81640625 0.43984375 0.02890625 0.05703125
1 0.7765625 0.4484375 0.0328125 0.05703125
1 0.71328125 0.43359375 0.03125 0.06015625
1 0.6265625 0.46171875 0.0453125 0.07890625
1 0.6546875 0.4453125 0.02890625 0.06796875
1 0.609375 0.4125 0.02890625 0.0515625
1 0.584375 0.415625 0.034375 0.05703125
1 0.53984375 0.43203125 0.0328125 0.05703125
1 0.4609375 0.44453125 0.03828125 0.06015625
1 0.434375 0.4140625 0.021875 0.04375
1 0.36484375 0.4125 0.0203125 0.040625
1 0.39375 0.41171875 0.0203125 0.0328125
1 0.3796875 0.3953125 0.01796875 0.03828125
1 0.2578125 0.43046875 0.0328125 0.04921875
1 0.24375 0.40625 0.02578125 0.03828125
1 0.3 0.42265625 0.021875 0.03828125
1 0.30546875 0.4015625 0.01796875 0.040625
1 0.34375 0.42265625 0.02890625 0.04375
1 0.35703125 0.49296875 0.0421875 0.08203125
1 0.50703125 0.40078125 0.01796875 0.0328125
1 0.6375 0.39609375 0.0203125 0.03515625
1 0.6625 0.390625 0.0234375 0.03515625
1 0.69609375 0.403125 0.01484375 0.03828125
1 0.7296875 0.39609375 0.01640625 0.02421875
1 0.78515625 0.4015625 0.02578125 0.03515625
1 0.19453125 0.46484375 0.05078125 0.084375
1 0.17578125 0.4234375 0.03125 0.0625
1 0.13125 0.43359375 0.0328125 0.04921875
1 0.1390625 0.4125 0.02734375 0.0515625
1 0.09609375 0.446875 0.02890625 0.04921875
1 0.090625 0.41953125 0.02890625 0.04921875
1 0.02109375 0.446875 0.02734375 0.04375
1 0.0390625 0.4265625 0.02734375 0.040625