1 0.696875 0.409375 0.0234375 0.04140625
1 0.83359375 0.63203125 0.0578125 0.1015625
1 0.71171875 0.65859375 0.05859375 0.0828125
1 0.61015625 0.5984375 0.0453125 0.07890625
1 0.50078125 0.5953125 0.06640625 0.11796875
1 0.43984375 0.5578125 0.0421875 0.065625
1 0.4015625 0.58984375 0.05 0.08828125
1 0.3859375 0.5375 0.03125 0.06171875
1 0.33125 0.5546875 0.0546875 0.0765625
1 0.3390625 0.51953125 0.03359375 0.05234375
1 0.27109375 0.55546875 0.05 0.07890625
1 0.2078125 0.57421875 0.0421875 0.05234375
1 0.19375 0.53125 0.0328125 0.06015625
1 0.14609375 0.60234375 0.0921875 0.13515625
1 0.0671875 0.59453125 0.07109375 0.11640625
1 0.02578125 0.56875 0.0484375 0.07890625