1 0.28125 0.253125 0.0328125 0.075
1 0.36640625 0.26328125 0.03515625 0.0671875
1 0.1125 0.41953125 0.06015625 0.0984375
1 0.1390625 0.47734375 0.05859375 0.11328125
1 0.24609375 0.48359375 0.0828125 0.13359375
1 0.3171875 0.48203125 0.0625 0.0984375
1 0.3609375 0.61640625 0.1078125 0.190625
1 0.4015625 0.45 0.04765625 0.0875
1 0.47265625 0.5328125 0.0578125 0.1359375
1 0.47109375 0.48125 0.05 0.0921875
1 0.521875 0.44453125 0.0484375 0.0859375
1 0.6109375 0.51953125 0.07109375 0.11484375
1 0.5953125 0.47109375 0.06015625 0.0875
1 0.61875 0.4265625 0.0453125 0.075
1 0.6828125 0.4421875 0.03125 0.06875
1 0.68671875 0.6015625 0.09375 0.165625
1 0.76640625 0.52265625 0.0703125 0.12578125
1 0.834375 0.46875 0.03125 0.0671875
1 0.86015625 0.5 0.04765625 0.1046875
1 0.9078125 0.54375 0.08359375 0.16328125
1 0.9109375 0.4484375 0.03515625 0.06875
1 0.96953125 0.50078125 0.0484375 0.0984375
1 0.98828125 0.44296875 0.0234375 0.0453125