1 0.48515625 0.2109375 0.0296875 0.06171875
1 0.5296875 0.20625 0.02421875 0.0453125
1 0.61640625 0.2078125 0.0234375 0.04921875
1 0.65234375 0.20703125 0.01953125 0.04375
1 0.66796875 0.22265625 0.02109375 0.0453125
1 0.6734375 0.26328125 0.025 0.0578125
1 0.70390625 0.2203125 0.01953125 0.04375
1 0.74296875 0.22734375 0.0171875 0.04375
1 0.76640625 0.23359375 0.0234375 0.05234375
1 0.7265625 0.28125 0.028125 0.06328125
1 0.75 0.3203125 0.03046875 0.0765625
1 0.81640625 0.2625 0.02109375 0.05234375
1 0.79296875 0.39765625 0.03671875 0.078125
1 0.90390625 0.34453125 0.028125 0.0671875
1 0.96015625 0.34296875 0.03515625 0.1