1 0.02265625 0.46015625 0.0328125 0.05859375
1 0.23046875 0.3296875 0.0140625 0.0328125
1 0.25625 0.35546875 0.01875 0.04609375
1 0.2828125 0.30546875 0.0171875 0.0328125
1 0.29375 0.35390625 0.0171875 0.03984375
1 0.33359375 0.34765625 0.0203125 0.04609375
1 0.35234375 0.31875 0.01640625 0.0296875
1 0.3546875 0.28125 0.01484375 0.02578125
1 0.3828125 0.321875 0.01484375 0.03671875
1 0.409375 0.33125 0.01953125 0.03515625
1 0.465625 0.3953125 0.028125 0.0546875
1 0.44921875 0.33125 0.021875 0.03828125
1 0.5421875 0.39296875 0.0265625 0.0421875
1 0.59375 0.428125 0.0265625 0.05546875
1 0.6546875 0.43515625 0.0234375 0.0609375
1 0.70546875 0.4640625 0.0328125 0.075
1 0.81953125 0.484375 0.02890625 0.0609375
1 0.90859375 0.453125 0.02578125 0.0609375
1 0.8453125 0.46171875 0.0265625 0.0546875
1 0.7828125 0.4171875 0.02890625 0.06015625
1 0.71875 0.40390625 0.0234375 0.0453125
1 0.653125 0.36640625 0.01875 0.04609375
1 0.5328125 0.34296875 0.021875 0.040625
1 0.503125 0.3078125 0.015625 0.03515625
1 0.3890625 0.2609375 0.01484375 0.02578125
1 0.40859375 0.2609375 0.01328125 0.02578125
1 0.42734375 0.23828125 0.0125 0.021875
1 0.4453125 0.2578125 0.015625 0.0296875
1 0.47578125 0.2578125 0.0140625 0.03125
1 0.503125 0.25859375 0.0125 0.02734375
1 0.515625 0.26875 0.01328125 0.03125
1 0.52578125 0.24609375 0.0125 0.02890625
1 0.54375 0.24765625 0.01953125 0.0234375
1 0.56171875 0.2703125 0.01484375 0.034375
1 0.5796875 0.2546875 0.015625 0.0328125
1 0.6859375 0.359375 0.01796875 0.03515625
1 0.8109375 0.34921875 0.02109375 0.0453125
1 0.8578125 0.359375 0.0234375 0.04375
1 0.83515625 0.3296875 0.01484375 0.03515625
1 0.87578125 0.346875 0.01796875 0.03984375
1 0.93828125 0.3484375 0.01796875 0.03828125
1 0.68828125 0.29921875 0.01875 0.03671875
1 0.596875 0.33125 0.02265625 0.03515625
1 0.63515625 0.29765625 0.021875 0.03984375
1 0.6609375 0.2625 0.01796875 0.03125
1 0.6015625 0.24765625 0.0109375 0.0234375
1 0.72578125 0.27890625 0.01640625 0.0296875
1 0.70234375 0.246875 0.01484375 0.0296875
1 0.734375 0.24375 0.0171875 0.0328125
1 0.778125 0.2796875 0.0140625 0.034375
1 0.815625 0.2984375 0.015625 0.03515625
1 0.85078125 0.2734375 0.01484375 0.02890625
1 0.8765625 0.30078125 0.01484375 0.0328125
1 0.90546875 0.32109375 0.01796875 0.034375
1 0.89296875 0.27265625 0.01640625 0.02734375
1 0.8734375 0.25625 0.01328125 0.03828125
1 0.93203125 0.30234375 0.01328125 0.0328125
1 0.821875 0.26328125 0.01328125 0.0328125
1 0.79453125 0.23984375 0.01484375 0.0328125
1 0.78046875 0.24140625 0.01171875 0.02421875
1 0.76171875 0.228125 0.0140625 0.02578125
1 0.7 0.21875 0.0125 0.02890625
1 0.6078125 0.203125 0.009375 0.02734375
1 0.55625 0.2265625 0.0109375 0.03125
1 0.571875 0.2171875 0.01328125 0.0234375
1 0.63515625 0.21953125 0.01171875 0.02421875
1 0.66171875 0.21484375 0.0125 0.0234375
1 0.67578125 0.225 0.01171875 0.02421875
1 0.9359375 0.278125 0.01328125 0.0296875
1 0.59140625 0.3890625 0.03203125 0.04765625
1 0.8390625 0.3015625 0.01796875 0.02890625
1 0.84140625 0.24921875 0.01328125 0.02734375
1 0.9171875 0.303125 0.0140625 0.03984375
1 0.76328125 0.2578125 0.01328125 0.02421875
1 0.59921875 0.21640625 0.01171875 0.02734375
1 0.6234375 0.21328125 0.0109375 0.02578125
1 0.64296875 0.23671875 0.0125 0.02734375
1 0.4046875 0.29453125 0.01328125 0.02734375
1 0.43203125 0.30546875 0.01875 0.0328125
1 0.465625 0.309375 0.0203125 0.03828125
1 0.4640625 0.23828125 0.0125 0.02421875
1 0.6453125 0.34296875 0.01953125 0.04375