1 0.0328125 0.403125 0.0203125 0.040625
1 0.23515625 0.3390625 0.0171875 0.03359375
1 0.26015625 0.36953125 0.0203125 0.04375
1 0.29140625 0.375 0.02109375 0.04375
1 0.29765625 0.30390625 0.01640625 0.03203125
1 0.33515625 0.3609375 0.0234375 0.04609375
1 0.35859375 0.29296875 0.0171875 0.03359375
1 0.359375 0.33515625 0.01796875 0.03359375
1 0.384375 0.32890625 0.01796875 0.03203125
1 0.40859375 0.33671875 0.02265625 0.0421875
1 0.39375 0.25625 0.0140625 0.03203125
1 0.409375 0.2703125 0.015625 0.028125
1 0.4109375 0.30078125 0.01953125 0.03203125
1 0.44453125 0.340625 0.02109375 0.04453125
1 0.43125 0.253125 0.0140625 0.0296875
1 0.446875 0.271875 0.01640625 0.03359375
1 0.475 0.30390625 0.01953125 0.03515625
1 0.4671875 0.24609375 0.01796875 0.0375
1 0.478125 0.2671875 0.01640625 0.03203125
1 0.50234375 0.32421875 0.02109375 0.0390625
1 0.51015625 0.26484375 0.015625 0.03046875
1 0.52578125 0.27734375 0.0203125 0.03359375
1 0.51796875 0.24453125 0.01640625 0.0265625
1 0.53984375 0.2484375 0.01640625 0.03046875
1 0.55390625 0.3 0.01796875 0.03359375
1 0.559375 0.2296875 0.01640625 0.028125
1 0.58359375 0.25625 0.015625 0.03203125
1 0.575 0.22265625 0.0171875 0.02265625
1 0.6 0.24921875 0.01640625 0.03203125
1 0.603125 0.22265625 0.01328125 0.03046875
1 0.61015625 0.20859375 0.0125 0.0265625
1 0.62734375 0.2203125 0.01328125 0.03359375
1 0.64140625 0.24765625 0.0140625 0.02421875
1 0.640625 0.228125 0.01484375 0.0296875
1 0.65703125 0.215625 0.01171875 0.02421875
1 0.67578125 0.23046875 0.01328125 0.03515625
1 0.69765625 0.228125 0.0140625 0.0296875
1 0.70546875 0.25625 0.01640625 0.03515625
1 0.6765625 0.2703125 0.01796875 0.03515625
1 0.63203125 0.3015625 0.0203125 0.0421875
1 0.60234375 0.33125 0.02265625 0.0390625
1 0.609375 0.359375 0.021875 0.04453125
1 0.5359375 0.35234375 0.0265625 0.04765625
1 0.465625 0.41015625 0.03359375 0.0578125
1 0.546875 0.403125 0.0265625 0.0515625
1 0.61171875 0.41796875 0.028125 0.05625
1 0.653125 0.4484375 0.0390625 0.065625
1 0.65234375 0.37265625 0.0265625 0.06015625
1 0.68671875 0.35625 0.0265625 0.04453125
1 0.68046875 0.3203125 0.02265625 0.040625
1 0.715625 0.46953125 0.03671875 0.07265625
1 0.73125 0.39921875 0.0265625 0.04921875
1 0.78046875 0.42265625 0.03046875 0.0546875
1 0.83828125 0.52421875 0.0359375 0.0671875
1 0.84375 0.4328125 0.0328125 0.0515625
1 0.8109375 0.3640625 0.0234375 0.0515625
1 0.81484375 0.334375 0.021875 0.04375
1 0.72578125 0.28671875 0.01875 0.03515625
1 0.73984375 0.25859375 0.01640625 0.040625
1 0.74609375 0.240625 0.0125 0.0265625
1 0.75625 0.23515625 0.015625 0.03203125
1 0.7703125 0.2859375 0.01484375 0.03359375
1 0.7578125 0.26171875 0.0171875 0.0265625
1 0.77734375 0.2390625 0.0140625 0.0296875
1 0.7859375 0.25 0.0140625 0.0296875
1 0.81953125 0.2984375 0.01640625 0.03046875
1 0.81328125 0.26796875 0.01640625 0.03046875
1 0.84140625 0.3046875 0.01796875 0.0390625
1 0.84921875 0.28203125 0.015625 0.03359375
1 0.840625 0.25546875 0.0125 0.028125
1 0.86015625 0.2703125 0.01328125 0.03359375
1 0.87109375 0.25078125 0.0140625 0.03359375
1 0.89453125 0.2859375 0.015625 0.03671875
1 0.88515625 0.325 0.01484375 0.028125
1 0.878125 0.34765625 0.01640625 0.03671875
1 0.86015625 0.3703125 0.0234375 0.053125
1 0.9109375 0.4640625 0.03671875 0.06484375
1 0.9140625 0.32578125 0.015625 0.040625
1 0.93125 0.29765625 0.0140625 0.028125
1 0.92890625 0.278125 0.0171875 0.03515625
1 0.9328125 0.36015625 0.01875 0.053125