1 0.07265625 0.57890625 0.1234375 0.21328125
1 0.0609375 0.46953125 0.0671875 0.10390625
1 0.07421875 0.43046875 0.03984375 0.07109375
1 0.0890625 0.4 0.04375 0.0875
1 0.17265625 0.4109375 0.04375 0.10390625
1 0.2203125 0.4640625 0.08359375 0.16484375
1 0.21875 0.371875 0.03125 0.05859375
1 0.190625 0.3546875 0.0328125 0.06171875
1 0.26875 0.23984375 0.02578125 0.05859375
1 0.29609375 0.4046875 0.04765625 0.096875
1 0.309375 0.38203125 0.02890625 0.05859375
1 0.2625 0.33984375 0.02734375 0.05859375
1 0.32890625 0.34296875 0.02890625 0.0453125
1 0.3796875 0.365625 0.03671875 0.07109375
1 0.3734375 0.4453125 0.05625 0.09375
1 0.37734375 0.55859375 0.09609375 0.184375
1 0.46171875 0.37890625 0.04375 0.10390625
1 0.49921875 0.38828125 0.05625 0.090625
1 0.50390625 0.48203125 0.065625 0.1359375
1 0.61328125 0.60859375 0.1 0.20703125
1 0.56875 0.40625 0.03671875 0.06796875
1 0.67890625 0.45625 0.05234375 0.11015625
1 0.6625 0.3625 0.03125 0.06484375
1 0.69296875 0.37734375 0.02890625 0.06171875
1 0.72265625 0.35078125 0.02734375 0.06171875
1 0.75625 0.38046875 0.05078125 0.07421875
1 0.828125 0.6265625 0.121875 0.21015625
1 0.828125 0.4125 0.05234375 0.09375
1 0.8875 0.4109375 0.04765625 0.096875
1 0.9390625 0.42421875 0.05234375 0.11640625