1 0.1671875 0.578125 0.03203125 0.05703125
1 0.203125 0.6625 0.04921875 0.10625
1 0.209375 0.82890625 0.07421875 0.128125
1 0.39609375 0.5671875 0.03203125 0.0515625
1 0.4328125 0.60234375 0.03203125 0.0515625
1 0.4546875 0.40546875 0.02890625 0.06796875
1 0.49296875 0.628125 0.04453125 0.08203125
1 0.378125 0.921875 0.12578125 0.14453125
1 0.63515625 0.7578125 0.06171875 0.128125
1 0.88671875 0.82109375 0.084375 0.16640625
1 0.86484375 0.665625 0.05546875 0.08984375
1 0.87734375 0.60390625 0.03515625 0.07109375
1 0.7984375 0.5421875 0.025 0.04609375
1 0.7421875 0.56796875 0.03203125 0.06015625
1 0.6875 0.596875 0.03984375 0.0625
1 0.66015625 0.52890625 0.025 0.05703125
1 0.60703125 0.575 0.02890625 0.0734375
1 0.54375 0.5515625 0.02578125 0.04921875