1 0.60703125 0.10546875 0.01171875 0.02890625
1 0.42734375 0.19765625 0.0171875 0.0390625
1 0.45859375 0.19921875 0.01953125 0.0421875
1 0.65078125 0.12265625 0.01484375 0.02734375
1 0.6609375 0.1421875 0.0125 0.02734375
1 0.75 0.14453125 0.01484375 0.02890625
1 0.76640625 0.146875 0.0140625 0.03046875
1 0.82265625 0.25625 0.0203125 0.0453125
1 0.86796875 0.1859375 0.01171875 0.03046875
1 0.88828125 0.215625 0.01484375 0.03203125
1 0.8875 0.2484375 0.01640625 0.046875
1 0.9125 0.25078125 0.015625 0.034375
1 0.9375 0.1890625 0.0125 0.03046875
1 0.61953125 0.1390625 0.01484375 0.02890625