1 0.25390625 0.2296875 0.0203125 0.04296875
1 0.32265625 0.2046875 0.01640625 0.03125
1 0.371875 0.20234375 0.015625 0.03125
1 0.37421875 0.18203125 0.01796875 0.0296875
1 0.41640625 0.16875 0.01328125 0.02734375
1 0.43984375 0.1765625 0.01875 0.03515625
1 0.44140625 0.1515625 0.0109375 0.0234375
1 0.46171875 0.17265625 0.015625 0.03125
1 0.47265625 0.17265625 0.01328125 0.03125
1 0.46328125 0.21328125 0.01875 0.04140625
1 0.4828125 0.15703125 0.015625 0.02734375
1 0.4796875 0.13046875 0.015625 0.021875
1 0.503125 0.1796875 0.01875 0.0375
1 0.496875 0.12890625 0.0125 0.02578125
1 0.5375 0.221875 0.01796875 0.02734375
1 0.5390625 0.14921875 0.01796875 0.03125
1 0.57578125 0.18828125 0.01796875 0.03515625
1 0.56875 0.1375 0.0140625 0.03125
1 0.58359375 0.12578125 0.0125 0.01953125
1 0.5921875 0.14375 0.0140625 0.02734375
1 0.61796875 0.17265625 0.0125 0.0234375
1 0.61640625 0.1078125 0.0125 0.01953125
1 0.62578125 0.1328125 0.0125 0.021875
1 0.6640625 0.13671875 0.01328125 0.0296875
1 0.66171875 0.1171875 0.01015625 0.01796875
1 0.675 0.1140625 0.01015625 0.0234375
1 0.7125 0.12109375 0.0109375 0.021875
1 0.6875 0.17109375 0.01640625 0.03515625
1 0.6328125 0.2109375 0.02109375 0.04921875
1 0.66171875 0.22890625 0.021875 0.0453125
1 0.66015625 0.19140625 0.01796875 0.03359375
1 0.71015625 0.2203125 0.0203125 0.05078125
1 0.7078125 0.19140625 0.0203125 0.03359375
1 0.7234375 0.15 0.015625 0.0296875
1 0.73359375 0.175 0.015625 0.0390625
1 0.7390625 0.1515625 0.01328125 0.0234375
1 0.75859375 0.1375 0.0140625 0.02734375
1 0.76328125 0.18359375 0.0140625 0.03359375
1 0.80546875 0.21015625 0.01875 0.03515625
1 0.775 0.1515625 0.0140625 0.03515625
1 0.79375 0.16015625 0.0125 0.0296875
1 0.79453125 0.140625 0.01328125 0.02578125
1 0.809375 0.1578125 0.0140625 0.0296875
1 0.8265625 0.134375 0.01328125 0.0296875
1 0.825 0.1859375 0.0140625 0.0375
1 0.853125 0.2125 0.01875 0.03515625
1 0.865625 0.2734375 0.021875 0.04296875
1 0.88203125 0.2328125 0.01875 0.04140625
1 0.9171875 0.2671875 0.02109375 0.046875
1 0.934375 0.2296875 0.01796875 0.0390625
1 0.90546875 0.184375 0.01328125 0.03515625
1 0.88984375 0.21015625 0.01796875 0.03125
1 0.87109375 0.1609375 0.01328125 0.03125
1 0.85 0.1515625 0.01328125 0.02734375
1 0.93984375 0.17578125 0.0140625 0.0296875
1 0.93671875 0.20234375 0.01328125 0.0234375