1 0.06875 0.41796875 0.040625 0.08046875
1 0.259375 0.28125 0.02109375 0.0453125
1 0.28203125 0.26953125 0.02109375 0.03828125
1 0.29921875 0.2578125 0.02265625 0.03828125
1 0.31953125 0.21953125 0.0203125 0.03671875
1 0.34375 0.2140625 0.01640625 0.03828125
1 0.3390625 0.28125 0.01875 0.03515625
1 0.3484375 0.2515625 0.015625 0.03359375
1 0.37109375 0.228125 0.02421875 0.040625
1 0.3828125 0.20078125 0.01953125 0.03828125
1 0.41875 0.21953125 0.01875 0.03671875
1 0.44296875 0.2234375 0.02265625 0.04375
1 0.434375 0.26953125 0.025 0.0484375
1 0.4875 0.2953125 0.02734375 0.06015625
1 0.496875 0.22734375 0.0234375 0.0453125
1 0.4078125 0.16875 0.01328125 0.03515625
1 0.4265625 0.18046875 0.015625 0.03828125
1 0.46484375 0.2 0.0234375 0.03671875
1 0.4515625 0.1703125 0.015625 0.02890625
1 0.45234375 0.14453125 0.01875 0.03046875
1 0.47265625 0.14453125 0.01484375 0.03046875
1 0.478125 0.1640625 0.01640625 0.03359375
1 0.50390625 0.16875 0.01640625 0.0421875
1 0.51640625 0.18671875 0.01875 0.03515625
1 0.546875 0.19140625 0.02109375 0.040625
1 0.546875 0.1578125 0.01796875 0.03359375
1 0.55234375 0.1359375 0.01875 0.03671875
1 0.5265625 0.1296875 0.01875 0.03828125
1 0.48984375 0.13125 0.015625 0.03046875
1 0.584375 0.1546875 0.0203125 0.03671875
1 0.571875 0.10546875 0.0125 0.0265625
1 0.621875 0.13984375 0.01640625 0.03203125
1 0.6296875 0.12421875 0.01328125 0.0234375
1 0.640625 0.10234375 0.01484375 0.03046875
1 0.615625 0.0984375 0.0125 0.025
1 0.59453125 0.1125 0.01328125 0.03046875
1 0.6890625 0.0953125 0.01796875 0.03046875
1 0.6703125 0.1203125 0.01796875 0.03203125
1 0.70625 0.13125 0.01796875 0.03359375
1 0.6875 0.134375 0.0140625 0.03359375
1 0.65078125 0.17265625 0.0203125 0.04375
1 0.609375 0.21796875 0.02109375 0.05703125
1 0.603125 0.27265625 0.03046875 0.05546875
1 0.5578125 0.2921875 0.02890625 0.06015625
1 0.56171875 0.25390625 0.03203125 0.06171875
1 0.6 0.33984375 0.0296875 0.065625
1 0.66796875 0.34296875 0.034375 0.07578125
1 0.6765625 0.23828125 0.02578125 0.05703125
1 0.65 0.22421875 0.02890625 0.05546875
1 0.6890625 0.1765625 0.01953125 0.03671875
1 0.70078125 0.21171875 0.028125 0.05390625
1 0.7078125 0.2875 0.025 0.05859375
1 0.77890625 0.284375 0.03359375 0.065625
1 0.74921875 0.2375 0.02265625 0.05234375
1 0.74375 0.18515625 0.01875 0.0484375
1 0.73203125 0.15703125 0.0234375 0.0484375
1 0.746875 0.13984375 0.01796875 0.03515625
1 0.76171875 0.165625 0.01875 0.0453125
1 0.73515625 0.109375 0.01796875 0.040625
1 0.75703125 0.1234375 0.01328125 0.02890625
1 0.75703125 0.10234375 0.01796875 0.03359375
1 0.78828125 0.11796875 0.01484375 0.03828125
1 0.7953125 0.13125 0.0140625 0.03671875
1 0.81015625 0.1515625 0.01640625 0.03203125
1 0.809375 0.12265625 0.0125 0.03359375
1 0.825 0.134375 0.01484375 0.04375
1 0.79765625 0.18203125 0.0203125 0.0453125
1 0.84609375 0.1953125 0.01875 0.05546875
1 0.84765625 0.14921875 0.015625 0.03359375
1 0.8640625 0.14609375 0.01640625 0.040625
1 0.8640625 0.1203125 0.0140625 0.03515625
1 0.86640625 0.21640625 0.02265625 0.04375
1 0.8734375 0.19765625 0.0203125 0.04375
1 0.88984375 0.1703125 0.01484375 0.03515625
1 0.89296875 0.121875 0.01640625 0.03828125
1 0.92890625 0.1640625 0.01875 0.040625
1 0.9265625 0.2734375 0.02890625 0.06015625