1 0.1203125 0.68828125 0.04140625 0.0640625
1 0.1375 0.64765625 0.04296875 0.06015625
1 0.19765625 0.69765625 0.03828125 0.05625
1 0.20234375 0.659375 0.03359375 0.05390625
1 0.26875 0.65625 0.03828125 0.06796875
1 0.30390625 0.646875 0.03984375 0.0578125
1 0.37265625 0.6609375 0.0359375 0.05390625
1 0.3953125 0.6359375 0.028125 0.05625
1 0.453125 0.7390625 0.05078125 0.08203125
1 0.50234375 0.76875 0.04765625 0.09375
1 0.52421875 0.74296875 0.03984375 0.08203125
1 0.45625 0.63984375 0.034375 0.06015625
1 0.4390625 0.6359375 0.028125 0.05234375
1 0.43671875 0.68828125 0.028125 0.05234375
1 0.50859375 0.62265625 0.03046875 0.0578125
1 0.59296875 0.66015625 0.03046875 0.0640625
1 0.58828125 0.73828125 0.04296875 0.07578125
1 0.62421875 0.77109375 0.05625 0.08203125
1 0.65546875 0.72890625 0.0625 0.0859375
1 0.62890625 0.65390625 0.03046875 0.0640625
1 0.61015625 0.60703125 0.02265625 0.0421875
1 0.64921875 0.6109375 0.02421875 0.05
1 0.6828125 0.61484375 0.02421875 0.0421875
1 0.715625 0.684375 0.0453125 0.06796875
1 0.975 0.92109375 0.04921875 0.121875
1 0.91484375 0.696875 0.034375 0.06171875
1 0.8921875 0.665625 0.0265625 0.0640625
1 0.92578125 0.653125 0.04140625 0.06171875
1 0.96640625 0.66796875 0.03203125 0.0640625