1 0.171875 0.45703125 0.040625 0.08125
1 0.23203125 0.3328125 0.01640625 0.0296875
1 0.2609375 0.3453125 0.01640625 0.040625
1 0.28359375 0.30625 0.0140625 0.0265625
1 0.28359375 0.3671875 0.01640625 0.03671875
1 0.32890625 0.36484375 0.0203125 0.04609375
1 0.35234375 0.29296875 0.01640625 0.0296875
1 0.346875 0.328125 0.0171875 0.0265625
1 0.375 0.33125 0.01640625 0.03828125
1 0.4 0.3375 0.01640625 0.03359375
1 0.390625 0.265625 0.01171875 0.025
1 0.40390625 0.259375 0.0140625 0.0265625
1 0.421875 0.2765625 0.0125 0.0265625
1 0.4359375 0.3453125 0.01640625 0.04375
1 0.4578125 0.3234375 0.01875 0.03671875
1 0.496875 0.325 0.01875 0.0390625
1 0.44609375 0.2515625 0.01328125 0.03359375
1 0.46484375 0.26796875 0.0125 0.03203125
1 0.49140625 0.2671875 0.0125 0.03359375
1 0.5109375 0.28359375 0.015625 0.03828125
1 0.51171875 0.2421875 0.01328125 0.025
1 0.52421875 0.25390625 0.01328125 0.03203125
1 0.565625 0.27890625 0.0140625 0.040625
1 0.5609375 0.24765625 0.0125 0.028125
1 0.5828125 0.25 0.01328125 0.0296875
1 0.59921875 0.2078125 0.0109375 0.0296875
1 0.61328125 0.21796875 0.01171875 0.03359375
1 0.62578125 0.2546875 0.01328125 0.03359375
1 0.4546875 0.40234375 0.02578125 0.05625
1 0.54921875 0.34765625 0.02109375 0.0453125
1 0.528125 0.4171875 0.0234375 0.05234375
1 0.553125 0.446875 0.03203125 0.0671875
1 0.5859375 0.3234375 0.01875 0.0453125
1 0.61640625 0.3109375 0.01875 0.03671875
1 0.59765625 0.3875 0.01875 0.04375
1 0.63203125 0.390625 0.0234375 0.059375
1 0.6234375 0.46015625 0.03203125 0.0671875
1 0.64296875 0.3328125 0.015625 0.040625
1 0.66015625 0.2671875 0.0140625 0.03359375
1 0.68984375 0.2609375 0.0125 0.03203125
1 0.67265625 0.3484375 0.01796875 0.04609375
1 0.703125 0.2875 0.0140625 0.03515625
1 0.715625 0.25703125 0.0125 0.0296875
1 0.7234375 0.2453125 0.0125 0.0265625
1 0.7328125 0.2328125 0.0125 0.03203125
1 0.759375 0.23828125 0.0140625 0.0265625
1 0.753125 0.2671875 0.01484375 0.03671875
1 0.7390625 0.29453125 0.015625 0.040625
1 0.7828125 0.30859375 0.01328125 0.03203125
1 0.81484375 0.2640625 0.0140625 0.028125
1 0.83203125 0.26171875 0.01171875 0.02265625
1 0.84921875 0.25625 0.01171875 0.03125
1 0.83671875 0.28203125 0.015625 0.03828125
1 0.82890625 0.31953125 0.01640625 0.03671875
1 0.87421875 0.28359375 0.01328125 0.0296875
1 0.90625 0.26953125 0.0109375 0.0296875
1 0.9078125 0.31328125 0.0140625 0.0296875
1 0.80546875 0.34140625 0.0171875 0.0453125
1 0.790625 0.36171875 0.01953125 0.053125
1 0.865625 0.35859375 0.0171875 0.0421875
1 0.87265625 0.32265625 0.01484375 0.03515625
1 0.90234375 0.35703125 0.01875 0.0421875
1 0.71484375 0.40234375 0.02265625 0.053125
1 0.6875 0.48671875 0.03125 0.08125
1 0.7515625 0.428125 0.0234375 0.0546875
1 0.7921875 0.53671875 0.0234375 0.07421875
1 0.81953125 0.45703125 0.02578125 0.05625
1 0.88671875 0.390625 0.01953125 0.04921875
1 0.8765625 0.4578125 0.0265625 0.06640625
1 0.79375 0.278125 0.01171875 0.03515625
1 0.40078125 0.30625 0.01328125 0.0296875
1 0.42890625 0.309375 0.015625 0.03671875
1 0.546875 0.22109375 0.009375 0.025
1 0.5609375 0.221875 0.01171875 0.0265625
1 0.63671875 0.21640625 0.00859375 0.02265625
1 0.65390625 0.23359375 0.009375 0.02265625
1 0.6625 0.23046875 0.01015625 0.02265625
1 0.83671875 0.40703125 0.015625 0.040625