1 0.1515625 0.32109375 0.07265625 0.09296875
1 0.19375 0.49375 0.08046875 0.1125
1 0.27734375 0.51796875 0.0796875 0.1296875
1 0.44140625 0.53125 0.0703125 0.11171875
1 0.45234375 0.4328125 0.04765625 0.07109375
1 0.50625 0.47265625 0.053125 0.09140625
1 0.5546875 0.31640625 0.05078125 0.0671875
1 0.58671875 0.5484375 0.1 0.16875
1 0.6328125 0.4421875 0.05625 0.07578125
1 0.71796875 0.5046875 0.08671875 0.11015625
1 0.7640625 0.45234375 0.04921875 0.0703125
1 0.734375 0.3625 0.05546875 0.07890625
1 0.89296875 0.3390625 0.0609375 0.09609375