1 0.065625 0.44453125 0.0359375 0.06015625
1 0.10078125 0.428125 0.0421875 0.06875
1 0.128125 0.39921875 0.05234375 0.084375
1 0.1640625 0.43984375 0.05234375 0.08125
1 0.20625 0.44140625 0.06015625 0.10234375
1 0.171875 0.353125 0.03984375 0.06328125
1 0.13515625 0.29609375 0.0421875 0.05703125
1 0.09296875 0.25859375 0.03828125 0.05390625
1 0.0828125 0.20703125 0.0296875 0.0484375
1 0.0703125 0.1625 0.03203125 0.0484375
1 0.04921875 0.01640625 0.0296875 0.02734375
1 0.0140625 0.034375 0.02421875 0.0453125
1 0.12734375 0.1078125 0.034375 0.05390625
1 0.16796875 0.16484375 0.028125 0.0484375
1 0.18984375 0.20546875 0.028125 0.05703125
1 0.2109375 0.2609375 0.034375 0.06015625
1 0.2421875 0.278125 0.03203125 0.06328125
1 0.2546875 0.35859375 0.034375 0.06875
1 0.30390625 0.29140625 0.03203125 0.0484375
1 0.296875 0.21015625 0.03828125 0.06015625
1 0.2359375 0.17265625 0.03203125 0.05078125
1 0.2078125 0.02578125 0.028125 0.0453125
1 0.3171875 0.16484375 0.034375 0.0484375
1 0.35625 0.23125 0.0921875 0.1625
1 0.39296875 0.1625 0.03828125 0.071875
1 0.4421875 0.13671875 0.03203125 0.05703125
1 0.47109375 0.2328125 0.034375 0.05703125
1 0.43671875 0.3125 0.034375 0.06640625
1 0.4671875 0.3546875 0.0421875 0.084375
1 0.5171875 0.40546875 0.05 0.09609375
1 0.54921875 0.4265625 0.04609375 0.08984375
1 0.74609375 0.740625 0.084375 0.153125
1 0.79375 0.63984375 0.1203125 0.21640625
1 0.91015625 0.6953125 0.14765625 0.21328125
1 0.62578125 0.52265625 0.0640625 0.1078125
1 0.6109375 0.4625 0.05390625 0.08984375
1 0.5890625 0.4296875 0.05390625 0.08984375
1 0.57265625 0.35859375 0.03828125 0.06875
1 0.52578125 0.3046875 0.0359375 0.05703125
1 0.47890625 0.20390625 0.02578125 0.0421875
1 0.47421875 0.1828125 0.03203125 0.0421875
1 0.47890625 0.0296875 0.0296875 0.0484375
1 0.52578125 0.05234375 0.03203125 0.0453125
1 0.5609375 0.0421875 0.0296875 0.05390625
1 0.55 0.115625 0.02421875 0.0453125
1 0.55390625 0.1578125 0.028125 0.05078125
1 0.55703125 0.21015625 0.0296875 0.05390625
1 0.57265625 0.25703125 0.03828125 0.06875
1 0.6140625 0.3078125 0.03203125 0.06328125
1 0.640625 0.3859375 0.04609375 0.075
1 0.62109375 0.36484375 0.03828125 0.06328125
1 0.684375 0.37421875 0.03984375 0.075
1 0.728125 0.40859375 0.05234375 0.084375
1 0.709375 0.4328125 0.03828125 0.06015625
1 0.7078125 0.3125 0.0359375 0.05390625
1 0.66796875 0.24765625 0.03203125 0.05703125
1 0.65078125 0.20546875 0.02578125 0.0453125
1 0.64375 0.1625 0.03203125 0.05390625
1 0.60703125 0.153125 0.0296875 0.05390625
1 0.66328125 0.05390625 0.02578125 0.0421875
1 0.6828125 0.14296875 0.02578125 0.05078125
1 0.7296875 0.1625 0.0359375 0.06015625
1 0.74375 0.12734375 0.0359375 0.05078125
1 0.75234375 0.0296875 0.02421875 0.0421875
1 0.77265625 0.02265625 0.02578125 0.0390625
1 0.75390625 0.20234375 0.03203125 0.05703125
1 0.74609375 0.2640625 0.0359375 0.06640625
1 0.7671875 0.3546875 0.03828125 0.06640625
1 0.79609375 0.31953125 0.0359375 0.075
1 0.78671875 0.421875 0.05 0.09921875
1 0.81796875 0.44453125 0.04375 0.084375
1 0.803125 0.52421875 0.078125 0.10546875
1 0.8703125 0.48671875 0.06796875 0.14453125
1 0.925 0.51484375 0.0859375 0.14140625
1 0.934375 0.39375 0.05234375 0.071875
1 0.96484375 0.3546875 0.04609375 0.078125
1 0.915625 0.3046875 0.03203125 0.06875
1 0.92421875 0.25078125 0.0359375 0.06875
1 0.91015625 0.18046875 0.04375 0.071875
1 0.9578125 0.21484375 0.03203125 0.05703125
1 0.9828125 0.1859375 0.02578125 0.0484375
1 0.96328125 0.13359375 0.02578125 0.05078125
1 0.95078125 0.05078125 0.021875 0.0484375
1 0.87734375 0.34375 0.04609375 0.06875
1 0.8640625 0.40703125 0.05625 0.06875
1 0.853125 0.36640625 0.03828125 0.05390625
1 0.82265625 0.271875 0.03828125 0.06875
1 0.8359375 0.20234375 0.0359375 0.06328125
1 0.828125 0.16328125 0.0359375 0.05703125