1 0.2 0.39765625 0.03671875 0.07890625
1 0.2421875 0.27109375 0.02578125 0.04453125
1 0.3390625 0.21328125 0.01796875 0.0375
1 0.36875 0.23828125 0.0171875 0.0375
1 0.40234375 0.19375 0.0140625 0.034375
1 0.48359375 0.19453125 0.0171875 0.04140625
1 0.41484375 0.22109375 0.028125 0.053125
1 0.646875 0.21953125 0.02265625 0.05546875
1 0.7015625 0.23359375 0.02109375 0.053125
1 0.75078125 0.19765625 0.021875 0.0484375
1 0.80703125 0.35546875 0.03125 0.075
1 0.84921875 0.171875 0.01875 0.0390625
1 0.88125 0.1890625 0.01640625 0.0359375
1 0.8171875 0.215625 0.02109375 0.05
1 0.86640625 0.21953125 0.01328125 0.03359375
1 0.83828125 0.30703125 0.01953125 0.05546875
1 0.884375 0.32421875 0.02734375 0.0515625
1 0.89453125 0.3484375 0.0265625 0.0640625