1 0.2265625 0.5015625 0.04296875 0.084375
1 0.2859375 0.221875 0.01875 0.0359375
1 0.3078125 0.22421875 0.01796875 0.034375
1 0.32578125 0.18125 0.01796875 0.034375
1 0.3359375 0.20859375 0.0171875 0.03046875
1 0.35703125 0.240625 0.01875 0.0375
1 0.35078125 0.209375 0.01171875 0.025
1 0.37421875 0.2 0.01875 0.0359375
1 0.4046875 0.2609375 0.02421875 0.046875
1 0.39375 0.19140625 0.01875 0.0359375
1 0.41328125 0.15859375 0.01328125 0.0265625
1 0.4328125 0.16640625 0.01484375 0.025
1 0.43671875 0.2109375 0.015625 0.0390625
1 0.459375 0.2140625 0.01796875 0.034375
1 0.4890625 0.21640625 0.01875 0.04296875
1 0.4890625 0.18515625 0.02109375 0.03046875
1 0.475 0.153125 0.0171875 0.034375
1 0.490625 0.15625 0.01875 0.03046875
1 0.5109375 0.1828125 0.01875 0.04296875
1 0.503125 0.121875 0.0140625 0.03203125
1 0.52109375 0.12109375 0.0140625 0.0234375
1 0.5171875 0.14375 0.0140625 0.03046875
1 0.54375 0.12578125 0.01328125 0.0265625
1 0.54765625 0.15 0.015625 0.02890625
1 0.5515625 0.18046875 0.01875 0.0390625
1 0.57265625 0.17890625 0.01875 0.03203125
1 0.57734375 0.125 0.0140625 0.03203125
1 0.60078125 0.11875 0.015625 0.03046875
1 0.61875 0.12421875 0.0171875 0.0375
1 0.63203125 0.11875 0.01328125 0.0265625
1 0.61953125 0.16171875 0.02109375 0.0375
1 0.58828125 0.159375 0.015625 0.025
1 0.65703125 0.12578125 0.0140625 0.0265625
1 0.6671875 0.1109375 0.01484375 0.025
1 0.675 0.13125 0.015625 0.034375
1 0.70625 0.11015625 0.01171875 0.0265625
1 0.53984375 0.30625 0.03203125 0.0609375
1 0.55078125 0.2546875 0.02734375 0.0625
1 0.61015625 0.2703125 0.02890625 0.05390625
1 0.60078125 0.3359375 0.02890625 0.071875
1 0.66953125 0.371875 0.0359375 0.071875
1 0.7484375 0.39921875 0.040625 0.075
1 0.73359375 0.296875 0.02890625 0.0609375
1 0.62109375 0.23203125 0.02421875 0.04140625
1 0.66171875 0.2046875 0.025 0.0515625
1 0.69296875 0.20390625 0.021875 0.04296875
1 0.696875 0.16171875 0.02109375 0.04453125
1 0.74921875 0.17265625 0.01796875 0.0375
1 0.74765625 0.13125 0.01484375 0.0375
1 0.76953125 0.14453125 0.0171875 0.03203125
1 0.78984375 0.178125 0.015625 0.0375
1 0.765625 0.25234375 0.021875 0.05
1 0.728125 0.23984375 0.02265625 0.046875
1 0.79375 0.2265625 0.01875 0.034375
1 0.8140625 0.25234375 0.01875 0.05703125
1 0.7859375 0.321875 0.03515625 0.0859375
1 0.8625 0.290625 0.028125 0.059375
1 0.875 0.25078125 0.025 0.05703125
1 0.9109375 0.3078125 0.02421875 0.05703125
1 0.8984375 0.38125 0.025 0.0609375