1 0.33515625 0.746875 0.06484375 0.10234375
1 0.3515625 0.65703125 0.0328125 0.04609375
1 0.2328125 0.65078125 0.03984375 0.05859375
1 0.19765625 0.634375 0.02265625 0.03046875
1 0.3125 0.61875 0.01953125 0.03046875
1 0.3296875 0.57890625 0.01953125 0.028125
1 0.371875 0.62421875 0.015625 0.02578125
1 0.39453125 0.6265625 0.015625 0.02578125
1 0.44609375 0.65 0.02265625 0.03046875
1 0.46328125 0.640625 0.01953125 0.03359375
1 0.503125 0.6265625 0.02109375 0.03046875
1 0.53125 0.62265625 0.02109375 0.03359375
1 0.5796875 0.62265625 0.02109375 0.03359375
1 0.6046875 0.61796875 0.02109375 0.028125
1 0.65 0.6484375 0.025 0.028125
1 0.678125 0.628125 0.0265625 0.03359375
1 0.7078125 0.646875 0.02109375 0.03046875
1 0.75859375 0.63203125 0.02265625 0.02578125