1 0.36328125 0.1953125 0.02265625 0.0421875
1 0.4125 0.19921875 0.02109375 0.0421875
1 0.440625 0.2234375 0.0265625 0.0421875
1 0.5578125 0.18515625 0.02109375 0.034375
1 0.55546875 0.1609375 0.02265625 0.034375
1 0.628125 0.1203125 0.01875 0.034375
1 0.6703125 0.16953125 0.021875 0.040625
1 0.67734375 0.21640625 0.02109375 0.04453125
1 0.6671875 0.2546875 0.02265625 0.0484375
1 0.62421875 0.29609375 0.03125 0.06640625
1 0.62421875 0.221875 0.02734375 0.0484375
1 0.78203125 0.38203125 0.05390625 0.1171875
1 0.93828125 0.24140625 0.0171875 0.03828125