1 0.06015625 0.2859375 0.025 0.0484375
1 0.29375 0.2078125 0.0125 0.0296875
1 0.3078125 0.21328125 0.01328125 0.02265625
1 0.32421875 0.2328125 0.01875 0.0390625
1 0.328125 0.18671875 0.01640625 0.0296875
1 0.35234375 0.1875 0.01484375 0.03203125
1 0.37265625 0.19921875 0.01328125 0.028125
1 0.37109375 0.22890625 0.01640625 0.03203125
1 0.4046875 0.23203125 0.01484375 0.0296875
1 0.4140625 0.24453125 0.01640625 0.04453125
1 0.41171875 0.19140625 0.015625 0.028125
1 0.378125 0.16171875 0.01171875 0.02421875
1 0.4109375 0.15390625 0.0125 0.03203125
1 0.4234375 0.1484375 0.009375 0.02421875
1 0.43984375 0.153125 0.015625 0.02578125
1 0.434375 0.184375 0.01484375 0.0390625
1 0.45 0.17578125 0.01484375 0.03359375
1 0.4578125 0.1984375 0.015625 0.04140625
1 0.475 0.184375 0.015625 0.028125
1 0.490625 0.15546875 0.015625 0.0296875
1 0.48046875 0.1390625 0.01171875 0.02421875
1 0.47890625 0.12265625 0.0125 0.0203125
1 0.4953125 0.11875 0.01015625 0.02421875
1 0.50625 0.1421875 0.01171875 0.02265625
1 0.521875 0.16953125 0.015625 0.03515625
1 0.54609375 0.1484375 0.01640625 0.03203125
1 0.53828125 0.12734375 0.01171875 0.02265625
1 0.52734375 0.14296875 0.0125 0.02421875
1 0.5625 0.17734375 0.01796875 0.0375
1 0.5828125 0.1515625 0.015625 0.03359375
1 0.5765625 0.134375 0.01328125 0.0296875
1 0.56015625 0.1171875 0.01171875 0.028125
1 0.60234375 0.1421875 0.0125 0.02578125
1 0.5921875 0.12421875 0.01015625 0.02421875
1 0.6234375 0.13203125 0.01328125 0.028125
1 0.6359375 0.11875 0.009375 0.02421875
1 0.625 0.10546875 0.009375 0.0203125
1 0.64140625 0.1046875 0.01015625 0.02265625
1 0.60234375 0.11484375 0.0125 0.0203125
1 0.5921875 0.21796875 0.01953125 0.0390625
1 0.63203125 0.25546875 0.02109375 0.05390625
1 0.65 0.2328125 0.01640625 0.03515625
1 0.63671875 0.20390625 0.015625 0.0375
1 0.63828125 0.14921875 0.0125 0.02265625
1 0.65078125 0.134375 0.01328125 0.02578125
1 0.67578125 0.11953125 0.0125 0.02578125
1 0.6859375 0.103125 0.01171875 0.02265625
1 0.7078125 0.10546875 0.01171875 0.028125
1 0.69140625 0.3140625 0.02734375 0.05625
1 0.6875 0.253125 0.01875 0.04296875
1 0.66328125 0.17578125 0.01640625 0.0296875
1 0.715625 0.18125 0.01796875 0.0375
1 0.69765625 0.17109375 0.01328125 0.028125
1 0.7390625 0.1578125 0.01328125 0.03203125
1 0.7328125 0.13828125 0.01484375 0.0296875
1 0.759375 0.190625 0.01328125 0.0375
1 0.73359375 0.2296875 0.01796875 0.03359375
1 0.75859375 0.3484375 0.028125 0.06171875
1 0.790625 0.2828125 0.021875 0.05078125
1 0.765625 0.2421875 0.02109375 0.046875
1 0.790625 0.1953125 0.015625 0.03203125
1 0.79140625 0.16171875 0.01015625 0.028125
1 0.77109375 0.1109375 0.01328125 0.028125
1 0.79765625 0.12734375 0.01171875 0.02578125
1 0.82109375 0.12890625 0.01015625 0.02578125
1 0.82890625 0.16953125 0.0125 0.03203125
1 0.815625 0.196875 0.01328125 0.03203125
1 0.82734375 0.24609375 0.01796875 0.0390625
1 0.83828125 0.21015625 0.01484375 0.0390625
1 0.85546875 0.2046875 0.0125 0.0390625
1 0.8625 0.16796875 0.015625 0.03359375
1 0.83828125 0.146875 0.0125 0.03203125
1 0.85234375 0.12734375 0.01171875 0.02578125
1 0.9234375 0.33515625 0.02109375 0.05390625
1 0.8890625 0.22265625 0.01796875 0.04453125
1 0.89765625 0.20859375 0.015625 0.03515625
1 0.87421875 0.1609375 0.0125 0.0296875
1 0.89140625 0.16953125 0.01328125 0.03203125
1 0.9046875 0.16171875 0.01015625 0.02421875
1 0.9046875 0.1375 0.01015625 0.02421875
1 0.9484375 0.1875 0.009375 0.028125
1 0.9390625 0.17265625 0.009375 0.028125
1 0.92890625 0.20078125 0.01171875 0.03203125
1 0.934375 0.24609375 0.015625 0.0390625
1 0.9375 0.1953125 0.0125 0.028125