1 0.053125 0.46328125 0.08671875 0.14140625
1 0.08828125 0.41015625 0.06796875 0.11328125
1 0.109375 0.26484375 0.05859375 0.10625
1 0.16015625 0.325 0.046875 0.078125
1 0.20234375 0.25234375 0.0328125 0.053125
1 0.2375 0.259375 0.0515625 0.10234375
1 0.23671875 0.528125 0.115625 0.1734375
1 0.33984375 0.39921875 0.07265625 0.12734375
1 0.36328125 0.6359375 0.115625 0.16953125
1 0.49140625 0.45078125 0.0703125 0.11640625
1 0.471875 0.390625 0.05390625 0.07421875
1 0.59765625 0.3890625 0.05625 0.10625
1 0.7109375 0.578125 0.0984375 0.1515625
1 0.80703125 0.43671875 0.0703125 0.10234375
1 0.91640625 0.5 0.08203125 0.14453125