1 0.05625 0.60078125 0.109375 0.23984375
1 0.075 0.4828125 0.05390625 0.0828125
1 0.01875 0.328125 0.02734375 0.04609375
1 0.04296875 0.3234375 0.03046875 0.04609375
1 0.13125 0.446875 0.04765625 0.0625
1 0.11796875 0.40078125 0.03828125 0.053125
1 0.15390625 0.3 0.021875 0.03671875
1 0.2109375 0.28984375 0.025 0.034375
1 0.26015625 0.27578125 0.021875 0.0390625
1 0.290625 0.315625 0.01875 0.02578125
1 0.321875 0.315625 0.01875 0.034375
1 0.3078125 0.27265625 0.015625 0.02734375
1 0.34921875 0.25390625 0.015625 0.02734375
1 0.35625 0.290625 0.0234375 0.02734375
1 0.36171875 0.3453125 0.021875 0.0390625
1 0.38515625 0.33359375 0.0234375 0.0390625
1 0.4078125 0.30234375 0.015625 0.03671875
1 0.43671875 0.2921875 0.015625 0.0296875
1 0.46796875 0.2828125 0.015625 0.0296875
1 0.321875 0.4609375 0.03359375 0.053125
1 0.22734375 0.48828125 0.06171875 0.08515625
1 0.24296875 0.6296875 0.0796875 0.13125
1 0.36640625 0.64453125 0.0796875 0.1296875
1 0.36015625 0.51640625 0.04296875 0.0765625
1 0.371875 0.44609375 0.02890625 0.04609375
1 0.415625 0.4546875 0.03671875 0.04609375
1 0.4140625 0.40625 0.025 0.03671875
1 0.46015625 0.4609375 0.025 0.0390625
1 0.478125 0.50234375 0.03671875 0.0578125
1 0.51796875 0.48125 0.03515625 0.0578125
1 0.50234375 0.36640625 0.0203125 0.034375
1 0.4640625 0.3265625 0.0203125 0.034375
1 0.50625 0.31171875 0.015625 0.03203125
1 0.5140625 0.35078125 0.01875 0.0234375
1 0.5421875 0.403125 0.0234375 0.0390625
1 0.5625 0.5140625 0.04453125 0.09921875
1 0.60703125 0.42265625 0.03203125 0.03671875
1 0.56796875 0.28984375 0.015625 0.02578125
1 0.53515625 0.30234375 0.01875 0.02734375
1 0.58828125 0.290625 0.0171875 0.02734375
1 0.60234375 0.2953125 0.0140625 0.0234375
1 0.609375 0.32890625 0.01875 0.0296875
1 0.63984375 0.34375 0.01875 0.02734375
1 0.6734375 0.43515625 0.02578125 0.034375
1 0.65546875 0.52578125 0.03984375 0.0765625
1 0.696875 0.34296875 0.01875 0.0296875
1 0.69453125 0.3046875 0.0203125 0.03203125
1 0.66328125 0.32109375 0.0125 0.01875
1 0.72578125 0.32421875 0.015625 0.02578125
1 0.75 0.3265625 0.0140625 0.02578125
1 0.7953125 0.309375 0.025 0.03671875
1 0.8921875 0.45 0.03984375 0.05546875
1 0.89921875 0.4125 0.03203125 0.0484375
1 0.9671875 0.38671875 0.03203125 0.0578125
1 0.96015625 0.50078125 0.05234375 0.06484375