1 0.13203125 0.55859375 0.04140625 0.08046875
1 0.23046875 0.35078125 0.02109375 0.0375
1 0.2578125 0.37890625 0.01953125 0.04765625
1 0.28984375 0.3765625 0.01953125 0.04296875
1 0.28671875 0.32421875 0.01640625 0.0328125
1 0.340625 0.36875 0.01875 0.04453125
1 0.35546875 0.340625 0.01484375 0.0375
1 0.3546875 0.31015625 0.015625 0.0359375
1 0.3875 0.3421875 0.01640625 0.03984375
1 0.41171875 0.340625 0.01953125 0.04296875
1 0.4109375 0.309375 0.01796875 0.02578125
1 0.39375 0.275 0.01796875 0.034375
1 0.40625 0.2875 0.01640625 0.03046875
1 0.43046875 0.26640625 0.0140625 0.02890625
1 0.45 0.271875 0.01484375 0.0328125
1 0.46875 0.24921875 0.0140625 0.02890625
1 0.475 0.24375 0.01328125 0.02890625
1 0.42890625 0.3 0.015625 0.02734375
1 0.46875 0.32734375 0.0234375 0.0390625
1 0.50625 0.3359375 0.0234375 0.0390625
1 0.45390625 0.36015625 0.01875 0.0359375
1 0.47109375 0.43828125 0.03046875 0.0546875
1 0.54375 0.3765625 0.028125 0.0484375
1 0.5109375 0.27421875 0.0171875 0.03046875
1 0.52109375 0.24921875 0.01171875 0.02890625
1 0.5265625 0.26484375 0.01640625 0.03125
1 0.528125 0.2875 0.01953125 0.0390625
1 0.5546875 0.2921875 0.01796875 0.0375
1 0.5609375 0.23359375 0.0140625 0.02890625
1 0.56015625 0.2546875 0.015625 0.02890625
1 0.578125 0.259375 0.01640625 0.034375
1 0.5734375 0.23046875 0.0109375 0.02265625
1 0.5828125 0.23984375 0.0140625 0.02734375
1 0.61484375 0.21953125 0.015625 0.02734375
1 0.6359375 0.21953125 0.01328125 0.02890625
1 0.60546875 0.240625 0.015625 0.02265625
1 0.60390625 0.259375 0.01328125 0.02890625
1 0.64453125 0.23359375 0.01484375 0.02890625
1 0.63671875 0.2625 0.01640625 0.03125
1 0.671875 0.2234375 0.01328125 0.02890625
1 0.68203125 0.2375 0.0140625 0.02890625
1 0.6875 0.228125 0.0125 0.02890625
1 0.67734375 0.28359375 0.0171875 0.03125
1 0.64140625 0.31328125 0.01875 0.0359375
1 0.6078125 0.3375 0.0234375 0.04453125
1 0.62734375 0.3796875 0.02265625 0.04609375
1 0.66171875 0.3828125 0.0265625 0.06015625
1 0.65234375 0.353125 0.01796875 0.0390625
1 0.6875 0.32578125 0.01796875 0.04453125
1 0.6984375 0.38359375 0.021875 0.0546875
1 0.7265625 0.41484375 0.02890625 0.05625
1 0.58984375 0.4609375 0.034375 0.07578125
1 0.63828125 0.475 0.03671875 0.0734375
1 0.5390625 0.4375 0.03515625 0.053125
1 0.71328125 0.26015625 0.01484375 0.0328125
1 0.7421875 0.24765625 0.01171875 0.02890625
1 0.75390625 0.2421875 0.0125 0.034375
1 0.74453125 0.26640625 0.01328125 0.034375
1 0.77109375 0.2625 0.0109375 0.02265625
1 0.775 0.27421875 0.01328125 0.02421875
1 0.78359375 0.2890625 0.01640625 0.04140625
1 0.709375 0.30703125 0.02109375 0.0390625
1 0.7921875 0.24921875 0.0125 0.02890625
1 0.81640625 0.25234375 0.015625 0.02890625
1 0.825 0.309375 0.0140625 0.034375
1 0.85 0.26484375 0.01484375 0.02578125
1 0.86171875 0.28359375 0.01484375 0.03984375
1 0.87578125 0.26953125 0.0140625 0.034375
1 0.89921875 0.28125 0.0140625 0.03046875
1 0.946875 0.2890625 0.01171875 0.02734375
1 0.946875 0.3125 0.0125 0.02578125
1 0.92734375 0.33671875 0.01484375 0.04609375
1 0.94921875 0.36875 0.01953125 0.053125
1 0.9015625 0.33046875 0.01484375 0.0390625
1 0.8609375 0.33515625 0.01953125 0.03984375
1 0.88125 0.3453125 0.01640625 0.0546875
1 0.86640625 0.39921875 0.02578125 0.06484375
1 0.83046875 0.35078125 0.01875 0.05703125
1 0.81953125 0.36796875 0.01875 0.0515625
1 0.921875 0.47421875 0.03046875 0.07734375
1 0.85 0.47578125 0.028125 0.06328125
1 0.83359375 0.50859375 0.03203125 0.071875
1 0.7859375 0.43828125 0.0265625 0.06328125
1 0.7046875 0.5546875 0.03828125 0.07734375