1 0.17421875 0.20859375 0.02265625 0.03515625
1 0.18359375 0.24296875 0.0203125 0.05625
1 0.2015625 0.37890625 0.04453125 0.1046875
1 0.290625 0.21875 0.0234375 0.03046875
1 0.30234375 0.17578125 0.01796875 0.03203125
1 0.3921875 0.19375 0.01328125 0.03515625
1 0.4046875 0.1953125 0.01640625 0.0390625
1 0.4171875 0.2171875 0.02109375 0.04375
1 0.5671875 0.16328125 0.02578125 0.0515625
1 0.60859375 0.09921875 0.01015625 0.01796875
1 0.6546875 0.1171875 0.01640625 0.02734375
1 0.75234375 0.14140625 0.01484375 0.02421875
1 0.76796875 0.14765625 0.01171875 0.02734375
1 0.8203125 0.26171875 0.0203125 0.0484375
1 0.8671875 0.19375 0.01484375 0.03203125
1 0.93984375 0.1828125 0.01328125 0.03203125
1 0.88828125 0.25390625 0.01875 0.03515625
1 0.91796875 0.253125 0.0171875 0.0375