1 0.053125 0.62734375 0.09765625 0.16796875
1 0.11796875 0.5828125 0.08046875 0.13046875
1 0.13125 0.478125 0.07109375 0.1046875
1 0.4 0.4984375 0.0515625 0.0828125
1 0.4421875 0.496875 0.06875 0.13046875
1 0.4921875 0.52890625 0.0671875 0.1046875
1 0.584375 0.54921875 0.08671875 0.14609375
1 0.6515625 0.45234375 0.06015625 0.1109375
1 0.6328125 0.296875 0.04921875 0.0921875
1 0.7203125 0.5078125 0.06484375 0.1203125
1 0.69453125 0.73203125 0.125 0.25703125
1 0.840625 0.7984375 0.21640625 0.35859375
1 0.81953125 0.55703125 0.09765625 0.13671875
1 0.91171875 0.484375 0.06484375 0.1109375
1 0.95390625 0.571875 0.0921875 0.175
1 0.9640625 0.5078125 0.0578125 0.1078125