1 0.16640625 0.21015625 0.0171875 0.03203125
1 0.1625 0.3484375 0.04296875 0.0890625
1 0.3109375 0.18359375 0.01953125 0.05078125
1 0.3421875 0.22265625 0.0203125 0.04140625
1 0.41171875 0.228125 0.0203125 0.0453125
1 0.425 0.14921875 0.01484375 0.03359375
1 0.45 0.146875 0.0125 0.03359375
1 0.4734375 0.1484375 0.0125 0.03203125
1 0.49140625 0.16640625 0.0125 0.03046875
1 0.5015625 0.14375 0.0140625 0.03046875
1 0.52265625 0.17890625 0.01796875 0.04140625
1 0.565625 0.17890625 0.01796875 0.04140625
1 0.89921875 0.21328125 0.01953125 0.04921875
1 0.91484375 0.16796875 0.0140625 0.03359375
1 0.9453125 0.22734375 0.01796875 0.05078125
1 0.95 0.19140625 0.0140625 0.0359375