1 0.10859375 0.61953125 0.07109375 0.08984375
1 0.18828125 0.43359375 0.05 0.071875
1 0.2671875 0.61953125 0.06953125 0.09453125
1 0.24453125 0.71015625 0.0921875 0.1234375
1 0.29296875 0.8203125 0.19453125 0.24140625
1 0.44609375 0.7125 0.0921875 0.1234375
1 0.4046875 0.59609375 0.059375 0.10546875
1 0.53203125 0.61640625 0.0671875 0.1
1 0.653125 0.634375 0.0984375 0.15625
1 0.66953125 0.82578125 0.15390625 0.20546875
1 0.78671875 0.6765625 0.084375 0.11796875
1 0.88046875 0.75859375 0.13046875 0.184375
1 0.86171875 0.628125 0.065625 0.08203125
1 0.92890625 0.6140625 0.065625 0.08984375