1 0.08125 0.41328125 0.0515625 0.065625
1 0.1265625 0.48515625 0.096875 0.128125
1 0.1890625 0.36328125 0.046875 0.06484375
1 0.2484375 0.38125 0.046875 0.06796875
1 0.36796875 0.44921875 0.06484375 0.09609375
1 0.37109375 0.3671875 0.03515625 0.05859375
1 0.421875 0.3921875 0.0375 0.05625
1 0.45703125 0.3484375 0.02734375 0.04921875
1 0.509375 0.40546875 0.0484375 0.0671875
1 0.5015625 0.3796875 0.02890625 0.04375
1 0.475 0.55078125 0.09921875 0.17109375
1 0.68359375 0.44140625 0.0625 0.10078125
1 0.62109375 0.39453125 0.0421875 0.065625
1 0.56328125 0.378125 0.04140625 0.04453125
1 0.6203125 0.3546875 0.025 0.034375
1 0.66796875 0.37421875 0.02734375 0.04453125
1 0.72734375 0.35390625 0.03203125 0.053125
1 0.76953125 0.41171875 0.04921875 0.0765625
1 0.80390625 0.39453125 0.0375 0.05625
1 0.84140625 0.38828125 0.0375 0.046875
1 0.85546875 0.36875 0.03359375 0.05546875
1 0.86875 0.61875 0.1234375 0.2078125
1 0.96015625 0.4890625 0.07890625 0.10546875
1 0.9375 0.403125 0.05625 0.06015625
1 0.9515625 0.38125 0.03203125 0.0578125