1 0.01484375 0.4296875 0.02734375 0.05234375
1 0.23515625 0.3421875 0.0171875 0.03515625
1 0.259375 0.3734375 0.0203125 0.04375
1 0.29140625 0.37578125 0.021875 0.040625
1 0.2921875 0.30703125 0.01953125 0.03828125
1 0.3359375 0.36171875 0.021875 0.040625
1 0.3625 0.33515625 0.01875 0.03828125
1 0.3578125 0.30078125 0.01328125 0.03359375
1 0.3890625 0.3296875 0.01875 0.0328125
1 0.41015625 0.33671875 0.02265625 0.03984375
1 0.41484375 0.30078125 0.01953125 0.0296875
1 0.4125 0.2734375 0.015625 0.03125
1 0.39921875 0.26875 0.01484375 0.0296875
1 0.434375 0.253125 0.01640625 0.0328125
1 0.453125 0.26484375 0.01640625 0.03359375
1 0.43984375 0.365625 0.02265625 0.046875
1 0.4765625 0.3015625 0.021875 0.03671875
1 0.4796875 0.26796875 0.01484375 0.028125
1 0.475 0.2375 0.015625 0.03515625
1 0.51171875 0.26953125 0.015625 0.028125
1 0.525 0.2796875 0.0203125 0.03515625
1 0.52421875 0.253125 0.0140625 0.0296875
1 0.53828125 0.2515625 0.015625 0.03515625
1 0.50546875 0.32421875 0.01953125 0.03984375
1 0.56171875 0.28125 0.0171875 0.0328125
1 0.5859375 0.27109375 0.015625 0.03125
1 0.57890625 0.246875 0.015625 0.028125
1 0.5796875 0.22734375 0.0171875 0.028125
1 0.56328125 0.23125 0.01484375 0.028125
1 0.6046875 0.25078125 0.01640625 0.028125
1 0.6046875 0.22578125 0.0140625 0.025
1 0.615625 0.209375 0.01640625 0.0296875
1 0.53828125 0.35703125 0.02578125 0.05390625
1 0.46953125 0.4125 0.0296875 0.0609375
1 0.534375 0.43125 0.03515625 0.0546875
1 0.59765625 0.45234375 0.0375 0.06640625
1 0.64296875 0.4484375 0.034375 0.06796875
1 0.61796875 0.36640625 0.021875 0.05078125
1 0.6046875 0.33671875 0.02109375 0.03515625
1 0.63984375 0.30078125 0.0203125 0.0453125
1 0.63984375 0.2515625 0.015625 0.0328125
1 0.63125 0.2203125 0.0125 0.03125
1 0.64609375 0.22890625 0.01640625 0.0328125
1 0.66328125 0.2125 0.0125 0.0265625
1 0.67890625 0.2265625 0.01328125 0.0265625
1 0.70390625 0.228125 0.0140625 0.0296875
1 0.709375 0.25078125 0.015625 0.03125
1 0.68125 0.27265625 0.01640625 0.040625
1 0.659375 0.371875 0.025 0.0578125
1 0.653125 0.3421875 0.01875 0.03515625
1 0.69375 0.3578125 0.02421875 0.04375
1 0.7390625 0.40625 0.02890625 0.05390625
1 0.71875 0.484375 0.04140625 0.071875
1 0.78984375 0.43046875 0.02734375 0.05625
1 0.81796875 0.365625 0.021875 0.0546875
1 0.73125 0.290625 0.0171875 0.03671875
1 0.73828125 0.2625 0.015625 0.03359375
1 0.7515625 0.23828125 0.015625 0.02265625
1 0.753125 0.25 0.0125 0.02421875
1 0.76484375 0.2640625 0.0140625 0.028125
1 0.7796875 0.2859375 0.01484375 0.03359375
1 0.7828125 0.25 0.01328125 0.02421875
1 0.79375 0.25 0.01328125 0.028125
1 0.81953125 0.26953125 0.01640625 0.03125
1 0.825 0.31328125 0.01953125 0.03671875
1 0.846875 0.34453125 0.01953125 0.0453125
1 0.8609375 0.2859375 0.01640625 0.0296875
1 0.84765625 0.26015625 0.0171875 0.03515625
1 0.87734375 0.2546875 0.01171875 0.0328125
1 0.903125 0.28828125 0.015625 0.03515625
1 0.8921875 0.31953125 0.0171875 0.0328125
1 0.86640625 0.37265625 0.025 0.05390625
1 0.87421875 0.34453125 0.01796875 0.040625
1 0.85078125 0.471875 0.03046875 0.06328125
1 0.8296875 0.525 0.0375 0.0734375
1 0.91875 0.46953125 0.03203125 0.05625
1 0.91953125 0.3265625 0.01953125 0.046875
1 0.93828125 0.3515625 0.02265625 0.03984375
1 0.93984375 0.2859375 0.01640625 0.0296875