1 0.34453125 0.54296875 0.06484375 0.13046875
1 0.328125 0.19921875 0.0203125 0.03515625
1 0.35 0.196875 0.01640625 0.03515625
1 0.36953125 0.18828125 0.0171875 0.02890625
1 0.4125 0.17421875 0.0171875 0.0328125
1 0.44140625 0.1765625 0.01640625 0.02890625
1 0.45546875 0.2328125 0.02578125 0.0328125
1 0.46640625 0.17734375 0.01484375 0.02734375
1 0.4421875 0.15078125 0.01484375 0.02890625
1 0.4453125 0.14140625 0.01640625 0.025
1 0.475 0.15625 0.0140625 0.03125
1 0.46953125 0.14453125 0.01171875 0.02734375
1 0.48203125 0.1421875 0.0171875 0.0234375
1 0.50234375 0.1328125 0.01484375 0.0234375
1 0.52734375 0.1265625 0.01640625 0.0234375
1 0.5390625 0.1421875 0.0171875 0.03125
1 0.4921875 0.18828125 0.01640625 0.040625
1 0.50234375 0.1890625 0.0171875 0.0390625
1 0.5484375 0.196875 0.01953125 0.0390625
1 0.56953125 0.13515625 0.01640625 0.02890625
1 0.5796875 0.1265625 0.01484375 0.03125
1 0.5828125 0.1390625 0.01640625 0.02890625
1 0.5875 0.16640625 0.01953125 0.02890625
1 0.57734375 0.184375 0.01796875 0.03671875
1 0.62421875 0.16953125 0.01953125 0.03515625
1 0.5984375 0.13515625 0.01796875 0.0328125
1 0.6140625 0.10546875 0.01328125 0.02734375
1 0.62890625 0.12109375 0.0140625 0.02734375
1 0.6515625 0.1375 0.01640625 0.0328125
1 0.6859375 0.1484375 0.01171875 0.0234375
1 0.68984375 0.11328125 0.0109375 0.02734375
1 0.70859375 0.121875 0.009375 0.02890625
1 0.7265625 0.140625 0.01328125 0.03125
1 0.7421875 0.14609375 0.01328125 0.02734375
1 0.69921875 0.178125 0.0171875 0.03671875
1 0.7203125 0.18046875 0.01640625 0.04453125
1 0.73515625 0.18046875 0.0140625 0.03671875
1 0.6359375 0.21015625 0.021875 0.05078125
1 0.5703125 0.2359375 0.0265625 0.05078125
1 0.66640625 0.22421875 0.0203125 0.0546875
1 0.66484375 0.19921875 0.021875 0.04296875
1 0.7171875 0.2375 0.0203125 0.05078125
1 0.76484375 0.13359375 0.01171875 0.025
1 0.78046875 0.15 0.01484375 0.03125
1 0.8109375 0.15625 0.0140625 0.02734375
1 0.8234375 0.13515625 0.01328125 0.025
1 0.82421875 0.16875 0.01484375 0.0328125
1 0.775 0.18125 0.0203125 0.0390625
1 0.81015625 0.19921875 0.01796875 0.0390625
1 0.7921875 0.16875 0.01640625 0.0328125
1 0.79140625 0.2359375 0.01796875 0.046875
1 0.8546875 0.1953125 0.01484375 0.04296875
1 0.85859375 0.14453125 0.01171875 0.02734375
1 0.88828125 0.16484375 0.0109375 0.02890625
1 0.90703125 0.16875 0.01328125 0.0328125
1 0.9453125 0.171875 0.01484375 0.02734375
1 0.9421875 0.20625 0.01171875 0.02734375
1 0.93984375 0.2296875 0.0171875 0.03515625
1 0.896875 0.2046875 0.01328125 0.03125
1 0.88828125 0.2296875 0.0171875 0.0390625
1 0.92265625 0.26484375 0.01953125 0.04296875
1 0.875 0.2703125 0.021875 0.05234375