1 0.015625 0.2375 0.025 0.03984375
1 0.0109375 0.190625 0.01484375 0.02109375
1 0.025 0.2046875 0.01640625 0.02109375
1 0.03828125 0.2171875 0.0203125 0.0234375
1 0.06171875 0.253125 0.0296875 0.05703125
1 0.08359375 0.221875 0.0234375 0.0375
1 0.04765625 0.1953125 0.01796875 0.02578125
1 0.03046875 0.17578125 0.01796875 0.02578125
1 0.078125 0.1890625 0.01640625 0.0234375
1 0.1015625 0.1984375 0.0203125 0.0234375
1 0.08984375 0.17265625 0.01640625 0.01875
1 0.11328125 0.22578125 0.0265625 0.03515625
1 0.1140625 0.28046875 0.0453125 0.059375
1 0.159375 0.2734375 0.04140625 0.06875
1 0.1796875 0.28125 0.0296875 0.05703125
1 0.19765625 0.2734375 0.03515625 0.0640625
1 0.22421875 0.29296875 0.0484375 0.08046875
1 0.29765625 0.28828125 0.0546875 0.08515625
1 0.35234375 0.31640625 0.05859375 0.09921875
1 0.4578125 0.325 0.075 0.115625
1 0.509375 0.2515625 0.0453125 0.0734375
1 0.47890625 0.2171875 0.03515625 0.05703125
1 0.43828125 0.2125 0.0265625 0.05703125
1 0.39140625 0.22578125 0.04296875 0.0640625
1 0.37265625 0.234375 0.03828125 0.06171875
1 0.3328125 0.21484375 0.028125 0.05234375
1 0.30078125 0.21484375 0.025 0.0375
1 0.27265625 0.23203125 0.03515625 0.05703125
1 0.29296875 0.1859375 0.0203125 0.03046875
1 0.32109375 0.17578125 0.021875 0.02578125
1 0.2734375 0.18203125 0.01640625 0.0234375
1 0.26015625 0.18046875 0.01640625 0.03046875
1 0.234375 0.19296875 0.021875 0.02578125
1 0.228125 0.175 0.0203125 0.0234375
1 0.2109375 0.19296875 0.021875 0.03515625
1 0.20078125 0.221875 0.021875 0.0328125
1 0.1453125 0.21640625 0.0203125 0.03984375
1 0.175 0.22109375 0.0203125 0.03046875
1 0.18203125 0.20546875 0.0234375 0.028125
1 0.1796875 0.1734375 0.0203125 0.03046875
1 0.16015625 0.19609375 0.0203125 0.028125
1 0.1234375 0.2078125 0.0203125 0.0328125
1 0.1234375 0.18671875 0.0203125 0.028125
1 0.12890625 0.1703125 0.021875 0.0234375
1 0.240625 0.134375 0.021875 0.0328125
1 0.2640625 0.1109375 0.021875 0.028125
1 0.30859375 0.1296875 0.0234375 0.0328125
1 0.35859375 0.16875 0.01640625 0.03046875
1 0.36953125 0.15859375 0.01796875 0.0328125
1 0.35859375 0.13125 0.01640625 0.02578125
1 0.371875 0.12265625 0.0203125 0.0328125
1 0.39921875 0.1125 0.021875 0.03515625
1 0.4171875 0.125 0.01796875 0.028125
1 0.43984375 0.12890625 0.0203125 0.03046875
1 0.471875 0.10546875 0.0203125 0.03515625
1 0.62578125 0.4125 0.08203125 0.1296875
1 0.76328125 0.37734375 0.09296875 0.14453125
1 0.84296875 0.3828125 0.0796875 0.1796875
1 0.9203125 0.3921875 0.15703125 0.25546875
1 0.8296875 0.2859375 0.06015625 0.09921875
1 0.7515625 0.265625 0.05703125 0.0921875
1 0.6453125 0.25859375 0.053125 0.078125
1 0.56796875 0.26328125 0.05 0.078125
1 0.58203125 0.19296875 0.03984375 0.059375
1 0.55078125 0.2125 0.03515625 0.04765625
1 0.52734375 0.20078125 0.021875 0.0421875
1 0.50078125 0.175 0.021875 0.0375
1 0.5171875 0.16796875 0.01796875 0.0328125
1 0.49921875 0.12421875 0.01484375 0.02578125
1 0.5296875 0.12265625 0.01640625 0.0328125
1 0.54921875 0.10859375 0.01796875 0.028125
1 0.5515625 0.16328125 0.0234375 0.0375
1 0.53828125 0.16875 0.0203125 0.03046875
1 0.57421875 0.11328125 0.021875 0.0421875
1 0.590625 0.096875 0.01484375 0.0234375
1 0.5875 0.05 0.01484375 0.0234375
1 0.6125 0.10625 0.021875 0.0375
1 0.59921875 0.12890625 0.01796875 0.02578125
1 0.628125 0.17734375 0.03671875 0.05234375
1 0.65234375 0.2125 0.04140625 0.05703125
1 0.69609375 0.21015625 0.0453125 0.07109375
1 0.6765625 0.165625 0.03359375 0.05234375
1 0.6359375 0.11015625 0.021875 0.04453125
1 0.68671875 0.09453125 0.0234375 0.0375
1 0.6609375 0.059375 0.01484375 0.028125
1 0.72890625 0.0921875 0.025 0.0421875
1 0.6921875 0.0578125 0.01484375 0.02109375
1 0.70546875 0.05 0.01484375 0.0234375
1 0.73203125 0.04453125 0.01640625 0.028125
1 0.70390625 0.14453125 0.028125 0.05234375
1 0.72734375 0.17109375 0.028125 0.05
1 0.7734375 0.175 0.03984375 0.06640625
1 0.7921875 0.2171875 0.04140625 0.07109375
1 0.8703125 0.21484375 0.03359375 0.06640625
1 0.90703125 0.1859375 0.05 0.096875
1 0.85078125 0.15390625 0.04140625 0.06640625
1 0.825 0.15703125 0.0265625 0.05
1 0.81328125 0.09921875 0.03359375 0.05234375
1 0.78671875 0.08046875 0.0234375 0.0421875
1 0.77421875 0.1078125 0.01796875 0.03046875
1 0.74609375 0.06484375 0.01796875 0.03046875
1 0.76796875 0.04140625 0.01640625 0.03046875
1 0.84921875 0.0828125 0.01484375 0.0234375
1 0.86328125 0.1078125 0.0203125 0.03515625
1 0.88671875 0.0828125 0.0265625 0.04765625
1 0.86640625 0.08359375 0.01328125 0.02578125
1 0.925 0.13828125 0.0296875 0.03984375
1 0.9484375 0.1453125 0.0265625 0.0546875
1 0.98828125 0.1546875 0.0234375 0.04453125
1 0.98984375 0.10078125 0.0203125 0.04453125
1 0.9625 0.071875 0.01796875 0.03984375
1 0.95078125 0.1078125 0.021875 0.03515625
1 0.9421875 0.078125 0.01796875 0.028125
1 0.928125 0.0828125 0.01328125 0.0234375
1 0.92109375 0.1078125 0.021875 0.03046875
1 0.90859375 0.071875 0.01640625 0.03046875