1 0.18125 0.45625 0.05 0.0859375
1 0.28359375 0.22421875 0.01640625 0.0328125
1 0.30625 0.2296875 0.01640625 0.034375
1 0.32734375 0.221875 0.015625 0.03828125
1 0.3484375 0.21875 0.02109375 0.0328125
1 0.33671875 0.19140625 0.01640625 0.0296875
1 0.35390625 0.25625 0.01953125 0.04140625
1 0.4078125 0.2484375 0.015625 0.03984375
1 0.41875 0.25703125 0.021875 0.04296875
1 0.37734375 0.20546875 0.01640625 0.03828125
1 0.40234375 0.2109375 0.015625 0.0359375
1 0.41875 0.20859375 0.01875 0.04140625
1 0.44296875 0.21640625 0.02109375 0.04453125
1 0.38984375 0.16796875 0.0140625 0.0265625
1 0.40859375 0.16796875 0.0125 0.0328125
1 0.4203125 0.184375 0.0140625 0.0265625
1 0.421875 0.15859375 0.01484375 0.028125
1 0.43828125 0.16328125 0.01015625 0.0234375
1 0.45 0.18046875 0.0125 0.03125
1 0.4671875 0.15859375 0.0140625 0.03125
1 0.47890625 0.13984375 0.01171875 0.0265625
1 0.4890625 0.15703125 0.01484375 0.034375
1 0.50078125 0.18125 0.0125 0.0328125
1 0.49921875 0.12578125 0.0125 0.025
1 0.509375 0.14765625 0.0109375 0.025
1 0.52421875 0.17890625 0.0140625 0.03125
1 0.53828125 0.2109375 0.01640625 0.04609375
1 0.53671875 0.14921875 0.01171875 0.03125
1 0.51875 0.12109375 0.01171875 0.025
1 0.54765625 0.134375 0.01171875 0.025
1 0.56640625 0.16015625 0.01640625 0.0359375
1 0.58984375 0.15625 0.0203125 0.03984375
1 0.59765625 0.12421875 0.01171875 0.02109375
1 0.61875 0.11171875 0.01015625 0.0265625
1 0.62734375 0.125 0.01484375 0.0296875
1 0.63359375 0.175 0.0125 0.0296875
1 0.56875 0.14140625 0.01171875 0.0234375
1 0.57421875 0.24765625 0.021875 0.0578125
1 0.66015625 0.12109375 0.01171875 0.03125
1 0.67421875 0.13515625 0.0140625 0.0296875
1 0.67265625 0.11875 0.01171875 0.01953125
1 0.70546875 0.1171875 0.01484375 0.0328125
1 0.6625 0.190625 0.01875 0.034375
1 0.6171875 0.2125 0.01953125 0.0359375
1 0.61875 0.2546875 0.02421875 0.05078125
1 0.6484375 0.2390625 0.01953125 0.03984375
1 0.68828125 0.284375 0.0203125 0.04140625
1 0.70625 0.328125 0.0296875 0.07578125
1 0.71875 0.184375 0.01953125 0.03984375
1 0.7015625 0.18046875 0.01484375 0.03828125
1 0.73515625 0.15 0.0125 0.0328125
1 0.765625 0.13515625 0.0109375 0.0328125
1 0.7703125 0.1296875 0.01171875 0.028125
1 0.79140625 0.140625 0.01171875 0.03125
1 0.79609375 0.16796875 0.01640625 0.0265625
1 0.8015625 0.1421875 0.00859375 0.025
1 0.8296875 0.17265625 0.01484375 0.0296875
1 0.84296875 0.19375 0.01640625 0.03828125
1 0.84296875 0.16015625 0.01171875 0.0265625
1 0.796875 0.21484375 0.01953125 0.04453125
1 0.76328125 0.24453125 0.02265625 0.04765625
1 0.73515625 0.2421875 0.01953125 0.04296875
1 0.73828125 0.21015625 0.0171875 0.028125
1 0.73515625 0.1828125 0.0140625 0.0265625
1 0.7875 0.3 0.021875 0.0625
1 0.759375 0.3796875 0.02890625 0.07109375
1 0.82734375 0.26328125 0.02109375 0.04609375
1 0.84296875 0.2375 0.0203125 0.03984375
1 0.8734375 0.18828125 0.015625 0.034375
1 0.88984375 0.23671875 0.01640625 0.04140625
1 0.8671875 0.23359375 0.01484375 0.0265625
1 0.9078125 0.3234375 0.025 0.0609375
1 0.93671875 0.275 0.01953125 0.04296875
1 0.9140625 0.22734375 0.0171875 0.03984375
1 0.9046875 0.19453125 0.01171875 0.0328125
1 0.90703125 0.17109375 0.01484375 0.0265625
1 0.92265625 0.16015625 0.0109375 0.0328125
1 0.9421875 0.21171875 0.01640625 0.03828125
1 0.95 0.1796875 0.01015625 0.0296875