1 0.471875 0.62734375 0.01640625 0.0296875
1 0.1578125 0.96015625 0.0515625 0.0796875
1 0.203125 0.9109375 0.03671875 0.07109375
1 0.2984375 0.89765625 0.03359375 0.0625
1 0.32421875 0.84140625 0.028125 0.05625
1 0.3515625 0.8 0.0203125 0.0328125
1 0.2703125 0.79140625 0.0234375 0.03828125
1 0.2578125 0.8078125 0.021875 0.04140625
1 0.23359375 0.82265625 0.0234375 0.04140625
1 0.2203125 0.84296875 0.0234375 0.04765625
1 0.11796875 0.8546875 0.04296875 0.07109375
1 0.10859375 0.8 0.0203125 0.04453125
1 0.05859375 0.79609375 0.0265625 0.04765625
1 0.0140625 0.7984375 0.025 0.04765625
1 0.171875 0.79296875 0.0203125 0.04140625
1 0.225 0.78515625 0.0203125 0.04453125
1 0.615625 0.78671875 0.025 0.04140625
1 0.65234375 0.8359375 0.028125 0.05625
1 0.66953125 0.8671875 0.03203125 0.053125
1 0.6984375 0.81328125 0.0234375 0.04765625
1 0.7 0.78515625 0.0234375 0.04453125
1 0.74296875 0.87890625 0.03984375 0.0890625
1 0.73671875 0.82421875 0.0265625 0.03828125
1 0.77734375 0.8625 0.03828125 0.05625
1 0.784375 0.775 0.028125 0.04765625
1 0.7703125 0.79296875 0.0234375 0.04765625
1 0.79296875 0.81328125 0.0234375 0.04140625
1 0.81953125 0.82578125 0.021875 0.04140625
1 0.83046875 0.8625 0.028125 0.05
1 0.88671875 0.909375 0.03984375 0.0625
1 0.8671875 0.81484375 0.025 0.05
1 0.9125 0.7734375 0.021875 0.03828125
1 0.91171875 0.809375 0.0203125 0.03828125
1 0.92890625 0.84453125 0.03203125 0.05
1 0.978125 0.8875 0.03671875 0.07109375
1 0.984375 0.82421875 0.028125 0.05
1 0.978125 0.79140625 0.0234375 0.03828125
1 0.98828125 0.76796875 0.0203125 0.03828125