1 0.03203125 0.52421875 0.04375 0.10703125
1 0.0453125 0.48359375 0.04609375 0.090625
1 0.12109375 0.4984375 0.05 0.0875
1 0.15234375 0.53046875 0.071875 0.10703125
1 0.2296875 0.48828125 0.03984375 0.075
1 0.28828125 0.5 0.04375 0.078125
1 0.33671875 0.459375 0.05 0.075
1 0.425 0.3734375 0.0421875 0.090625
1 0.73828125 0.55 0.06015625 0.1265625
1 0.79921875 0.60546875 0.10234375 0.159375
1 0.87265625 0.8015625 0.18984375 0.31796875
1 0.9671875 0.5765625 0.065625 0.1203125
1 0.946875 0.51484375 0.05390625 0.09453125
1 0.853125 0.51328125 0.05 0.084375
1 0.875 0.48671875 0.05390625 0.09765625
1 0.75703125 0.47890625 0.05390625 0.08125