1 0.0515625 0.5578125 0.10078125 0.18046875
1 0.17421875 0.2546875 0.0765625 0.1109375
1 0.28984375 0.47265625 0.06796875 0.10234375
1 0.34921875 0.521875 0.07265625 0.109375
1 0.434375 0.4453125 0.06484375 0.0984375
1 0.471875 0.5828125 0.096875 0.146875
1 0.50703125 0.47578125 0.0515625 0.07578125
1 0.55234375 0.49765625 0.07109375 0.10703125
1 0.58828125 0.4609375 0.05546875 0.08828125
1 0.66796875 0.5578125 0.10390625 0.146875
1 0.66953125 0.88984375 0.2625 0.2203125
1 0.95703125 0.83515625 0.0859375 0.2078125
1 0.6671875 0.47578125 0.053125 0.07578125
1 0.7203125 0.48515625 0.046875 0.0734375
1 0.78515625 0.47890625 0.06328125 0.0984375
1 0.815625 0.5390625 0.078125 0.121875
1 0.83828125 0.465625 0.06796875 0.0796875
1 0.86171875 0.4296875 0.06015625 0.07109375
1 0.9515625 0.4875 0.06796875 0.09453125