1 0.88046875 0.42421875 0.03203125 0.08125
1 0.79609375 0.38984375 0.02734375 0.0796875
1 0.8359375 0.31875 0.0234375 0.0625
1 0.890625 0.303125 0.0234375 0.0546875
1 0.85703125 0.253125 0.0203125 0.0484375
1 0.87109375 0.23671875 0.01796875 0.053125
1 0.90625 0.2546875 0.01875 0.0484375
1 0.9140625 0.24453125 0.021875 0.0484375
1 0.8953125 0.1578125 0.0125 0.03046875
1 0.88984375 0.17890625 0.015625 0.03515625
1 0.8546875 0.16640625 0.0140625 0.03515625
1 0.83828125 0.12421875 0.01171875 0.028125
1 0.81953125 0.14609375 0.009375 0.03203125
1 0.8 0.1796875 0.015625 0.0359375
1 0.82265625 0.22109375 0.01640625 0.03515625
1 0.81484375 0.23671875 0.01640625 0.040625
1 0.8078125 0.121875 0.01171875 0.02890625
1 0.78125 0.115625 0.00859375 0.028125
1 0.77890625 0.16328125 0.01328125 0.03046875
1 0.73125 0.11328125 0.01015625 0.0265625
1 0.75078125 0.14296875 0.0125 0.0265625
1 0.7453125 0.1671875 0.015625 0.03359375
1 0.71640625 0.1671875 0.01328125 0.028125
1 0.72421875 0.18125 0.015625 0.0359375
1 0.70703125 0.21796875 0.0171875 0.04296875
1 0.775 0.2078125 0.01796875 0.0421875
1 0.76640625 0.22578125 0.015625 0.0390625
1 0.7671875 0.2953125 0.01796875 0.040625
1 0.6921875 0.10859375 0.01171875 0.028125
1 0.6671875 0.12421875 0.01171875 0.025
1 0.6765625 0.1921875 0.01484375 0.0421875
1 0.653125 0.2265625 0.01640625 0.040625
1 0.65859375 0.2625 0.02109375 0.05859375
1 0.6375 0.09765625 0.01015625 0.025
1 0.64453125 0.11328125 0.01015625 0.025
1 0.63828125 0.13203125 0.01328125 0.0375
1 0.59140625 0.1015625 0.00625 0.01640625
1 0.61015625 0.1140625 0.00859375 0.01953125
1 0.60859375 0.15 0.01171875 0.03203125
1 0.5640625 0.12734375 0.009375 0.0234375
1 0.5859375 0.15 0.0125 0.02890625
1 0.603125 0.2140625 0.015625 0.0375
1 0.60390625 0.26015625 0.01953125 0.0546875
1 0.63203125 0.296875 0.02421875 0.06171875
1 0.565625 0.2484375 0.0171875 0.04765625
1 0.54296875 0.2828125 0.0265625 0.06171875
1 0.56328125 0.17734375 0.0140625 0.03359375
1 0.54765625 0.16328125 0.0140625 0.03046875
1 0.528125 0.13984375 0.01171875 0.0265625
1 0.50546875 0.13828125 0.0078125 0.02265625
1 0.51640625 0.16171875 0.01171875 0.025
1 0.5015625 0.18515625 0.01640625 0.04609375
1 0.4921875 0.159375 0.009375 0.02265625
1 0.4546875 0.14609375 0.01015625 0.0265625
1 0.465625 0.15859375 0.009375 0.0265625
1 0.43828125 0.17109375 0.01015625 0.02890625
1 0.45078125 0.1703125 0.01171875 0.025
1 0.45078125 0.2140625 0.01484375 0.0375
1 0.46484375 0.2375 0.0203125 0.04609375
1 0.4140625 0.19453125 0.01171875 0.02890625
1 0.39765625 0.23203125 0.01640625 0.03515625
1 0.3890625 0.26328125 0.01640625 0.0359375
1 0.31640625 0.24609375 0.01484375 0.0375
1 0.328125 0.2578125 0.015625 0.0359375
1 0.3484375 0.24296875 0.01484375 0.0421875
1 0.3484375 0.21328125 0.01640625 0.0359375
1 0.37109375 0.23671875 0.01484375 0.03203125
1 0.3578125 0.259375 0.01875 0.0390625
1 0.20859375 0.40703125 0.0375 0.078125