1 0.06328125 0.565625 0.03984375 0.078125
1 0.1734375 0.353125 0.02578125 0.03125
1 0.20234375 0.38828125 0.01640625 0.04453125
1 0.23984375 0.3828125 0.021875 0.04296875
1 0.2875 0.38046875 0.02265625 0.04453125
1 0.23828125 0.32578125 0.0234375 0.0328125
1 0.3109375 0.34453125 0.02265625 0.03359375
1 0.309375 0.30625 0.0203125 0.03125
1 0.35546875 0.275 0.02578125 0.025
1 0.3734375 0.34453125 0.025 0.04609375
1 0.45234375 0.4234375 0.03125 0.059375
1 0.52734375 0.4390625 0.03046875 0.0546875
1 0.56953125 0.46953125 0.03203125 0.06953125
1 0.6140625 0.4734375 0.03671875 0.0734375
1 0.69765625 0.5609375 0.03125 0.07265625
1 0.4140625 0.36171875 0.02109375 0.03125
1 0.43671875 0.32734375 0.01953125 0.03515625
1 0.47578125 0.33984375 0.0203125 0.03671875
1 0.39296875 0.26875 0.01796875 0.0234375
1 0.41171875 0.27890625 0.0140625 0.0296875
1 0.42734375 0.28046875 0.0125 0.0296875
1 0.43046875 0.25390625 0.01484375 0.0234375
1 0.48203125 0.27265625 0.01484375 0.03515625
1 0.5015625 0.25625 0.01171875 0.0296875
1 0.5359375 0.25546875 0.0140625 0.0296875
1 0.53671875 0.22890625 0.01171875 0.0203125
1 0.49765625 0.2953125 0.01484375 0.0265625
1 0.53046875 0.29609375 0.015625 0.0328125
1 0.51796875 0.375 0.0234375 0.0484375
1 0.6 0.3984375 0.02578125 0.04453125
1 0.5890625 0.3359375 0.0234375 0.04140625
1 0.55859375 0.278125 0.01796875 0.028125
1 0.6140625 0.26796875 0.0171875 0.028125
1 0.58671875 0.26171875 0.015625 0.025
1 0.63125 0.234375 0.015625 0.0265625
1 0.6171875 0.21796875 0.0125 0.0328125
1 0.55234375 0.2296875 0.01171875 0.01953125
1 0.5953125 0.21953125 0.01796875 0.0265625
1 0.34296875 0.35 0.02109375 0.03671875
1 0.65703125 0.21875 0.01484375 0.021875
1 0.69296875 0.3125 0.01640625 0.04140625
1 0.7046875 0.259375 0.01484375 0.03828125
1 0.66484375 0.28671875 0.01796875 0.03671875
1 0.66796875 0.23671875 0.0125 0.021875
1 0.73359375 0.24921875 0.015625 0.0328125
1 0.75078125 0.23828125 0.015625 0.03125
1 0.7671875 0.2703125 0.0125 0.03359375
1 0.78359375 0.290625 0.0171875 0.03828125
1 0.78828125 0.2453125 0.0140625 0.028125
1 0.81953125 0.2515625 0.01796875 0.03125
1 0.8265625 0.31171875 0.01953125 0.03671875
1 0.82109375 0.3703125 0.025 0.05
1 0.83828125 0.3515625 0.015625 0.03984375
1 0.85625 0.33515625 0.01484375 0.03515625
1 0.86875 0.290625 0.01640625 0.0296875
1 0.88671875 0.26796875 0.01484375 0.03125
1 0.853125 0.265625 0.0109375 0.0265625
1 0.915625 0.29140625 0.0140625 0.03671875
1 0.9125 0.334375 0.01796875 0.03671875
1 0.6234375 0.31796875 0.02265625 0.03359375
1 0.6453125 0.3859375 0.02734375 0.06015625
1 0.68515625 0.37109375 0.0234375 0.04609375
1 0.721875 0.41875 0.03125 0.05625
1 0.78125 0.4421875 0.02734375 0.06171875
1 0.83203125 0.52265625 0.0265625 0.06328125
1 0.8578125 0.49296875 0.02578125 0.06171875
1 0.8671875 0.43515625 0.025 0.059375
1 0.8859375 0.3609375 0.02109375 0.04296875
1 0.93515625 0.33828125 0.0171875 0.03359375
1 0.95546875 0.31875 0.01953125 0.0296875
1 0.946875 0.37734375 0.0203125 0.04140625
1 0.9296875 0.4703125 0.0234375 0.06796875
1 0.9625 0.29296875 0.01484375 0.021875
1 0.74453125 0.26875 0.0140625 0.03515625
1 0.36953125 0.315625 0.015625 0.0265625
1 0.36640625 0.2921875 0.01640625 0.0265625
1 0.4390625 0.24609375 0.0140625 0.0234375