1 0.23828125 0.4203125 0.02890625 0.046875
1 0.09609375 0.5453125 0.0671875 0.08359375
1 0.13203125 0.6890625 0.1234375 0.18828125
1 0.18203125 0.56015625 0.06875 0.09296875
1 0.23828125 0.51484375 0.0484375 0.0703125
1 0.3109375 0.5828125 0.0671875 0.08515625
1 0.35625 0.68828125 0.11484375 0.1703125
1 0.31171875 0.53359375 0.0515625 0.06015625
1 0.46640625 0.56015625 0.0703125 0.08984375
1 0.4375 0.51640625 0.0421875 0.053125
1 0.9390625 0.5359375 0.06875 0.075
1 0.97578125 0.56171875 0.04375 0.0765625