1 0.06640625 0.84453125 0.128125 0.19609375
1 0.1203125 0.5875 0.07421875 0.11171875
1 0.17734375 0.5796875 0.059375 0.09609375
1 0.32265625 0.6515625 0.0890625 0.12734375
1 0.30078125 0.58984375 0.07578125 0.109375
1 0.340625 0.54296875 0.05546875 0.096875
1 0.44453125 0.5375 0.0625 0.1
1 0.51640625 0.52265625 0.06796875 0.096875
1 0.5125 0.60078125 0.0921875 0.1203125
1 0.5765625 0.36484375 0.06328125 0.0859375
1 0.6390625 0.5484375 0.0703125 0.10390625
1 0.596875 0.68671875 0.11484375 0.153125
1 0.5140625 0.921875 0.19609375 0.15625
1 0.70078125 0.56953125 0.0515625 0.08203125
1 0.784375 0.51171875 0.06171875 0.0953125
1 0.80546875 0.646875 0.10703125 0.1421875
1 0.8546875 0.56796875 0.07109375 0.10234375
1 0.88671875 0.5140625 0.05078125 0.08515625
1 0.9484375 0.50546875 0.0828125 0.121875