1 0.88046875 0.159375 0.01171875 0.03046875
1 0.90546875 0.16484375 0.01015625 0.03203125
1 0.940625 0.16640625 0.00859375 0.02890625
1 0.92890625 0.20390625 0.01015625 0.03515625
1 0.88515625 0.23515625 0.0140625 0.03359375
1 0.9296875 0.25234375 0.015625 0.03359375
1 0.9171875 0.26171875 0.0171875 0.0390625
1 0.91796875 0.30390625 0.0171875 0.0421875
1 0.9140625 0.33984375 0.01875 0.05390625
1 0.86640625 0.278125 0.0171875 0.05234375
1 0.853125 0.1875 0.015625 0.0375
1 0.81640625 0.3 0.0203125 0.05546875
1 0.84609375 0.3234375 0.02421875 0.0578125
1 0.8390625 0.21171875 0.0140625 0.040625
1 0.83671875 0.234375 0.0171875 0.0421875
1 0.840625 0.1546875 0.0125 0.02890625
1 0.8109375 0.14609375 0.0140625 0.03515625
1 0.79453125 0.21484375 0.01640625 0.0375
1 0.7671875 0.25234375 0.0171875 0.04375
1 0.740625 0.27265625 0.01875 0.05078125
1 0.7390625 0.1953125 0.015625 0.0390625
1 0.7171875 0.2328125 0.01640625 0.0453125
1 0.734375 0.1484375 0.01015625 0.03203125
1 0.76484375 0.1203125 0.01171875 0.02734375
1 0.78203125 0.1484375 0.01015625 0.02890625
1 0.79609375 0.16171875 0.01328125 0.03203125
1 0.79296875 0.1296875 0.01015625 0.025
1 0.74765625 0.18046875 0.015625 0.025
1 0.71328125 0.12109375 0.009375 0.025
1 0.68671875 0.1140625 0.01171875 0.025
1 0.68984375 0.18828125 0.0140625 0.03515625
1 0.6546875 0.19453125 0.015625 0.0375
1 0.67265625 0.2171875 0.01875 0.0421875
1 0.6796875 0.26484375 0.02109375 0.04921875
1 0.62578125 0.26171875 0.0203125 0.04921875
1 0.62578125 0.2046875 0.01796875 0.040625
1 0.5796875 0.234375 0.01796875 0.0453125
1 0.575 0.17109375 0.01640625 0.03359375
1 0.59375 0.11875 0.00859375 0.0234375
1 0.60390625 0.1046875 0.00859375 0.0234375
1 0.6125 0.1296875 0.00859375 0.02890625
1 0.6203125 0.1296875 0.009375 0.02890625
1 0.6375 0.15 0.01328125 0.03203125
1 0.6578125 0.11875 0.009375 0.02734375
1 0.5140625 0.12578125 0.009375 0.021875
1 0.51796875 0.13046875 0.00859375 0.0234375
1 0.54140625 0.13671875 0.009375 0.03046875
1 0.56171875 0.14140625 0.0140625 0.025
1 0.5140625 0.18828125 0.01640625 0.0390625
1 0.540625 0.19453125 0.01640625 0.040625
1 0.5484375 0.28984375 0.0203125 0.05546875
1 0.4703125 0.13671875 0.009375 0.0234375
1 0.49453125 0.13984375 0.01015625 0.021875
1 0.4796875 0.15390625 0.01015625 0.02734375
1 0.49765625 0.159375 0.01171875 0.0234375
1 0.48515625 0.20859375 0.01875 0.0453125
1 0.440625 0.1515625 0.01015625 0.025
1 0.39140625 0.17109375 0.01015625 0.02734375
1 0.41484375 0.16640625 0.01171875 0.02890625
1 0.43125 0.17578125 0.0125 0.02734375
1 0.4484375 0.2125 0.0140625 0.0421875
1 0.42734375 0.2140625 0.015625 0.03515625
1 0.41328125 0.20859375 0.01640625 0.03515625
1 0.40625 0.27265625 0.02421875 0.04375
1 0.36796875 0.19375 0.015625 0.03515625
1 0.35 0.20625 0.0140625 0.0375
1 0.3734375 0.2484375 0.01796875 0.04375
1 0.2703125 0.2234375 0.0125 0.03046875
1 0.31171875 0.2625 0.01875 0.04375
1 0.2328125 0.3234375 0.0296875 0.06796875