1 0.10703125 0.61640625 0.021875 0.040625
1 0.10390625 0.73125 0.053125 0.07421875
1 0.1515625 0.61171875 0.0140625 0.03203125
1 0.19140625 0.6015625 0.01875 0.034375
1 0.215625 0.6703125 0.0234375 0.03203125
1 0.18359375 0.70703125 0.028125 0.04375
1 0.19765625 0.7640625 0.0390625 0.06328125
1 0.25390625 0.74140625 0.0296875 0.04453125
1 0.2375 0.68359375 0.01953125 0.0328125
1 0.24765625 0.62265625 0.01796875 0.028125
1 0.28828125 0.59921875 0.0140625 0.03125
1 0.3328125 0.61875 0.02265625 0.0234375
1 0.30703125 0.665625 0.021875 0.03125
1 0.28515625 0.68515625 0.01953125 0.0328125
1 0.31796875 0.73046875 0.028125 0.0484375
1 0.33515625 0.71171875 0.021875 0.03125
1 0.3234375 0.69296875 0.0203125 0.03359375
1 0.3703125 0.67421875 0.01875 0.03671875
1 0.23203125 0.8765625 0.05234375 0.0765625
1 0.34765625 0.84296875 0.03203125 0.06015625
1 0.4 0.7921875 0.0359375 0.06171875
1 0.40390625 0.709375 0.0203125 0.0421875
1 0.42578125 0.71796875 0.028125 0.0421875
1 0.4296875 0.68359375 0.0203125 0.03671875
1 0.46796875 0.68515625 0.0203125 0.02890625
1 0.46015625 0.603125 0.01484375 0.03125
1 0.49375 0.75625 0.0234375 0.04921875
1 0.52578125 0.778125 0.02890625 0.053125
1 0.54921875 0.7359375 0.02578125 0.0421875
1 0.534375 0.7078125 0.021875 0.03828125
1 0.515625 0.61484375 0.01484375 0.025
1 0.5421875 0.59765625 0.0171875 0.02578125
1 0.57890625 0.596875 0.02109375 0.02890625
1 0.60234375 0.615625 0.0140625 0.0265625
1 0.60390625 0.65390625 0.0203125 0.034375
1 0.621875 0.65859375 0.01328125 0.0265625
1 0.63125 0.66953125 0.0140625 0.028125
1 0.634375 0.70625 0.02265625 0.0390625
1 0.63671875 0.75625 0.025 0.04296875
1 0.6296875 0.8203125 0.04609375 0.07890625
1 0.6828125 0.803125 0.0328125 0.0609375
1 0.721875 0.71953125 0.02109375 0.0390625
1 0.72734375 0.68828125 0.01796875 0.03203125
1 0.7671875 0.715625 0.02578125 0.03828125
1 0.75859375 0.6921875 0.02109375 0.0375
1 0.83984375 0.73359375 0.0390625 0.0609375