1 0.18671875 0.47421875 0.05234375 0.11015625
1 0.34921875 0.2609375 0.028125 0.05546875
1 0.37734375 0.26484375 0.03046875 0.0484375
1 0.4296875 0.2203125 0.02421875 0.03671875
1 0.45703125 0.18828125 0.01875 0.03984375
1 0.47265625 0.1578125 0.01953125 0.03828125
1 0.490625 0.14765625 0.02109375 0.04140625
1 0.5328125 0.1859375 0.02421875 0.03828125
1 0.4375 0.2765625 0.03046875 0.0515625
1 0.4984375 0.30546875 0.03125 0.0703125
1 0.58125 0.2875 0.03125 0.053125
1 0.71875 0.08125 0.0203125 0.03515625
1 0.78046875 0.1078125 0.02109375 0.0515625
1 0.68046875 0.0828125 0.01953125 0.03828125
1 0.903125 0.2171875 0.02109375 0.046875
1 0.66015625 0.1125 0.0171875 0.04140625
1 0.65234375 0.084375 0.0234375 0.05546875
1 0.72890625 0.14296875 0.0234375 0.04140625
1 0.57421875 0.0734375 0.01640625 0.0234375
1 0.52109375 0.09765625 0.01328125 0.028125