1 0.05703125 0.4578125 0.08515625 0.1140625
1 0.0265625 0.3859375 0.05078125 0.0578125
1 0.11875 0.3734375 0.04375 0.06875
1 0.1859375 0.359375 0.03671875 0.0609375
1 0.2515625 0.3734375 0.03359375 0.05
1 0.2796875 0.3578125 0.03359375 0.0484375
1 0.284375 0.4203125 0.04765625 0.07109375
1 0.3453125 0.36015625 0.0359375 0.0578125
1 0.37890625 0.34453125 0.0265625 0.04140625
1 0.4296875 0.34453125 0.02890625 0.04140625
1 0.44921875 0.3203125 0.0203125 0.0359375
1 0.47421875 0.34140625 0.02734375 0.0453125
1 0.51484375 0.3203125 0.025 0.0359375
1 0.55703125 0.3265625 0.02265625 0.0359375
1 0.5078125 0.403125 0.05078125 0.07109375
1 0.4046875 0.434375 0.05546875 0.0765625
1 0.409375 0.38984375 0.04140625 0.05234375
1 0.35546875 0.54765625 0.1 0.125
1 0.18984375 0.4828125 0.07578125 0.1078125
1 0.59453125 0.45859375 0.05234375 0.11015625
1 0.65 0.5375 0.12109375 0.1578125
1 0.83125 0.48359375 0.08046875 0.12265625
1 0.753125 0.4203125 0.046875 0.0796875
1 0.9015625 0.41640625 0.05234375 0.08515625
1 0.93203125 0.3796875 0.0453125 0.07734375
1 0.94296875 0.34296875 0.0375 0.0609375
1 0.9375 0.3046875 0.02734375 0.0359375
1 0.9625 0.321875 0.0390625 0.05390625
1 0.871875 0.3328125 0.0375 0.0515625
1 0.82421875 0.3734375 0.0453125 0.0625
1 0.815625 0.33515625 0.0375 0.04765625
1 0.74609375 0.33671875 0.0328125 0.0484375
1 0.765625 0.3234375 0.0265625 0.05
1 0.6171875 0.35859375 0.03125 0.0546875
1 0.665625 0.3453125 0.03828125 0.0546875
1 0.6890625 0.3171875 0.02421875 0.04375
1 0.715625 0.3171875 0.028125 0.04140625
1 0.5984375 0.3578125 0.021875 0.04140625