1 0.08671875 0.46640625 0.04140625 0.08984375
1 0.1828125 0.28984375 0.01953125 0.05234375
1 0.21484375 0.27734375 0.0171875 0.05234375
1 0.2578125 0.2359375 0.01875 0.040625
1 0.2984375 0.20859375 0.02421875 0.04765625
1 0.30234375 0.2359375 0.01640625 0.03359375
1 0.31640625 0.215625 0.01640625 0.04453125
1 0.340625 0.20859375 0.02109375 0.0546875
1 0.3828125 0.18671875 0.01640625 0.0375
1 0.365625 0.2609375 0.0234375 0.04921875
1 0.3828125 0.2421875 0.02109375 0.0421875
1 0.4296875 0.16328125 0.0171875 0.0375
1 0.42578125 0.190625 0.01875 0.0421875
1 0.44140625 0.1609375 0.0109375 0.04453125
1 0.4875 0.15390625 0.01875 0.04921875
1 0.48671875 0.20390625 0.0203125 0.040625
1 0.46484375 0.24921875 0.0171875 0.0375
1 0.4296875 0.31171875 0.02265625 0.04921875
1 0.5125 0.1609375 0.01640625 0.04453125
1 0.546875 0.2125 0.025 0.040625
1 0.55234375 0.13359375 0.01953125 0.0359375
1 0.5515625 0.16484375 0.021875 0.0375
1 0.571875 0.19375 0.01875 0.040625
1 0.57265625 0.13828125 0.0203125 0.04609375
1 0.5921875 0.12109375 0.01328125 0.0359375
1 0.62734375 0.12890625 0.01796875 0.04453125
1 0.603125 0.14921875 0.021875 0.040625
1 0.6109375 0.17890625 0.01875 0.04921875
1 0.6171875 0.19921875 0.01015625 0.0359375
1 0.65 0.13046875 0.01796875 0.040625
1 0.66328125 0.128125 0.01796875 0.0421875
1 0.65546875 0.175 0.01875 0.040625
1 0.6875 0.1328125 0.01796875 0.04453125
1 0.70546875 0.16328125 0.0171875 0.03046875
1 0.6859375 0.17578125 0.01953125 0.0390625
1 0.69140625 0.2140625 0.0265625 0.04453125
1 0.66953125 0.22421875 0.0234375 0.05078125
1 0.6125 0.290625 0.0265625 0.05078125
1 0.56875 0.33359375 0.0234375 0.0625
1 0.6078125 0.38125 0.03125 0.059375
1 0.65859375 0.41484375 0.025 0.0625
1 0.725 0.27109375 0.01953125 0.05625
1 0.7421875 0.22890625 0.02109375 0.04765625
1 0.746875 0.29375 0.01953125 0.0375
1 0.73125 0.4234375 0.02734375 0.06953125
1 0.790625 0.4515625 0.025 0.09140625
1 0.74765625 0.19609375 0.01953125 0.04609375
1 0.76953125 0.19375 0.01796875 0.05078125
1 0.80703125 0.190625 0.01796875 0.0390625
1 0.78671875 0.209375 0.02109375 0.0359375
1 0.79609375 0.2515625 0.01953125 0.0578125
1 0.82265625 0.23203125 0.01953125 0.04609375
1 0.83203125 0.21796875 0.0171875 0.04609375
1 0.8140625 0.29765625 0.021875 0.05625
1 0.8703125 0.234375 0.0234375 0.04765625
1 0.87421875 0.228125 0.015625 0.0390625
1 0.90390625 0.2265625 0.01640625 0.04609375
1 0.9046875 0.25859375 0.01328125 0.04609375
1 0.89140625 0.28125 0.034375 0.05234375
1 0.8734375 0.31328125 0.0203125 0.04921875
1 0.86875 0.36875 0.021875 0.0578125
1 0.8875 0.40546875 0.021875 0.06484375
1 0.93515625 0.2671875 0.0140625 0.04609375
1 0.95234375 0.24453125 0.0171875 0.05078125
1 0.92734375 0.34375 0.021875 0.0421875
1 0.9859375 0.2546875 0.01484375 0.04453125
1 0.98125 0.30390625 0.01953125 0.04453125
1 0.9765625 0.32734375 0.02421875 0.04765625
1 0.97890625 0.36171875 0.02421875 0.0546875
1 0.95546875 0.38125 0.02265625 0.0625
1 0.9546875 0.478125 0.01953125 0.06640625
1 0.8546875 0.496875 0.0265625 0.096875
1 0.353125 0.196875 0.025 0.040625