1 0.1765625 0.4578125 0.04296875 0.08359375
1 0.26796875 0.2140625 0.015625 0.03125
1 0.32578125 0.17421875 0.01875 0.03671875
1 0.35390625 0.1734375 0.01953125 0.03515625
1 0.30390625 0.2 0.01953125 0.03125
1 0.30390625 0.23125 0.0140625 0.0390625
1 0.3453125 0.1953125 0.01796875 0.03671875
1 0.39140625 0.146875 0.01328125 0.0328125
1 0.44140625 0.13984375 0.01328125 0.03125
1 0.415625 0.14609375 0.0140625 0.04296875
1 0.4234375 0.1515625 0.0140625 0.03515625
1 0.4953125 0.10703125 0.01328125 0.0234375
1 0.46953125 0.1296875 0.0140625 0.02109375
1 0.478125 0.134375 0.01328125 0.03125
1 0.39453125 0.1875 0.021875 0.040625
1 0.40703125 0.19375 0.01328125 0.02890625
1 0.384375 0.26484375 0.01875 0.05078125
1 0.4 0.215625 0.0140625 0.0390625
1 0.440625 0.1734375 0.015625 0.0234375
1 0.46796875 0.1796875 0.01953125 0.0328125
1 0.49921875 0.16796875 0.015625 0.025
1 0.509375 0.1421875 0.01640625 0.03125
1 0.51640625 0.115625 0.0109375 0.025
1 0.5546875 0.11171875 0.0140625 0.02109375
1 0.52265625 0.16640625 0.01640625 0.0328125
1 0.54609375 0.14609375 0.01796875 0.03125
1 0.59296875 0.1 0.01796875 0.025
1 0.56640625 0.14296875 0.021875 0.04453125
1 0.56015625 0.17109375 0.01640625 0.03125
1 0.603125 0.14140625 0.015625 0.0328125
1 0.5890625 0.209375 0.0234375 0.040625
1 0.58828125 0.16328125 0.01640625 0.04296875
1 0.5859375 0.1359375 0.01953125 0.04296875
1 0.646875 0.103125 0.01328125 0.03125
1 0.64140625 0.14921875 0.01875 0.040625
1 0.64296875 0.18125 0.01796875 0.0390625
1 0.6203125 0.23125 0.02890625 0.06640625
1 0.67734375 0.1671875 0.01640625 0.03515625
1 0.68046875 0.0953125 0.01328125 0.0234375
1 0.6953125 0.10703125 0.0140625 0.02734375
1 0.70546875 0.0921875 0.01640625 0.02890625
1 0.6890625 0.2 0.01953125 0.0390625
1 0.68671875 0.24140625 0.01953125 0.046875
1 0.70234375 0.3 0.03125 0.0625
1 0.7296875 0.13359375 0.0140625 0.03671875
1 0.7203125 0.1671875 0.01640625 0.0234375
1 0.74921875 0.12734375 0.0125 0.02109375
1 0.73046875 0.2234375 0.01875 0.04296875
1 0.76484375 0.1109375 0.0125 0.02734375
1 0.753125 0.1796875 0.01953125 0.040625
1 0.75625 0.2265625 0.021875 0.040625
1 0.77890625 0.12578125 0.01328125 0.0328125
1 0.7859375 0.1546875 0.01640625 0.025
1 0.8 0.12421875 0.0125 0.0234375
1 0.8140625 0.121875 0.0109375 0.02890625
1 0.7984375 0.18984375 0.01796875 0.02890625
1 0.79453125 0.2703125 0.02578125 0.046875
1 0.84375 0.146875 0.0140625 0.03671875
1 0.82265625 0.18984375 0.02109375 0.03671875
1 0.8421875 0.20390625 0.02109375 0.0390625
1 0.83046875 0.23671875 0.01953125 0.04453125
1 0.871875 0.1640625 0.01640625 0.04453125
1 0.909375 0.13828125 0.0109375 0.01953125
1 0.91171875 0.17734375 0.0109375 0.03125
1 0.896875 0.2109375 0.015625 0.03671875
1 0.91640625 0.34609375 0.02734375 0.0546875
1 0.9328125 0.2421875 0.01796875 0.03671875
1 0.94140625 0.2171875 0.01953125 0.0328125
1 0.93671875 0.1984375 0.01796875 0.04296875
1 0.95 0.17734375 0.021875 0.05078125
1 0.5296875 0.14296875 0.0140625 0.02890625
1 0.74140625 0.36875 0.02890625 0.06015625
1 0.62109375 0.13125 0.0140625 0.02890625