1 0.1765625 0.48125 0.0375 0.06875
1 0.33984375 0.22109375 0.01796875 0.03671875
1 0.3625 0.21875 0.01796875 0.0296875
1 0.3671875 0.2609375 0.02265625 0.0421875
1 0.390625 0.26640625 0.02265625 0.0453125
1 0.41171875 0.2 0.01875 0.03359375
1 0.4734375 0.24609375 0.02421875 0.040625
1 0.45859375 0.21171875 0.01875 0.03515625
1 0.4453125 0.165625 0.015625 0.0296875
1 0.4578125 0.16328125 0.01484375 0.03125
1 0.46640625 0.13828125 0.01328125 0.02265625
1 0.49375 0.19609375 0.0203125 0.0421875
1 0.509375 0.1390625 0.0140625 0.028125
1 0.5296875 0.12265625 0.01484375 0.025
1 0.5265625 0.15859375 0.0140625 0.03515625
1 0.55859375 0.159375 0.015625 0.03125
1 0.56328125 0.1328125 0.015625 0.0296875
1 0.55234375 0.128125 0.01484375 0.03359375
1 0.57578125 0.1203125 0.015625 0.0296875
1 0.59375 0.12421875 0.01328125 0.025
1 0.60078125 0.1078125 0.009375 0.01796875
1 0.625 0.14296875 0.01484375 0.03515625
1 0.66484375 0.121875 0.0140625 0.03203125
1 0.59296875 0.1578125 0.02109375 0.03359375
1 0.5671875 0.240625 0.02421875 0.05078125
1 0.61953125 0.25390625 0.02265625 0.04921875
1 0.61796875 0.20859375 0.02109375 0.0453125
1 0.6640625 0.2265625 0.0203125 0.0453125
1 0.66875 0.2765625 0.025 0.0578125
1 0.70625 0.1703125 0.0203125 0.0421875
1 0.7296875 0.2296875 0.0234375 0.05078125
1 0.7421875 0.1734375 0.02109375 0.05078125
1 0.73125 0.15234375 0.01796875 0.03125
1 0.77265625 0.165625 0.01796875 0.040625
1 0.78984375 0.2109375 0.01953125 0.04921875
1 0.8140625 0.171875 0.021875 0.0390625
1 0.83671875 0.21171875 0.0234375 0.04921875
1 0.85234375 0.18359375 0.01953125 0.040625
1 0.8640625 0.1625 0.01875 0.03203125
1 0.90625 0.18203125 0.015625 0.04375
1 0.884375 0.225 0.0203125 0.04921875
1 0.93046875 0.24375 0.02109375 0.05390625
1 0.91796875 0.3421875 0.02421875 0.06484375
1 0.92109375 0.29140625 0.01953125 0.0453125
1 0.85 0.30703125 0.0265625 0.0703125
1 0.81484375 0.38359375 0.03671875 0.0828125
1 0.80078125 0.2875 0.02578125 0.06171875
1 0.8890625 0.39921875 0.040625 0.0828125