1 0.13046875 0.33359375 0.03671875 0.06953125
1 0.14765625 0.37421875 0.03671875 0.06171875
1 0.21796875 0.35859375 0.03515625 0.05859375
1 0.29453125 0.40234375 0.040625 0.07265625
1 0.32421875 0.36875 0.0328125 0.0671875
1 0.359375 0.42734375 0.0515625 0.0890625
1 0.36953125 0.34921875 0.02734375 0.04453125
1 0.3953125 0.3703125 0.03515625 0.0640625
1 0.42421875 0.3671875 0.0390625 0.06953125
1 0.51015625 0.41796875 0.06640625 0.09765625
1 0.54765625 0.38125 0.04609375 0.08125
1 0.4953125 0.36484375 0.03671875 0.0640625
1 0.62421875 0.43984375 0.08125 0.1203125
1 0.61328125 0.35078125 0.0328125 0.0421875
1 0.80625 0.5296875 0.09921875 0.16484375
1 0.903125 0.5296875 0.0828125 0.1421875
1 0.921875 0.41171875 0.05 0.08671875
1 0.98046875 0.41328125 0.0390625 0.08359375
1 0.946875 0.33828125 0.02578125 0.04453125
1 0.95546875 0.2734375 0.02578125 0.04453125
1 0.86796875 0.396875 0.0390625 0.078125
1 0.83828125 0.3296875 0.0296875 0.05
1 0.81953125 0.35078125 0.02578125 0.04765625
1 0.7765625 0.39765625 0.04609375 0.07578125
1 0.75390625 0.35625 0.0203125 0.0421875
1 0.75390625 0.32578125 0.0203125 0.0421875
1 0.73203125 0.35859375 0.03125 0.053125
1 0.67109375 0.39375 0.03515625 0.0671875
1 0.64921875 0.34765625 0.02421875 0.0359375
1 0.6078125 0.31953125 0.021875 0.03046875
1 0.6796875 0.34765625 0.0296875 0.04765625
1 0.70546875 0.3453125 0.021875 0.0421875