1 0.16015625 0.34140625 0.075 0.103125
1 0.0484375 0.453125 0.0375 0.046875
1 0.24375 0.51328125 0.04765625 0.0796875
1 0.29609375 0.5546875 0.0671875 0.096875
1 0.2484375 0.4453125 0.0375 0.05
1 0.2703125 0.4734375 0.0296875 0.03984375
1 0.28515625 0.421875 0.0296875 0.04296875
1 0.3640625 0.44296875 0.04765625 0.08671875
1 0.4 0.43984375 0.0296875 0.053125
1 0.4015625 0.4046875 0.02734375 0.03671875
1 0.45390625 0.40859375 0.0328125 0.05
1 0.4328125 0.4953125 0.03984375 0.06328125
1 0.4890625 0.5046875 0.0421875 0.0703125
1 0.55 0.44140625 0.03515625 0.05703125
1 0.50859375 0.4203125 0.02734375 0.046875
1 0.525 0.40703125 0.0203125 0.03984375
1 0.4859375 0.38359375 0.02265625 0.03984375
1 0.55625 0.375 0.0171875 0.03671875
1 0.5734375 0.403125 0.0171875 0.03984375
1 0.6140625 0.3765625 0.02734375 0.046875
1 0.63984375 0.43515625 0.025 0.05
1 0.6125 0.46015625 0.03984375 0.06015625
1 0.66640625 0.403125 0.02734375 0.046875
1 0.7171875 0.4265625 0.0296875 0.046875
1 0.7265625 0.396875 0.02265625 0.03984375
1 0.70859375 0.3734375 0.02734375 0.046875
1 0.7796875 0.3984375 0.0453125 0.0703125
1 0.8375 0.38984375 0.03984375 0.06640625
1 0.7703125 0.50859375 0.06484375 0.08984375
1 0.77109375 0.63984375 0.10234375 0.16640625
1 0.55625 0.61328125 0.0828125 0.1265625
1 0.9546875 0.61484375 0.08984375 0.23671875
1 0.92265625 0.5234375 0.06015625 0.11328125
1 0.88515625 0.4765625 0.0546875 0.08671875
1 0.9359375 0.44140625 0.0421875 0.0703125
1 0.9125 0.375 0.03515625 0.0703125