1 0.05625 0.28125 0.01640625 0.03515625
1 0.265625 0.225 0.01796875 0.04140625
1 0.3734375 0.246875 0.0234375 0.04921875
1 0.3359375 0.2484375 0.01953125 0.04140625
1 0.3703125 0.18828125 0.015625 0.03515625
1 0.3875 0.16484375 0.01328125 0.03125
1 0.3953125 0.1921875 0.01875 0.0390625
1 0.4046875 0.1578125 0.01640625 0.0296875
1 0.4171875 0.209375 0.015625 0.03359375
1 0.4328125 0.2375 0.03203125 0.0625
1 0.46875 0.2015625 0.02109375 0.0453125
1 0.49375 0.20546875 0.02109375 0.0453125
1 0.43359375 0.1671875 0.015625 0.03515625
1 0.440625 0.13671875 0.01328125 0.02578125
1 0.4609375 0.1375 0.0125 0.02734375
1 0.4703125 0.153125 0.01328125 0.03125
1 0.47734375 0.1703125 0.01640625 0.0296875
1 0.51796875 0.17890625 0.015625 0.0390625
1 0.484375 0.13359375 0.015625 0.02734375
1 0.4984375 0.11875 0.0125 0.03359375
1 0.509375 0.13125 0.0140625 0.03515625
1 0.52421875 0.11953125 0.01328125 0.0234375
1 0.52890625 0.13046875 0.0109375 0.02578125
1 0.5390625 0.13671875 0.0125 0.0296875
1 0.528125 0.1578125 0.0140625 0.02578125
1 0.5546875 0.1765625 0.01875 0.03515625
1 0.58125 0.16328125 0.01640625 0.04296875
1 0.571875 0.1265625 0.01328125 0.03359375
1 0.57578125 0.11171875 0.0125 0.02734375
1 0.6015625 0.1015625 0.01015625 0.02578125
1 0.6015625 0.125 0.0109375 0.0296875
1 0.61328125 0.12578125 0.0140625 0.03515625
1 0.62734375 0.109375 0.0109375 0.0296875
1 0.63828125 0.1109375 0.01328125 0.02578125
1 0.63515625 0.140625 0.015625 0.03359375
1 0.65234375 0.1015625 0.01328125 0.03359375
1 0.665625 0.11015625 0.0125 0.03515625
1 0.6796875 0.10390625 0.01015625 0.03125
1 0.69375 0.1140625 0.01328125 0.03515625
1 0.57890625 0.24375 0.0265625 0.05859375
1 0.6171875 0.24296875 0.0265625 0.05703125
1 0.634375 0.19140625 0.0234375 0.0453125
1 0.66015625 0.18203125 0.02109375 0.0453125
1 0.66171875 0.22265625 0.0234375 0.0453125
1 0.6734375 0.26015625 0.0234375 0.05703125
1 0.72109375 0.2375 0.01953125 0.05078125
1 0.73984375 0.25859375 0.0234375 0.0609375
1 0.7609375 0.24140625 0.021875 0.046875
1 0.7921875 0.28203125 0.02890625 0.06484375
1 0.8375 0.31015625 0.0265625 0.0625
1 0.89609375 0.32421875 0.02890625 0.07109375
1 0.93125 0.271875 0.0234375 0.053125
1 0.92109375 0.23046875 0.01875 0.04921875
1 0.8875 0.2203125 0.015625 0.0390625
1 0.86171875 0.2546875 0.02421875 0.053125
1 0.83984375 0.21640625 0.01796875 0.04296875
1 0.78359375 0.20625 0.01640625 0.03515625
1 0.746875 0.2015625 0.015625 0.0375
1 0.70234375 0.171875 0.015625 0.03359375
1 0.73515625 0.17890625 0.0140625 0.03515625
1 0.75703125 0.16015625 0.01640625 0.0375
1 0.7296875 0.134375 0.0125 0.0296875
1 0.74140625 0.13046875 0.0125 0.0296875
1 0.75078125 0.1296875 0.0109375 0.02734375
1 0.7703125 0.13984375 0.0125 0.02734375
1 0.790625 0.1296875 0.0109375 0.02734375
1 0.796875 0.153125 0.01640625 0.03125
1 0.8109375 0.13671875 0.015625 0.03359375
1 0.82265625 0.1265625 0.01328125 0.03359375
1 0.8453125 0.15 0.01796875 0.04140625
1 0.8609375 0.178125 0.01640625 0.03359375
1 0.8359375 0.171875 0.01328125 0.03359375
1 0.87578125 0.15390625 0.015625 0.0375
1 0.903125 0.1765625 0.0140625 0.03125
1 0.91328125 0.1515625 0.0125 0.03125
1 0.9296875 0.184375 0.0140625 0.03125
1 0.940625 0.2046875 0.01796875 0.03515625
1 0.940625 0.17109375 0.01328125 0.02734375