1 0.2296875 0.33671875 0.0171875 0.034375
1 0.14609375 0.53984375 0.0390625 0.08203125
1 0.259375 0.36015625 0.0203125 0.04609375
1 0.29609375 0.36171875 0.0203125 0.04140625
1 0.28984375 0.29453125 0.01796875 0.0375
1 0.3171875 0.38046875 0.021875 0.03984375
1 0.34609375 0.33671875 0.0234375 0.04296875
1 0.35 0.296875 0.02109375 0.03046875
1 0.37890625 0.334375 0.02109375 0.0390625
1 0.40546875 0.32890625 0.021875 0.0390625
1 0.40390625 0.30078125 0.0171875 0.03359375
1 0.3890625 0.26328125 0.0171875 0.03359375
1 0.41640625 0.27734375 0.0203125 0.03359375
1 0.4328125 0.309375 0.01875 0.0390625
1 0.465625 0.31796875 0.02265625 0.034375
1 0.459375 0.271875 0.01875 0.03359375
1 0.45625 0.24375 0.01796875 0.03203125
1 0.42578125 0.25546875 0.01640625 0.03046875
1 0.46484375 0.234375 0.01328125 0.025
1 0.5015625 0.2625 0.01640625 0.02890625
1 0.51796875 0.27265625 0.015625 0.03203125
1 0.51484375 0.253125 0.01484375 0.0265625
1 0.54609375 0.24453125 0.01484375 0.0265625
1 0.55078125 0.2890625 0.0203125 0.0375
1 0.4984375 0.3328125 0.02109375 0.0359375
1 0.471875 0.39453125 0.03046875 0.06484375
1 0.44296875 0.35703125 0.02265625 0.0375
1 0.5703125 0.246875 0.01484375 0.028125
1 0.56171875 0.2171875 0.009375 0.0234375
1 0.5703125 0.21875 0.0109375 0.02109375
1 0.59375 0.25 0.0171875 0.03359375
1 0.5984375 0.22421875 0.01328125 0.0234375
1 0.60546875 0.19921875 0.015625 0.02890625
1 0.61953125 0.21796875 0.01015625 0.03046875
1 0.634375 0.22109375 0.01484375 0.03203125
1 0.6375 0.25234375 0.015625 0.03046875
1 0.65625 0.21796875 0.01328125 0.03046875
1 0.671875 0.228125 0.01640625 0.0265625
1 0.69609375 0.2234375 0.01953125 0.028125
1 0.69765625 0.25703125 0.01171875 0.0265625
1 0.6640625 0.27890625 0.01640625 0.0359375
1 0.52734375 0.37578125 0.02890625 0.046875
1 0.53203125 0.42265625 0.0296875 0.05859375
1 0.58046875 0.45078125 0.03203125 0.0640625
1 0.5859375 0.4015625 0.03125 0.059375
1 0.5921875 0.33671875 0.02578125 0.046875
1 0.6375 0.3546875 0.02265625 0.0484375
1 0.62421875 0.3 0.02265625 0.04609375
1 0.659375 0.36484375 0.02734375 0.046875
1 0.68046875 0.36328125 0.02578125 0.04453125
1 0.675 0.315625 0.02265625 0.04609375
1 0.7046875 0.29453125 0.0234375 0.03984375
1 0.72578125 0.25 0.01875 0.03984375
1 0.740625 0.25625 0.01640625 0.03359375
1 0.74140625 0.23125 0.0171875 0.028125
1 0.75625 0.259375 0.0171875 0.03046875
1 0.76484375 0.2796875 0.01796875 0.03984375
1 0.77421875 0.23828125 0.0171875 0.03359375
1 0.8015625 0.24296875 0.021875 0.028125
1 0.8046875 0.2765625 0.0171875 0.034375
1 0.81171875 0.29765625 0.01796875 0.03203125
1 0.81875 0.33125 0.01875 0.046875
1 0.803125 0.3609375 0.02421875 0.04296875
1 0.7671875 0.43046875 0.028125 0.05703125
1 0.7140625 0.4046875 0.02734375 0.05234375
1 0.6890625 0.53984375 0.04453125 0.08203125
1 0.63046875 0.47578125 0.0390625 0.06953125
1 0.80546875 0.51015625 0.03515625 0.075
1 0.840625 0.440625 0.0265625 0.05703125
1 0.8484375 0.35390625 0.01875 0.046875
1 0.8625 0.34296875 0.01953125 0.046875
1 0.871875 0.321875 0.01484375 0.03359375
1 0.83828125 0.27578125 0.015625 0.03359375
1 0.8296875 0.253125 0.01328125 0.02890625
1 0.84609375 0.2625 0.01328125 0.025
1 0.8703125 0.259375 0.01328125 0.025
1 0.8859375 0.2765625 0.01640625 0.03203125
1 0.8859375 0.3453125 0.01640625 0.04453125
1 0.8984375 0.48671875 0.03046875 0.0609375
1 0.89921875 0.44140625 0.01875 0.04140625
1 0.921875 0.3609375 0.02109375 0.05390625
1 0.9078125 0.3046875 0.015625 0.034375
1 0.925 0.29921875 0.0171875 0.034375
1 0.92734375 0.27890625 0.0140625 0.028125