1 0.14296875 0.4703125 0.053125 0.10703125
1 0.17578125 0.425 0.0359375 0.075
1 0.2484375 0.446875 0.05234375 0.0984375
1 0.26640625 0.41796875 0.034375 0.0734375
1 0.34296875 0.48203125 0.05546875 0.12265625
1 0.38515625 0.4828125 0.03203125 0.0734375
1 0.35625 0.40546875 0.03203125 0.059375
1 0.4328125 0.4140625 0.03671875 0.07734375
1 0.45859375 0.4890625 0.04453125 0.11640625
1 0.4765625 0.4625 0.03125 0.07890625
1 0.5078125 0.42421875 0.0265625 0.0609375
1 0.5375 0.46875 0.02890625 0.06328125
1 0.57265625 0.45625 0.04765625 0.11484375
1 0.59921875 0.475 0.02578125 0.053125
1 0.6109375 0.421875 0.02578125 0.0609375
1 0.65859375 0.4703125 0.05234375 0.103125
1 0.765625 0.4546875 0.04921875 0.11484375
1 0.8203125 0.32734375 0.034375 0.06953125
1 0.7515625 0.334375 0.02578125 0.059375
1 0.71015625 0.33984375 0.0265625 0.06328125
1 0.66640625 0.33828125 0.02890625 0.07109375
1 0.63125 0.3296875 0.02421875 0.059375
1 0.60234375 0.334375 0.02890625 0.06328125
1 0.5453125 0.3015625 0.0265625 0.05703125
1 0.49140625 0.2953125 0.03125 0.07734375
1 0.446875 0.31484375 0.03125 0.0609375
1 0.39296875 0.309375 0.03203125 0.06484375
1 0.3140625 0.30625 0.034375 0.0671875
1 0.24296875 0.2734375 0.034375 0.06484375
1 0.15078125 0.29375 0.05 0.0890625
1 0.0953125 0.17109375 0.0375 0.08515625
1 0.1828125 0.1578125 0.0390625 0.07109375
1 0.24609375 0.17421875 0.034375 0.07109375
1 0.31640625 0.16328125 0.034375 0.08125
1 0.38359375 0.2046875 0.02578125 0.06953125
1 0.446875 0.20859375 0.034375 0.06953125
1 0.4984375 0.20546875 0.03203125 0.06328125
1 0.54296875 0.2265625 0.028125 0.06484375
1 0.5796875 0.225 0.0265625 0.06328125
1 0.63828125 0.20546875 0.0296875 0.06328125
1 0.67578125 0.215625 0.02890625 0.059375
1 0.7203125 0.21640625 0.02890625 0.06484375
1 0.79921875 0.209375 0.03203125 0.059375