1 0.08984375 0.3140625 0.0234375 0.04296875
1 0.1546875 0.38515625 0.04375 0.08046875
1 0.26328125 0.26484375 0.0171875 0.03046875
1 0.27890625 0.26484375 0.0171875 0.0375
1 0.3515625 0.2515625 0.0203125 0.04140625
1 0.39140625 0.26640625 0.0203125 0.04140625
1 0.37109375 0.19609375 0.015625 0.0328125
1 0.3984375 0.22734375 0.0171875 0.034375
1 0.39921875 0.19296875 0.0109375 0.02734375
1 0.409375 0.203125 0.0125 0.02421875
1 0.409375 0.17890625 0.0125 0.02578125
1 0.43828125 0.228125 0.01875 0.0390625
1 0.4375 0.20546875 0.01875 0.034375
1 0.4515625 0.15546875 0.015625 0.02734375
1 0.47109375 0.16875 0.01640625 0.0390625
1 0.49296875 0.19765625 0.0171875 0.0359375
1 0.48359375 0.18359375 0.01484375 0.02890625
1 0.50390625 0.1578125 0.0125 0.02578125
1 0.5234375 0.16875 0.01640625 0.02890625
1 0.52734375 0.196875 0.01875 0.04140625
1 0.5203125 0.13515625 0.01328125 0.02734375
1 0.5328125 0.13984375 0.015625 0.034375
1 0.55 0.16875 0.0171875 0.0328125
1 0.5671875 0.1390625 0.01484375 0.02890625
1 0.56015625 0.11171875 0.0125 0.02890625
1 0.553125 0.0796875 0.015625 0.021875
1 0.59453125 0.07421875 0.0109375 0.021875
1 0.5859375 0.165625 0.01640625 0.034375
1 0.584375 0.1421875 0.01328125 0.02421875
1 0.58984375 0.1234375 0.0109375 0.0203125
1 0.59921875 0.1109375 0.0109375 0.02421875
1 0.62109375 0.10546875 0.0109375 0.02578125
1 0.64765625 0.10546875 0.0109375 0.02578125
1 0.65 0.13359375 0.01328125 0.02734375
1 0.65625 0.12109375 0.0125 0.03046875
1 0.6671875 0.11015625 0.0109375 0.02578125
1 0.70546875 0.10625 0.01484375 0.02734375
1 0.615625 0.153125 0.0171875 0.0390625
1 0.50390625 0.30078125 0.02421875 0.06171875
1 0.51796875 0.328125 0.025 0.0546875
1 0.559375 0.26484375 0.025 0.04765625
1 0.60859375 0.21796875 0.0203125 0.0390625
1 0.61015625 0.27109375 0.02265625 0.053125
1 0.621875 0.29609375 0.028125 0.0515625
1 0.67578125 0.315625 0.0359375 0.0703125
1 0.6609375 0.21953125 0.0203125 0.04296875
1 0.69296875 0.18828125 0.02109375 0.04140625
1 0.75390625 0.334375 0.0359375 0.0765625
1 0.796875 0.4109375 0.03984375 0.08046875
1 0.74921875 0.23125 0.02109375 0.04921875
1 0.7484375 0.18515625 0.0203125 0.04609375
1 0.78125 0.1984375 0.02109375 0.04140625
1 0.78359375 0.16171875 0.01875 0.0359375
1 0.80546875 0.13515625 0.015625 0.0375
1 0.825 0.14765625 0.015625 0.0328125
1 0.834375 0.13984375 0.015625 0.03046875
1 0.84765625 0.1390625 0.01484375 0.0390625
1 0.86953125 0.1359375 0.015625 0.0328125
1 0.86015625 0.1578125 0.01640625 0.0359375
1 0.871875 0.19765625 0.01875 0.0390625
1 0.8859375 0.190625 0.01953125 0.04609375
1 0.82890625 0.20625 0.02421875 0.04609375
1 0.7984375 0.290625 0.02421875 0.0546875
1 0.76953125 0.28125 0.02421875 0.05625
1 0.8328125 0.31796875 0.028125 0.06171875
1 0.8109375 0.26875 0.02421875 0.04765625
1 0.9203125 0.42734375 0.0390625 0.07890625
1 0.9046875 0.32109375 0.03203125 0.06875
1 0.86953125 0.27109375 0.0203125 0.04296875
1 0.92265625 0.28046875 0.0203125 0.04765625
1 0.928125 0.24375 0.02265625 0.0390625
1 0.928125 0.2 0.02109375 0.04453125
1 0.93046875 0.1625 0.0171875 0.034375
1 0.90546875 0.14921875 0.01328125 0.02578125
1 0.9609375 0.1234375 0.01171875 0.03046875