1 0.8296875 0.765625 0.0765625 0.11328125
1 0.94140625 0.73359375 0.0640625 0.08515625
1 0.9796875 0.68203125 0.0375 0.0609375
1 0.9859375 0.6296875 0.028125 0.05546875
1 0.8109375 0.59609375 0.028125 0.040625
1 0.83203125 0.58046875 0.025 0.04609375
1 0.75078125 0.61328125 0.0375 0.0515625
1 0.7203125 0.590625 0.0265625 0.040625
1 0.74609375 0.575 0.021875 0.03515625
1 0.69765625 0.6390625 0.0375 0.059375
1 0.64765625 0.61875 0.0375 0.0484375
1 0.65078125 0.559375 0.02109375 0.03359375
1 0.61328125 0.62890625 0.034375 0.05390625
1 0.59375 0.66640625 0.040625 0.06328125
1 0.5421875 0.725 0.05703125 0.07578125
1 0.49296875 0.66015625 0.046875 0.06484375
1 0.353125 0.68125 0.059375 0.07421875
1 0.340625 0.61640625 0.0390625 0.05546875
1 0.378125 0.58671875 0.0265625 0.0515625
1 0.4265625 0.609375 0.0359375 0.04453125
1 0.46953125 0.57578125 0.028125 0.040625
1 0.52421875 0.58359375 0.03203125 0.040625
1 0.515625 0.55859375 0.0234375 0.0390625
1 0.484375 0.546875 0.01796875 0.028125
1 0.459375 0.55078125 0.025 0.03515625
1 0.4359375 0.56171875 0.01953125 0.0203125
1 0.396875 0.56171875 0.01953125 0.02421875
1 0.35625 0.559375 0.0234375 0.03359375
1 0.29609375 0.56328125 0.025 0.040625
1 0.26640625 0.61015625 0.0359375 0.05
1 0.26484375 0.571875 0.0234375 0.03359375
1 0.209375 0.64375 0.05 0.0609375
1 0.20859375 0.5765625 0.028125 0.0390625
1 0.15078125 0.59140625 0.03203125 0.0390625
1 0.1125 0.63984375 0.046875 0.05390625
1 0.11171875 0.58359375 0.03203125 0.040625
1 0.0453125 0.60546875 0.040625 0.04453125