1 0.7015625 0.1640625 0.0125 0.02109375
1 0.51484375 0.66953125 0.08359375 0.15703125
1 0.1390625 0.915625 0.1375 0.16875
1 0.2109375 0.54140625 0.07421875 0.1265625
1 0.0390625 0.4609375 0.0625 0.08671875
1 0.01796875 0.40546875 0.03359375 0.065625
1 0.021875 0.33671875 0.0359375 0.046875
1 0.01171875 0.365625 0.02265625 0.046875
1 0.07421875 0.3421875 0.0375 0.0484375
1 0.046875 0.30078125 0.021875 0.03203125
1 0.13515625 0.37890625 0.04296875 0.05859375
1 0.1265625 0.34609375 0.04140625 0.0546875
1 0.0890625 0.31015625 0.02890625 0.0359375
1 0.121875 0.29453125 0.0296875 0.040625
1 0.184375 0.459375 0.07421875 0.0890625
1 0.17890625 0.40078125 0.04375 0.06484375
1 0.175 0.34921875 0.03203125 0.04375
1 0.17578125 0.32265625 0.0265625 0.03203125
1 0.15390625 0.32109375 0.02578125 0.03828125
1 0.16796875 0.290625 0.02578125 0.02890625
1 0.21171875 0.290625 0.02890625 0.040625
1 0.23203125 0.321875 0.02734375 0.046875
1 0.2421875 0.28984375 0.01953125 0.034375
1 0.26015625 0.36015625 0.0328125 0.05703125
1 0.2875 0.36171875 0.0328125 0.05078125
1 0.284375 0.4171875 0.04453125 0.065625
1 0.3390625 0.4484375 0.05234375 0.0765625
1 0.4203125 0.478125 0.05859375 0.0859375
1 0.3390625 0.58203125 0.08125 0.1359375
1 0.5265625 0.546875 0.0625 0.11015625
1 0.66796875 0.58359375 0.0578125 0.1078125
1 0.6390625 0.48671875 0.05078125 0.08359375
1 0.5453125 0.453125 0.0390625 0.0734375
1 0.7515625 0.53125 0.05703125 0.08828125
1 0.76171875 0.42265625 0.0328125 0.06328125
1 0.8265625 0.47734375 0.03984375 0.0640625
1 0.80390625 0.41640625 0.028125 0.0546875
1 0.85859375 0.45546875 0.03125 0.05625
1 0.890625 0.43203125 0.03359375 0.0546875
1 0.92265625 0.4125 0.028125 0.0484375
1 0.890625 0.3828125 0.02421875 0.04140625
1 0.94140625 0.3921875 0.028125 0.04140625
1 0.95859375 0.38203125 0.021875 0.0375
1 0.99140625 0.34375 0.0140625 0.0375
1 0.97734375 0.375 0.01875 0.0296875
1 0.9234375 0.30390625 0.01953125 0.03203125
1 0.884375 0.3390625 0.021875 0.03984375
1 0.8671875 0.30546875 0.01953125 0.03203125
1 0.85390625 0.31640625 0.01640625 0.0296875
1 0.8359375 0.290625 0.01640625 0.0234375
1 0.8375 0.33203125 0.01796875 0.03515625
1 0.82109375 0.33828125 0.0171875 0.03203125
1 0.85546875 0.36328125 0.0203125 0.0359375
1 0.840625 0.390625 0.0296875 0.04140625
1 0.79296875 0.34609375 0.0203125 0.03828125
1 0.7765625 0.353125 0.02265625 0.0296875
1 0.77109375 0.33046875 0.01796875 0.0296875
1 0.7875 0.28671875 0.01484375 0.02421875
1 0.75546875 0.37890625 0.02890625 0.04609375
1 0.73984375 0.35546875 0.0203125 0.04140625
1 0.73515625 0.32421875 0.0140625 0.034375
1 0.73359375 0.30625 0.0203125 0.0265625
1 0.7171875 0.27734375 0.01796875 0.02421875
1 0.696875 0.346875 0.02578125 0.03671875
1 0.7140625 0.40078125 0.03203125 0.04921875
1 0.67109375 0.4125 0.0359375 0.05703125
1 0.653125 0.37421875 0.02109375 0.04140625
1 0.640625 0.3546875 0.01953125 0.02734375
1 0.6609375 0.3390625 0.02109375 0.03359375
1 0.68046875 0.2953125 0.01484375 0.03203125
1 0.6859375 0.271875 0.01328125 0.0203125
1 0.7015625 0.28046875 0.01484375 0.02578125
1 0.6625 0.26015625 0.0171875 0.0234375
1 0.64296875 0.29453125 0.015625 0.025
1 0.634375 0.27890625 0.0140625 0.021875
1 0.6140625 0.321875 0.015625 0.03046875
1 0.61171875 0.29140625 0.01484375 0.025
1 0.603125 0.2609375 0.015625 0.025
1 0.5875 0.3453125 0.0203125 0.03671875
1 0.58984375 0.32734375 0.01875 0.02578125
1 0.578125 0.29765625 0.0171875 0.0234375
1 0.5703125 0.2703125 0.01328125 0.02578125
1 0.5484375 0.2671875 0.0140625 0.0265625
1 0.5265625 0.2921875 0.01640625 0.02421875
1 0.54375 0.30625 0.01328125 0.025
1 0.51640625 0.3109375 0.02265625 0.02578125
1 0.52734375 0.365625 0.0296875 0.040625
1 0.525 0.39609375 0.0296875 0.05234375
1 0.4515625 0.3875 0.040625 0.06171875
1 0.63046875 0.4265625 0.0390625 0.059375
1 0.378125 0.38671875 0.0375 0.06953125
1 0.41796875 0.35546875 0.03125 0.0515625
1 0.43359375 0.3484375 0.01953125 0.04765625
1 0.45234375 0.32109375 0.0171875 0.0296875
1 0.4640625 0.3125 0.0234375 0.03671875
1 0.4875 0.29375 0.015625 0.0234375
1 0.47890625 0.2796875 0.01640625 0.025
1 0.4625 0.2765625 0.01640625 0.02578125
1 0.4484375 0.28515625 0.0140625 0.025
1 0.4375 0.3078125 0.01796875 0.0328125
1 0.425 0.290625 0.015625 0.0296875
1 0.4078125 0.2921875 0.01796875 0.0265625
1 0.39296875 0.30390625 0.01875 0.02890625
1 0.39140625 0.2796875 0.0140625 0.025
1 0.334375 0.325 0.02734375 0.046875
1 0.36875 0.31875 0.021875 0.03828125
1 0.36875 0.28515625 0.02578125 0.03671875
1 0.3 0.30390625 0.0296875 0.040625
1 0.2859375 0.29140625 0.021875 0.0296875
1 0.2734375 0.3078125 0.028125 0.0375
1 0.34140625 0.296875 0.02265625 0.0359375