1 0.078125 0.58359375 0.08359375 0.153125
1 0.03671875 0.50234375 0.0640625 0.09296875
1 0.05390625 0.41328125 0.03515625 0.07109375
1 0.0375 0.3578125 0.03984375 0.0625
1 0.11015625 0.4296875 0.04765625 0.1
1 0.1171875 0.37109375 0.0359375 0.07109375
1 0.1609375 0.36328125 0.03125 0.06015625
1 0.1703125 0.44140625 0.0609375 0.10859375
1 0.234375 0.41015625 0.0390625 0.08203125
1 0.28671875 0.3734375 0.03359375 0.0578125
1 0.3125 0.44140625 0.0546875 0.09140625
1 0.28671875 0.54921875 0.07109375 0.13359375
1 0.2609375 0.69765625 0.12890625 0.221875
1 0.4796875 0.59140625 0.0953125 0.18671875
1 0.4109375 0.484375 0.05859375 0.1203125
1 0.4015625 0.3875 0.02734375 0.078125
1 0.36875 0.3609375 0.02734375 0.05546875
1 0.4328125 0.384375 0.03125 0.0578125
1 0.47109375 0.39921875 0.0328125 0.0734375
1 0.4671875 0.34140625 0.02734375 0.05546875
1 0.534375 0.42109375 0.0359375 0.0734375
1 0.5421875 0.38359375 0.0296875 0.046875
1 0.53671875 0.34296875 0.0265625 0.0421875
1 0.5515625 0.33359375 0.0203125 0.04453125
1 0.57265625 0.3375 0.0203125 0.053125
1 0.6359375 0.53984375 0.07890625 0.1421875
1 0.61796875 0.39921875 0.0390625 0.078125
1 0.6140625 0.35703125 0.025 0.046875
1 0.65546875 0.3609375 0.02890625 0.06015625
1 0.6890625 0.4296875 0.05234375 0.1
1 0.6953125 0.36875 0.0328125 0.04921875
1 0.73515625 0.3890625 0.0328125 0.07578125
1 0.7640625 0.44140625 0.05 0.1046875
1 0.7578125 0.3546875 0.02734375 0.06875
1 0.9109375 0.41640625 0.0453125 0.08671875
1 0.8859375 0.3765625 0.0296875 0.0640625
1 0.97578125 0.48828125 0.0484375 0.1515625
1 0.9609375 0.44453125 0.05390625 0.1203125
1 0.93671875 0.3890625 0.03359375 0.0796875
1 0.97734375 0.37890625 0.03515625 0.078125