1 0.0296875 0.6984375 0.05234375 0.11953125
1 0.02265625 0.778125 0.0453125 0.1125
1 0.05703125 0.6109375 0.0890625 0.11953125
1 0.41875 0.91171875 0.1875 0.1765625
1 0.16796875 0.5765625 0.06328125 0.0953125
1 0.21796875 0.565625 0.0546875 0.09296875
1 0.18671875 0.51953125 0.05234375 0.05859375
1 0.2078125 0.49609375 0.0453125 0.05625
1 0.0984375 0.4671875 0.02578125 0.04140625
1 0.1125 0.4625 0.021875 0.04140625
1 0.12578125 0.45 0.01796875 0.0265625
1 0.1484375 0.37890625 0.01640625 0.03203125
1 0.17421875 0.3734375 0.021875 0.034375
1 0.5578125 0.36953125 0.0328125 0.05625
1 0.88515625 0.26484375 0.04375 0.0609375