1 0.21015625 0.35 0.04375 0.0828125
1 0.29375 0.21484375 0.015625 0.0359375
1 0.3140625 0.2203125 0.0203125 0.03828125
1 0.334375 0.22421875 0.01953125 0.03828125
1 0.3390625 0.1828125 0.01640625 0.034375
1 0.35234375 0.1953125 0.01875 0.0359375
1 0.36328125 0.2484375 0.02265625 0.04453125
1 0.3890625 0.23671875 0.0203125 0.046875
1 0.37890625 0.18515625 0.01640625 0.0328125
1 0.40859375 0.1859375 0.0203125 0.04453125
1 0.434375 0.22265625 0.02109375 0.04140625
1 0.45078125 0.1890625 0.0171875 0.0328125
1 0.453125 0.15703125 0.015625 0.03125
1 0.428125 0.13671875 0.0125 0.0328125
1 0.47578125 0.19765625 0.01875 0.03984375
1 0.50234375 0.209375 0.0234375 0.04296875
1 0.4953125 0.16953125 0.01953125 0.0359375
1 0.48671875 0.13828125 0.015625 0.03125
1 0.46953125 0.13046875 0.0171875 0.0296875
1 0.50703125 0.134375 0.01328125 0.02734375
1 0.51015625 0.11015625 0.015625 0.03125
1 0.4921875 0.12265625 0.01484375 0.02421875
1 0.52578125 0.13046875 0.01328125 0.02578125
1 0.52890625 0.115625 0.009375 0.0203125
1 0.55 0.109375 0.01328125 0.0328125
1 0.5234375 0.1578125 0.01484375 0.0296875
1 0.53046875 0.17265625 0.01875 0.034375
1 0.5609375 0.1703125 0.01484375 0.034375
1 0.553125 0.15703125 0.0171875 0.03125
1 0.5671875 0.1421875 0.01328125 0.02578125
1 0.5703125 0.11484375 0.01484375 0.0328125
1 0.57890625 0.115625 0.01484375 0.03125
1 0.5921875 0.13671875 0.0171875 0.0328125
1 0.5875 0.16796875 0.01875 0.0359375
1 0.6109375 0.11328125 0.0125 0.02578125
1 0.61875 0.1 0.0125 0.02734375
1 0.625 0.11484375 0.01484375 0.0296875
1 0.625 0.13671875 0.01328125 0.0328125
1 0.65625 0.14296875 0.01328125 0.03828125
1 0.63671875 0.09921875 0.01640625 0.0328125
1 0.65859375 0.0921875 0.01171875 0.0296875
1 0.6640625 0.11328125 0.01484375 0.0296875
1 0.6828125 0.09453125 0.01328125 0.02734375
1 0.68984375 0.1109375 0.01484375 0.02578125
1 0.71796875 0.0984375 0.01484375 0.03125
1 0.5015625 0.2765625 0.03125 0.0640625
1 0.5625 0.29375 0.028125 0.0640625
1 0.5703125 0.23828125 0.03046875 0.05546875
1 0.61796875 0.2328125 0.02109375 0.0515625
1 0.62578125 0.2046875 0.01953125 0.03984375
1 0.60625 0.32265625 0.028125 0.07578125
1 0.6765625 0.2484375 0.03125 0.065625
1 0.6765625 0.190625 0.01953125 0.03984375
1 0.70078125 0.153125 0.01875 0.034375
1 0.71796875 0.175 0.02109375 0.053125
1 0.7421875 0.15703125 0.01953125 0.03828125
1 0.75078125 0.128125 0.01640625 0.0328125
1 0.7234375 0.2140625 0.02265625 0.0484375
1 0.71640625 0.265625 0.02421875 0.0484375
1 0.690625 0.321875 0.028125 0.0671875
1 0.75078125 0.1828125 0.01875 0.04453125
1 0.76171875 0.1484375 0.0171875 0.034375
1 0.7796875 0.12734375 0.01484375 0.034375
1 0.79921875 0.1453125 0.01640625 0.0359375
1 0.79609375 0.20859375 0.01953125 0.04453125
1 0.77578125 0.2390625 0.02109375 0.053125
1 0.78984375 0.2828125 0.02421875 0.05546875
1 0.8203125 0.240625 0.02421875 0.06015625
1 0.75234375 0.36015625 0.03125 0.065625
1 0.8203125 0.3921875 0.03125 0.07421875
1 0.8453125 0.34765625 0.02890625 0.0703125
1 0.871875 0.25703125 0.0203125 0.04453125
1 0.8875 0.21875 0.02109375 0.04453125
1 0.91875 0.33203125 0.025 0.06015625
1 0.925 0.27734375 0.0203125 0.0484375
1 0.9515625 0.21640625 0.01875 0.0359375
1 0.88515625 0.4296875 0.03203125 0.0828125