1 0.40078125 0.28125 0.1640625 0.31328125
1 0.58203125 0.171875 0.040625 0.08515625
1 0.11875 0.1484375 0.04453125 0.0703125
1 0.078125 0.10078125 0.0390625 0.06015625
1 0.0484375 0.09453125 0.03125 0.053125
1 0.16875 0.08671875 0.02109375 0.0390625
1 0.19375 0.11328125 0.02890625 0.0515625
1 0.21015625 0.08046875 0.0265625 0.04609375
1 0.2375 0.11640625 0.0390625 0.08125
1 0.2640625 0.09296875 0.02421875 0.0421875
1 0.25390625 0.06875 0.01875 0.0296875
1 0.2265625 0.0609375 0.0171875 0.028125
1 0.2953125 0.08984375 0.025 0.0484375
1 0.28125 0.06328125 0.0125 0.02734375
1 0.309375 0.07265625 0.01796875 0.03515625
1 0.3296875 0.065625 0.02265625 0.03984375
1 0.340625 0.10625 0.03046875 0.05546875
1 0.315625 0.1484375 0.03515625 0.065625
1 0.3671875 0.078125 0.01953125 0.03984375
1 0.3640625 0.05078125 0.01640625 0.0234375
1 0.38125 0.0703125 0.01640625 0.03671875
1 0.4140625 0.06875 0.02109375 0.034375
1 0.42734375 0.09453125 0.0234375 0.05078125
1 0.4296875 0.0609375 0.01328125 0.028125
1 0.4671875 0.0953125 0.02109375 0.0421875
1 0.4703125 0.0640625 0.015625 0.0296875
1 0.4625 0.05625 0.01171875 0.0234375
1 0.50078125 0.07421875 0.0234375 0.03984375
1 0.4953125 0.05546875 0.01875 0.03046875
1 0.5484375 0.128125 0.03046875 0.06484375
1 0.55 0.078125 0.0203125 0.0390625
1 0.5359375 0.07109375 0.01640625 0.0390625
1 0.4125 0.11953125 0.03671875 0.0484375
1 0.58984375 0.07265625 0.01875 0.0375
1 0.58515625 0.053125 0.0171875 0.028125
1 0.609375 0.109375 0.025 0.04921875
1 0.628125 0.10625 0.02265625 0.0515625
1 0.615625 0.06171875 0.01484375 0.03203125
1 0.6328125 0.04296875 0.01484375 0.02734375
1 0.6484375 0.075 0.0203125 0.03984375
1 0.6734375 0.10625 0.03203125 0.05859375
1 0.6703125 0.0703125 0.02109375 0.0328125
1 0.6984375 0.0890625 0.028125 0.053125
1 0.7109375 0.08125 0.01640625 0.0421875
1 0.70703125 0.05703125 0.01875 0.0296875
1 0.7234375 0.07265625 0.01796875 0.0421875
1 0.7484375 0.0609375 0.01796875 0.034375
1 0.7609375 0.04609375 0.0109375 0.0234375
1 0.8421875 0.10859375 0.03046875 0.065625
1 0.85625 0.20078125 0.06328125 0.0953125
1 0.9265625 0.12109375 0.028125 0.06015625
1 0.965625 0.14375 0.0390625 0.078125
1 0.97421875 0.18671875 0.0515625 0.090625
1 0.91328125 0.10546875 0.0328125 0.0625
1 0.9 0.07265625 0.02265625 0.03515625
1 0.8875 0.0671875 0.01875 0.04453125
1 0.840625 0.075 0.02890625 0.034375
1 0.828125 0.065625 0.01640625 0.028125
1 0.82578125 0.05625 0.015625 0.02734375