1 0.1 0.34296875 0.1 0.1640625
1 0.17109375 0.284375 0.05 0.09375
1 0.21328125 0.26640625 0.03828125 0.07734375
1 0.2875 0.3265625 0.06015625 0.103125
1 0.28515625 0.278125 0.04140625 0.06328125
1 0.31484375 0.27109375 0.03828125 0.07265625
1 0.41171875 0.30546875 0.06015625 0.0890625
1 0.4296875 0.26171875 0.04453125 0.06328125
1 0.50546875 0.325 0.075 0.12421875
1 0.5203125 0.25703125 0.03984375 0.06796875
1 0.55 0.2734375 0.04296875 0.07734375
1 0.39296875 0.465625 0.14453125 0.21796875
1 0.6609375 0.3203125 0.0734375 0.11015625
1 0.696875 0.2890625 0.03828125 0.09375
1 0.6640625 0.2609375 0.03984375 0.065625
1 0.72734375 0.26171875 0.03984375 0.06796875
1 0.78828125 0.278125 0.0515625 0.09140625
1 0.7890625 0.22734375 0.03984375 0.05625
1 0.84375 0.25 0.04296875 0.07734375
1 0.9265625 0.36484375 0.08671875 0.12421875
1 0.8890625 0.29375 0.053125 0.0890625
1 0.903125 0.25390625 0.04453125 0.075