1 0.56640625 0.5015625 0.03515625 0.05
1 0.6109375 0.6609375 0.11640625 0.15859375
1 0.80234375 0.63671875 0.07265625 0.08671875
1 0.8703125 0.6171875 0.04609375 0.06171875
1 0.97421875 0.64609375 0.04609375 0.071875
1 0.4828125 0.6109375 0.0625 0.071875
1 0.45078125 0.590625 0.04375 0.071875
1 0.1984375 0.6203125 0.04765625 0.0765625
1 0.2296875 0.603125 0.04609375 0.0765625
1 0.1359375 0.61640625 0.05390625 0.08671875
1 0.046875 0.6625 0.09140625 0.18828125
1 0.090625 0.63671875 0.0890625 0.16640625