1 0.06953125 0.36171875 0.1328125 0.4421875
1 0.15 0.53515625 0.040625 0.06171875
1 0.20390625 0.534375 0.0421875 0.0703125
1 0.346875 0.55234375 0.040625 0.0765625
1 0.34609375 0.49921875 0.03046875 0.04921875
1 0.4015625 0.51484375 0.0265625 0.05078125
1 0.42734375 0.55234375 0.0390625 0.0765625
1 0.4421875 0.51328125 0.02890625 0.05703125
1 0.42578125 0.49296875 0.0234375 0.0453125
1 0.47734375 0.49921875 0.02265625 0.0390625
1 0.48828125 0.52421875 0.034375 0.06328125
1 0.44140625 0.428125 0.02109375 0.040625
1 0.47734375 0.415625 0.0265625 0.0421875
1 0.509375 0.43203125 0.02421875 0.0421875
1 0.5453125 0.49375 0.02265625 0.04375
1 0.55390625 0.428125 0.02109375 0.040625
1 0.56953125 0.50546875 0.0234375 0.05234375
1 0.57265625 0.5671875 0.034375 0.0671875
1 0.64765625 0.5796875 0.0328125 0.0703125
1 0.5875 0.4265625 0.0234375 0.04375
1 0.61015625 0.43984375 0.0203125 0.04765625
1 0.62890625 0.41796875 0.01953125 0.0359375
1 0.64765625 0.4390625 0.0234375 0.0453125
1 0.653125 0.4109375 0.02109375 0.0390625
1 0.67421875 0.496875 0.01953125 0.0375
1 0.68046875 0.43046875 0.01953125 0.0390625
1 0.7140625 0.50390625 0.02890625 0.06171875
1 0.72734375 0.60703125 0.05859375 0.10078125
1 0.753125 0.52734375 0.034375 0.05703125
1 0.7578125 0.4265625 0.0265625 0.04375
1 0.79453125 0.503125 0.0296875 0.04375
1 0.85078125 0.5390625 0.0390625 0.0671875
1 0.89140625 0.67265625 0.06171875 0.115625
1 0.975 0.578125 0.05 0.09375
1 0.91171875 0.540625 0.04453125 0.0765625
1 0.95234375 0.5 0.040625 0.0703125
1 0.88828125 0.51484375 0.03203125 0.06328125