1 0.215625 0.54296875 0.171875 0.32265625
1 0.090625 0.07109375 0.075 0.1359375
1 0.2359375 0.17890625 0.08828125 0.1921875
1 0.31015625 0.0875 0.06640625 0.1453125
1 0.425 0.18046875 0.0703125 0.17734375
1 0.490625 0.37421875 0.11484375 0.25703125
1 0.484375 0.12578125 0.04140625 0.115625
1 0.54921875 0.09453125 0.04140625 0.09453125
1 0.58828125 0.17578125 0.06328125 0.1453125
1 0.73671875 0.1984375 0.053125 0.13046875
1 0.696875 0.39375 0.08984375 0.1953125
1 0.82578125 0.32421875 0.075 0.1625
1 0.95078125 0.3375 0.078125 0.14765625