0 0.6625 0.39609375 0.1546875 0.29921875
0 0.8109375 0.3890625 0.103125 0.2640625
0 0.9171875 0.375 0.14765625 0.30625
0 0.8921875 0.2984375 0.11640625 0.2640625
0 0.809375 0.0765625 0.10078125 0.1484375
0 0.61953125 0.175 0.1140625 0.26640625
0 0.7078125 0.153125 0.0796875 0.19921875
0 0.92734375 0.10078125 0.0984375 0.1484375
0 0.57890625 0.08984375 0.0890625 0.16640625
0 0.47421875 0.221875 0.0953125 0.1953125
0 0.28828125 0.07421875 0.07890625 0.14375
0 0.36015625 0.0609375 0.07890625 0.1171875
0 0.06953125 0.065625 0.08125 0.13046875
1 0.28359375 0.33359375 0.1109375 0.25078125
1 0.37421875 0.23359375 0.1046875 0.2109375
1 0.0546875 0.48984375 0.10703125 0.221875
1 0.4625 0.53515625 0.13515625 0.25078125