1 0.184375 0.77890625 0.13046875 0.20234375
1 0.1265625 0.6359375 0.08203125 0.115625
1 0.13125 0.54140625 0.0703125 0.08828125
1 0.071875 0.51875 0.04921875 0.07890625
1 0.06640625 0.48671875 0.0453125 0.06015625
1 0.03125 0.48984375 0.03515625 0.05859375
1 0.01328125 0.4203125 0.02265625 0.05546875
1 0.11171875 0.41484375 0.0328125 0.05
1 0.12265625 0.459375 0.02890625 0.03984375
1 0.13828125 0.4734375 0.03359375 0.04921875
1 0.1640625 0.49921875 0.04140625 0.065625
1 0.2078125 0.52734375 0.04453125 0.0734375
1 0.26953125 0.546875 0.053125 0.08515625
1 0.3203125 0.60703125 0.0734375 0.1140625
1 0.246875 0.459375 0.0375 0.05546875
1 0.20703125 0.45390625 0.0375 0.0578125
1 0.2046875 0.4046875 0.0328125 0.04296875
1 0.3 0.47421875 0.034375 0.05859375
1 0.3203125 0.46171875 0.02890625 0.05078125
1 0.30390625 0.4390625 0.025 0.0359375
1 0.29296875 0.409375 0.03515625 0.053125
1 0.3875 0.5046875 0.0390625 0.0703125
1 0.45625 0.73828125 0.1171875 0.19140625
1 0.56875 0.58984375 0.06328125 0.1109375
1 0.58203125 0.54453125 0.0453125 0.0765625
1 0.47734375 0.49765625 0.040625 0.075
1 0.43125 0.5421875 0.05078125 0.0828125
1 0.425 0.47578125 0.0328125 0.05859375
1 0.5109375 0.4484375 0.02890625 0.04609375
1 0.5046875 0.42578125 0.03125 0.03984375
1 0.56796875 0.45390625 0.03046875 0.04921875
1 0.6015625 0.4671875 0.03359375 0.065625
1 0.6125 0.4359375 0.0265625 0.04765625
1 0.6515625 0.4765625 0.03125 0.053125
1 0.6546875 0.45078125 0.03359375 0.03984375
1 0.6953125 0.4765625 0.0359375 0.06640625
1 0.72421875 0.4453125 0.02890625 0.05
1 0.759375 0.50078125 0.040625 0.078125
1 0.71875 0.56953125 0.06328125 0.11171875
1 0.7078125 0.69296875 0.0890625 0.15703125
1 0.88125 0.65078125 0.10078125 0.159375
1 0.85546875 0.52734375 0.05 0.07421875
1 0.84765625 0.46015625 0.0390625 0.06640625
1 0.8171875 0.4625 0.03125 0.053125
1 0.9328125 0.49375 0.034375 0.0578125
1 0.97265625 0.55546875 0.0546875 0.09921875
1 0.97578125 0.4890625 0.0484375 0.07578125