1 0.0625 0.340625 0.04296875 0.05859375
1 0.1390625 0.32421875 0.04296875 0.06171875
1 0.21015625 0.34609375 0.06640625 0.121875
1 0.25859375 0.33046875 0.05546875 0.0984375
1 0.31484375 0.32734375 0.03671875 0.06171875
1 0.3140625 0.29296875 0.0296875 0.053125
1 0.35703125 0.3640625 0.07421875 0.13203125
1 0.3875 0.309375 0.0359375 0.071875
1 0.42109375 0.2984375 0.02421875 0.046875
1 0.4546875 0.25859375 0.02578125 0.04296875
1 0.4875 0.26640625 0.02578125 0.04296875
1 0.50078125 0.259375 0.01875 0.03515625
1 0.5015625 0.390625 0.08359375 0.16171875
1 0.56171875 0.315625 0.03671875 0.06796875
1 0.48359375 0.31796875 0.05703125 0.06640625
1 0.5828125 0.284375 0.03203125 0.0453125
1 0.6015625 0.33359375 0.0546875 0.10703125
1 0.67421875 0.32109375 0.09140625 0.18203125
1 0.75390625 0.33984375 0.05703125 0.146875
1 0.74375 0.2578125 0.0296875 0.0484375
1 0.76796875 0.21640625 0.021875 0.04296875
1 0.79921875 0.2515625 0.02421875 0.046875
1 0.80703125 0.3203125 0.04296875 0.08671875
1 0.84140625 0.29296875 0.034375 0.0703125
1 0.84453125 0.24921875 0.021875 0.0453125
1 0.84921875 0.21484375 0.02421875 0.04296875
1 0.81015625 0.22734375 0.02421875 0.03828125
1 0.9203125 0.3375 0.1046875 0.18515625
1 0.89453125 0.19609375 0.02890625 0.04140625