1 0.171875 0.44609375 0.03984375 0.075
1 0.196875 0.40859375 0.0296875 0.05390625
1 0.415625 0.5453125 0.05234375 0.075
1 0.48671875 0.59921875 0.0578125 0.09296875
1 0.5296875 0.5359375 0.0359375 0.06875
1 0.49375 0.3828125 0.028125 0.05703125
1 0.584375 0.59296875 0.05234375 0.06875
1 0.6546875 0.47109375 0.0296875 0.06015625
1 0.678125 0.503125 0.04765625 0.075
1 0.77109375 0.496875 0.03828125 0.05703125
1 0.81875 0.503125 0.0421875 0.06875
1 0.83984375 0.48828125 0.028125 0.05078125
1 0.87265625 0.6953125 0.08203125 0.12890625
1 0.95625 0.63828125 0.0640625 0.1109375
1 0.95625 0.40703125 0.03203125 0.05703125