1 0.77421875 0.2890625 0.01875 0.04453125
1 0.80625 0.35703125 0.025 0.06875
1 0.84765625 0.35859375 0.025 0.065625
1 0.8203125 0.2109375 0.01484375 0.04453125
1 0.85390625 0.16015625 0.0125 0.03203125
1 0.88828125 0.1734375 0.0140625 0.0359375
1 0.86484375 0.215625 0.01875 0.04609375
1 0.8796875 0.29921875 0.02265625 0.0640625
1 0.90234375 0.3296875 0.02265625 0.06171875
1 0.9078125 0.28671875 0.01953125 0.04921875
1 0.7015625 0.2265625 0.01796875 0.05
1 0.65 0.21875 0.01875 0.04921875
1 0.5875 0.1046875 0.00859375 0.01953125
1 0.54921875 0.2203125 0.0171875 0.04921875
1 0.48125 0.19375 0.0171875 0.0390625
1 0.40703125 0.1921875 0.0140625 0.03203125
1 0.37578125 0.23359375 0.015625 0.0375
1 0.3953125 0.2359375 0.01796875 0.0359375
1 0.4109375 0.228125 0.01640625 0.03203125
1 0.325 0.24296875 0.015625 0.03046875
1 0.16953125 0.459375 0.03671875 0.07265625