1 0.43125 0.53359375 0.059375 0.15625
1 0.5375 0.20234375 0.0234375 0.04921875
1 0.596875 0.1625 0.01953125 0.04140625
1 0.61796875 0.20390625 0.01953125 0.0453125
1 0.6625 0.25625 0.025 0.0546875
1 0.6765625 0.21171875 0.0203125 0.0453125
1 0.66484375 0.1921875 0.01484375 0.0359375
1 0.6953125 0.20703125 0.01640625 0.04375
1 0.7484375 0.225 0.01953125 0.046875
1 0.778125 0.246875 0.025 0.0578125
1 0.73828125 0.28671875 0.0265625 0.06171875
1 0.7359375 0.3640625 0.03203125 0.08203125
1 0.81171875 0.39140625 0.03359375 0.08515625
1 0.81875 0.25390625 0.02109375 0.0546875
1 0.959375 0.3546875 0.0390625 0.08515625