1 0.39609375 0.19609375 0.0234375 0.0328125
1 0.43828125 0.21328125 0.01953125 0.03671875
1 0.46875 0.23203125 0.02578125 0.04140625
1 0.575 0.17578125 0.01875 0.03671875
1 0.5875 0.19375 0.0171875 0.0453125
1 0.65859375 0.13125 0.0140625 0.03125
1 0.7046875 0.1796875 0.0203125 0.04140625
1 0.70234375 0.21640625 0.0234375 0.04140625
1 0.653125 0.228125 0.0234375 0.0515625
1 0.653125 0.27734375 0.02890625 0.03984375
1 0.659375 0.32578125 0.02890625 0.05703125
1 0.721875 0.26328125 0.02578125 0.0484375
1 0.75546875 0.16953125 0.025 0.0515625
1 0.97734375 0.2421875 0.0203125 0.04140625