1 0.07265625 0.27265625 0.015625 0.03515625
1 0.39453125 0.14921875 0.01953125 0.03828125
1 0.39453125 0.19765625 0.01171875 0.02890625
1 0.440625 0.21640625 0.01484375 0.02265625
1 0.43125 0.17109375 0.025 0.03984375
1 0.6125 0.11171875 0.0109375 0.02109375
1 0.6515625 0.1296875 0.0125 0.01953125
1 0.6359375 0.1484375 0.0125 0.02109375
1 0.6515625 0.16015625 0.01171875 0.01953125
1 0.75 0.1515625 0.0140625 0.02421875
1 0.7671875 0.1546875 0.01484375 0.02734375
1 0.82265625 0.26640625 0.01953125 0.0515625
1 0.86796875 0.19765625 0.01171875 0.03203125
1 0.89140625 0.26015625 0.01953125 0.03828125
1 0.91640625 0.25546875 0.01953125 0.0453125
1 0.9390625 0.20234375 0.0125 0.03515625