1 0.44765625 0.32578125 0.13515625 0.25234375
1 0.33515625 0.3640625 0.05546875 0.0828125
1 0.3703125 0.321875 0.03203125 0.0625
1 0.578125 0.2328125 0.0265625 0.03671875
1 0.634375 0.2984375 0.015625 0.02890625
1 0.646875 0.30625 0.0171875 0.03671875
1 0.6625 0.33046875 0.0203125 0.04140625
1 0.6859375 0.27265625 0.04921875 0.08125
1 0.74765625 0.3234375 0.02109375 0.03984375
1 0.77265625 0.36015625 0.02578125 0.04609375
1 0.79921875 0.415625 0.040625 0.0703125
1 0.81875 0.36953125 0.02890625 0.04921875
1 0.80546875 0.36015625 0.01953125 0.04609375
1 0.79453125 0.3359375 0.0203125 0.03984375
1 0.8375 0.340625 0.0171875 0.03828125
1 0.85703125 0.36171875 0.02890625 0.04921875
1 0.86796875 0.33671875 0.0171875 0.02890625
1 0.8765625 0.3265625 0.0125 0.02734375
1 0.896875 0.37734375 0.0359375 0.0640625
1 0.91640625 0.3359375 0.02421875 0.03359375
1 0.921875 0.36796875 0.0203125 0.03984375
1 0.93671875 0.334375 0.015625 0.03671875
1 0.95390625 0.3734375 0.02421875 0.04140625
1 0.9859375 0.36171875 0.02265625 0.04296875
1 0.98515625 0.4234375 0.0296875 0.071875
1 0.9421875 0.42890625 0.0578125 0.075
1 0.89375 0.440625 0.040625 0.0703125