1 0.41328125 0.21015625 0.09296875 0.153125
1 0.5296875 0.39921875 0.07109375 0.13125
1 0.6109375 0.4765625 0.04375 0.07890625
1 0.6703125 0.4703125 0.0453125 0.10390625
1 0.72265625 0.44921875 0.04921875 0.0953125
1 0.6765625 0.596875 0.0578125 0.0953125
1 0.6 0.60625 0.08359375 0.1421875
1 0.85234375 0.59140625 0.0578125 0.12265625
1 0.89453125 0.51640625 0.0546875 0.12578125
1 0.90078125 0.4328125 0.03125 0.0734375
1 0.94609375 0.5 0.05234375 0.10390625
1 0.94765625 0.4453125 0.03671875 0.07109375
1 0.98203125 0.43984375 0.0328125 0.08203125
1 0.96171875 0.6390625 0.06171875 0.13125
1 0.91171875 0.69375 0.06328125 0.09296875
1 0.87265625 0.80859375 0.0875 0.153125
1 0.784375 0.75703125 0.1 0.153125
1 0.7921875 0.66953125 0.07109375 0.109375
1 0.75546875 0.584375 0.05625 0.109375
1 0.69765625 0.771875 0.0671875 0.11171875
1 0.78828125 0.9046875 0.09609375 0.13671875
1 0.559375 0.88671875 0.1109375 0.14453125
1 0.4625 0.76875 0.07421875 0.1390625
1 0.22265625 0.75546875 0.0671875 0.128125
1 0.3109375 0.73515625 0.06875 0.10390625
1 0.32890625 0.81796875 0.07265625 0.1171875
1 0.265625 0.9015625 0.10546875 0.175
1 0.06171875 0.8140625 0.109375 0.175
1 0.15234375 0.76796875 0.0546875 0.109375
1 0.26328125 0.64921875 0.0546875 0.10078125
1 0.1828125 0.54609375 0.0421875 0.065625
1 0.20703125 0.621875 0.0546875 0.084375
1 0.2015625 0.49765625 0.0328125 0.07109375
1 0.240625 0.50234375 0.04921875 0.07109375
1 0.12421875 0.53515625 0.05625 0.0875
1 0.1171875 0.58203125 0.06015625 0.065625
1 0.0171875 0.5234375 0.03125 0.10078125
1 0.0609375 0.60078125 0.04921875 0.0875