1 0.22421875 0.3578125 0.04453125 0.07421875
1 0.315625 0.234375 0.01875 0.03359375
1 0.3234375 0.209375 0.015625 0.03515625
1 0.3609375 0.2046875 0.01796875 0.0296875
1 0.4171875 0.16796875 0.01171875 0.02578125
1 0.43359375 0.18046875 0.01171875 0.0296875
1 0.4171875 0.22421875 0.01953125 0.03515625
1 0.45390625 0.178125 0.015625 0.04296875
1 0.46484375 0.16796875 0.015625 0.040625
1 0.47890625 0.1296875 0.01328125 0.02421875
1 0.484375 0.16953125 0.01875 0.0375
1 0.4984375 0.1375 0.01171875 0.0296875
1 0.46953125 0.22265625 0.02265625 0.03203125
1 0.53515625 0.13671875 0.015625 0.03203125
1 0.54296875 0.12109375 0.01875 0.02578125
1 0.56171875 0.13671875 0.01875 0.03515625
1 0.5859375 0.0671875 0.01171875 0.02578125
1 0.56953125 0.190625 0.01796875 0.03203125
1 0.5765625 0.1453125 0.01953125 0.03359375
1 0.596875 0.146875 0.02109375 0.04453125
1 0.5984375 0.11484375 0.01328125 0.03203125
1 0.55546875 0.1890625 0.02265625 0.02421875
1 0.61640625 0.11796875 0.01328125 0.0203125
1 0.640625 0.171875 0.021875 0.028125
1 0.66875 0.11015625 0.01640625 0.0109375
1 0.6375 0.1375 0.02109375 0.03359375
1 0.65078125 0.115625 0.02578125 0.0375
1 0.66015625 0.15 0.015625 0.028125
1 0.6921875 0.11484375 0.01484375 0.028125
1 0.7109375 0.12109375 0.02109375 0.02578125
1 0.4921875 0.3359375 0.02578125 0.04296875
1 0.5765625 0.3015625 0.025 0.0484375
1 0.67734375 0.1890625 0.01640625 0.03515625
1 0.6375 0.290625 0.028125 0.06328125
1 0.58125 0.25546875 0.025 0.040625
1 0.63984375 0.2421875 0.025 0.04453125
1 0.68984375 0.2171875 0.01640625 0.03515625
1 0.6828125 0.290625 0.02578125 0.040625
1 0.71171875 0.33359375 0.02890625 0.07109375
1 0.73828125 0.2390625 0.025 0.04296875
1 0.77578125 0.13046875 0.015625 0.02265625
1 0.74453125 0.1734375 0.01875 0.03359375
1 0.7578125 0.15078125 0.025 0.0296875
1 0.78515625 0.1859375 0.015625 0.03359375
1 0.7890625 0.14921875 0.01484375 0.03359375
1 0.77890625 0.27265625 0.02421875 0.046875
1 0.80078125 0.21953125 0.01640625 0.04453125
1 0.828125 0.19609375 0.01953125 0.0390625
1 0.825 0.25625 0.02421875 0.04296875
1 0.80859375 0.37421875 0.03359375 0.08203125
1 0.8671875 0.3734375 0.02578125 0.0578125
1 0.925 0.4046875 0.02890625 0.06484375
1 0.86484375 0.1859375 0.01953125 0.040625
1 0.890625 0.16171875 0.01484375 0.0375
1 0.89296875 0.2078125 0.02421875 0.04296875
1 0.89375 0.29921875 0.02734375 0.05
1 0.9 0.23359375 0.01796875 0.03515625
1 0.8546875 0.24921875 0.02265625 0.0375
1 0.928125 0.16875 0.01328125 0.028125
1 0.9546875 0.18828125 0.02421875 0.03359375
1 0.95546875 0.209375 0.01484375 0.03515625
1 0.93203125 0.23984375 0.01640625 0.0375
1 0.9375 0.33203125 0.04375 0.046875
1 0.9 0.19609375 0.01875 0.0390625
1 0.83984375 0.18046875 0.01796875 0.040625
1 0.809375 0.19375 0.015625 0.0375
1 0.71875 0.175 0.01953125 0.03359375
1 0.77578125 0.15546875 0.0125 0.0390625
1 0.5921875 0.17109375 0.01953125 0.0296875
1 0.50546875 0.175 0.02734375 0.0375
1 0.52421875 0.13515625 0.01953125 0.03203125