1 0.1640625 0.18125 0.125 0.2171875
1 0.1921875 0.07734375 0.06796875 0.1
1 0.2515625 0.0734375 0.05 0.07734375
1 0.35078125 0.0453125 0.03828125 0.0546875
1 0.38671875 0.09765625 0.05703125 0.1
1 0.4390625 0.0640625 0.0515625 0.0828125
1 0.4140625 0.0265625 0.03203125 0.0421875
1 0.49140625 0.0421875 0.0296875 0.06484375
1 0.5375 0.20390625 0.13515625 0.2828125
1 0.59140625 0.0390625 0.04296875 0.0671875
1 0.5375 0.0796875 0.06171875 0.08984375
1 0.6421875 0.05625 0.03828125 0.0921875
1 0.88203125 0.378125 0.2359375 0.496875