1 0.0375 0.515625 0.05546875 0.08515625
1 0.1171875 0.50390625 0.07734375 0.09453125
1 0.2734375 0.48125 0.07265625 0.1
1 0.3390625 0.5765625 0.12734375 0.18203125
1 0.3859375 0.4546875 0.05703125 0.0765625
1 0.40234375 0.365625 0.04140625 0.0578125
1 0.4515625 0.46484375 0.04296875 0.07109375
1 0.4765625 0.4515625 0.0328125 0.04921875
1 0.45390625 0.4265625 0.02890625 0.0421875
1 0.4828125 0.41640625 0.02578125 0.03984375
1 0.53671875 0.4234375 0.02421875 0.04375
1 0.57421875 0.51171875 0.09140625 0.13671875
1 0.646875 0.5046875 0.06875 0.11796875
1 0.58203125 0.44453125 0.04140625 0.05625
1 0.603125 0.409375 0.02890625 0.03984375
1 0.62890625 0.42421875 0.053125 0.05625
1 0.65390625 0.4015625 0.02265625 0.03984375
1 0.66953125 0.4421875 0.0328125 0.0546875
1 0.7078125 0.440625 0.053125 0.078125
1 0.746875 0.4375 0.0515625 0.07109375
1 0.78359375 0.42421875 0.03828125 0.0671875
1 0.79921875 0.39921875 0.0296875 0.05234375
1 0.8125 0.4171875 0.02421875 0.0453125
1 0.82734375 0.39921875 0.034375 0.06328125
1 0.90234375 0.4296875 0.04453125 0.07421875
1 0.96484375 0.46328125 0.0703125 0.1421875
1 0.846875 0.5015625 0.07109375 0.1015625