1 0.05625 0.44296875 0.06015625 0.0859375
1 0.1359375 0.40078125 0.0328125 0.0578125
1 0.16328125 0.41875 0.0515625 0.08984375
1 0.19765625 0.3859375 0.03984375 0.065625
1 0.2453125 0.4171875 0.03984375 0.06171875
1 0.28046875 0.3984375 0.04140625 0.0578125
1 0.2546875 0.3765625 0.025 0.046875
1 0.3359375 0.37109375 0.02890625 0.05625
1 0.4078125 0.4625 0.0625 0.0953125
1 0.41171875 0.41640625 0.04375 0.0640625
1 0.44921875 0.39609375 0.04375 0.075
1 0.50703125 0.27421875 0.0265625 0.0484375
1 0.52890625 0.37109375 0.03984375 0.0640625
1 0.553125 0.44375 0.04609375 0.0734375
1 0.5765625 0.39765625 0.03984375 0.0671875
1 0.6203125 0.46796875 0.0640625 0.10703125
1 0.65234375 0.38671875 0.0328125 0.05234375
1 0.6859375 0.41484375 0.02734375 0.0453125
1 0.7203125 0.4203125 0.03515625 0.05234375
1 0.7328125 0.3890625 0.0296875 0.04296875
1 0.77421875 0.390625 0.0390625 0.06015625
1 0.80703125 0.43828125 0.0515625 0.06171875
1 0.84375 0.43125 0.0296875 0.05625
1 0.95078125 0.49140625 0.0734375 0.11640625
1 0.934375 0.428125 0.0640625 0.08984375