1 0.03671875 0.609375 0.0421875 0.07265625
1 0.1109375 0.715625 0.08203125 0.13203125
1 0.17109375 0.88828125 0.09375 0.12265625
1 0.2046875 0.66171875 0.0578125 0.0953125
1 0.2484375 0.7546875 0.07265625 0.11796875
1 0.3078125 0.81796875 0.1 0.16328125
1 0.296875 0.6796875 0.06640625 0.1046875
1 0.390625 0.61796875 0.0484375 0.07265625
1 0.41484375 0.72734375 0.07890625 0.1453125
1 0.440625 0.65234375 0.06328125 0.1046875
1 0.47734375 0.6296875 0.0390625 0.06796875
1 0.559375 0.62734375 0.0390625 0.090625
1 0.5078125 0.4296875 0.0390625 0.07734375
1 0.5921875 0.6546875 0.0515625 0.090625
1 0.5953125 0.74296875 0.07578125 0.12265625
1 0.66953125 0.62265625 0.0546875 0.090625
1 0.72890625 0.66171875 0.06328125 0.13203125
1 0.8015625 0.61328125 0.0515625 0.090625
1 0.8421875 0.67265625 0.0546875 0.090625
1 0.92421875 0.63828125 0.0484375 0.07734375