1 0.6640625 0.39453125 0.03125 0.05078125
1 0.46484375 0.72109375 0.1234375 0.20234375
1 0.30546875 0.6375 0.1 0.146875
1 0.02890625 0.4109375 0.0546875 0.0890625
1 0.07265625 0.41328125 0.059375 0.10234375
1 0.115625 0.321875 0.04296875 0.06640625
1 0.33984375 0.346875 0.025 0.03984375
1 0.44453125 0.35703125 0.01953125 0.03359375
1 0.30078125 0.2921875 0.0296875 0.046875
1 0.26171875 0.171875 0.0234375 0.0375
1 0.20703125 0.27890625 0.0265625 0.0421875
1 0.13125 0.19453125 0.0265625 0.0421875
1 0.08125 0.25 0.03125 0.05078125
1 0.05390625 0.1265625 0.0265625 0.04453125
1 0.046875 0.0625 0.02265625 0.03984375
1 0.0671875 0.02890625 0.02109375 0.03984375