1 0.08671875 0.2796875 0.02421875 0.0484375
1 0.2796875 0.23046875 0.01953125 0.02578125
1 0.29765625 0.2296875 0.01640625 0.034375
1 0.33203125 0.18984375 0.01484375 0.02734375
1 0.3546875 0.19375 0.01640625 0.0296875
1 0.3578125 0.2296875 0.01953125 0.03828125
1 0.38046875 0.2359375 0.01484375 0.03125
1 0.4125 0.24140625 0.01953125 0.034375
1 0.3765625 0.2 0.01171875 0.0203125
1 0.384375 0.171875 0.0140625 0.02578125
1 0.40546875 0.171875 0.01796875 0.02578125
1 0.421875 0.17578125 0.0140625 0.02421875
1 0.425 0.20703125 0.015625 0.02734375
1 0.4609375 0.21640625 0.01875 0.0328125
1 0.44765625 0.253125 0.0234375 0.03125
1 0.44375 0.1640625 0.01796875 0.02421875
1 0.39375 0.21015625 0.01875 0.02421875
1 0.50390625 0.18359375 0.01484375 0.0296875
1 0.52734375 0.18046875 0.015625 0.0359375
1 0.49921875 0.15546875 0.0140625 0.0203125
1 0.48671875 0.153125 0.01171875 0.02421875
1 0.503125 0.13046875 0.00859375 0.02265625
1 0.52109375 0.1390625 0.0140625 0.02265625
1 0.5484375 0.12578125 0.01015625 0.02734375
1 0.540625 0.1609375 0.01171875 0.0296875
1 0.5609375 0.1859375 0.0109375 0.03125
1 0.5703125 0.15859375 0.0109375 0.02421875
1 0.57578125 0.13671875 0.01015625 0.015625
1 0.59609375 0.23046875 0.0203125 0.0328125
1 0.63984375 0.2484375 0.01953125 0.034375
1 0.625 0.2109375 0.0234375 0.0359375
1 0.6078125 0.16484375 0.01171875 0.0296875
1 0.64453125 0.1578125 0.0125 0.02265625
1 0.67109375 0.1828125 0.0140625 0.03125
1 0.62578125 0.14140625 0.0109375 0.02734375
1 0.6421875 0.12265625 0.015625 0.02421875
1 0.6640625 0.12421875 0.01171875 0.0203125
1 0.68125 0.1359375 0.01171875 0.02421875
1 0.709375 0.11953125 0.0109375 0.02265625
1 0.68828125 0.11171875 0.00859375 0.0140625
1 0.68203125 0.2203125 0.015625 0.02421875
1 0.690625 0.2578125 0.01796875 0.03984375
1 0.69609375 0.31328125 0.0265625 0.05703125
1 0.7484375 0.3828125 0.02421875 0.05859375
1 0.79375 0.29453125 0.015625 0.0484375
1 0.76953125 0.246875 0.01640625 0.0484375
1 0.73515625 0.23828125 0.01953125 0.04140625
1 0.71796875 0.1890625 0.015625 0.0328125
1 0.73828125 0.17578125 0.01171875 0.03125
1 0.75625 0.19921875 0.015625 0.0359375
1 0.73671875 0.14921875 0.0125 0.02265625
1 0.703125 0.1828125 0.01484375 0.0203125
1 0.76171875 0.1390625 0.01171875 0.0296875
1 0.615625 0.1296875 0.01015625 0.02421875
1 0.7796875 0.13359375 0.00859375 0.02265625
1 0.78828125 0.15 0.00859375 0.02421875
1 0.8046875 0.1421875 0.01171875 0.0296875
1 0.7953125 0.17265625 0.0125 0.02421875
1 0.834375 0.14140625 0.01171875 0.02421875
1 0.85546875 0.15859375 0.01171875 0.02421875
1 0.875 0.16875 0.0140625 0.02734375
1 0.8328125 0.18046875 0.0125 0.02265625
1 0.81875 0.20703125 0.0125 0.0203125
1 0.78984375 0.23515625 0.01875 0.0328125
1 0.82421875 0.26796875 0.01640625 0.03984375
1 0.84375 0.22734375 0.0125 0.04140625
1 0.88984375 0.23515625 0.01796875 0.0359375
1 0.9015625 0.1859375 0.01484375 0.02734375
1 0.9375 0.21484375 0.0125 0.02578125
1 0.9546875 0.2 0.0125 0.02734375
1 0.92265625 0.2609375 0.01875 0.0328125
1 0.91640625 0.33125 0.02421875 0.0484375
1 0.8671875 0.1921875 0.0140625 0.0296875
1 0.85703125 0.225 0.0109375 0.0328125
1 0.9140625 0.15546875 0.0109375 0.03125