1 0.15546875 0.51328125 0.0625 0.11640625
1 0.27734375 0.5171875 0.06015625 0.1078125
1 0.42265625 0.5546875 0.0546875 0.11328125
1 0.53828125 0.3765625 0.04375 0.0921875
1 0.625 0.396875 0.04375 0.0890625
1 0.69921875 0.52109375 0.05859375 0.125
1 0.78984375 0.50390625 0.0546875 0.1359375
1 0.73671875 0.3875 0.03515625 0.08359375
1 0.79375 0.24140625 0.046875 0.08046875
1 0.70078125 0.2515625 0.03984375 0.0796875
1 0.62578125 0.25703125 0.03515625 0.07265625
1 0.58671875 0.225 0.03515625 0.08046875
1 0.5421875 0.22578125 0.0359375 0.08046875
1 0.50625 0.2703125 0.04140625 0.07734375
1 0.45390625 0.37109375 0.04140625 0.0921875
1 0.43515625 0.23671875 0.03515625 0.08359375
1 0.4640625 0.21015625 0.03203125 0.078125
1 0.3671875 0.2359375 0.0421875 0.07578125
1 0.315625 0.37265625 0.05234375 0.10546875
1 0.29296875 0.2671875 0.03984375 0.08125
1 0.25546875 0.2515625 0.03203125 0.06875
1 0.21875 0.2578125 0.034375 0.08046875
1 0.2046875 0.3828125 0.04609375 0.08984375
1 0.1359375 0.25703125 0.03984375 0.07734375