1 0.19765625 0.365625 0.0421875 0.08203125
1 0.3125 0.22734375 0.01796875 0.0296875
1 0.3296875 0.19453125 0.01953125 0.0359375
1 0.34765625 0.2015625 0.01953125 0.034375
1 0.41328125 0.20546875 0.01953125 0.03828125
1 0.4203125 0.178125 0.01796875 0.03203125
1 0.44375 0.21640625 0.01953125 0.0359375
1 0.44609375 0.1875 0.0171875 0.0296875
1 0.4703125 0.1890625 0.01484375 0.034375
1 0.47734375 0.228125 0.0203125 0.04375
1 0.44296875 0.1546875 0.0140625 0.028125
1 0.46484375 0.14765625 0.01015625 0.021875
1 0.48203125 0.14921875 0.0125 0.02578125
1 0.46640625 0.13515625 0.0125 0.021875
1 0.48984375 0.13203125 0.0125 0.028125
1 0.50625 0.14140625 0.0140625 0.034375
1 0.49921875 0.15703125 0.01484375 0.034375
1 0.534375 0.15625 0.0125 0.028125
1 0.52578125 0.1390625 0.01171875 0.01796875
1 0.54296875 0.140625 0.01171875 0.02421875
1 0.55078125 0.12421875 0.009375 0.02421875
1 0.55078125 0.165625 0.01640625 0.034375
1 0.53984375 0.1875 0.01640625 0.03828125
1 0.58125 0.1671875 0.01484375 0.034375
1 0.57421875 0.14296875 0.01484375 0.0296875
1 0.578125 0.1171875 0.01640625 0.021875
1 0.59609375 0.1453125 0.01484375 0.034375
1 0.60546875 0.13359375 0.01015625 0.02578125
1 0.62265625 0.10625 0.0125 0.02421875
1 0.63828125 0.12421875 0.0125 0.028125
1 0.646875 0.1109375 0.01171875 0.021875
1 0.66015625 0.11015625 0.01015625 0.02421875
1 0.65390625 0.13125 0.01171875 0.02578125
1 0.646875 0.1515625 0.0140625 0.0296875
1 0.62578125 0.15625 0.0171875 0.028125
1 0.68125 0.121875 0.01015625 0.02421875
1 0.6953125 0.12421875 0.01171875 0.03203125
1 0.7 0.11796875 0.009375 0.02421875
1 0.7109375 0.16953125 0.01484375 0.02578125
1 0.66171875 0.18828125 0.01796875 0.03984375
1 0.640625 0.2015625 0.01953125 0.03828125
1 0.58046875 0.23359375 0.01796875 0.0421875
1 0.5953125 0.3015625 0.03125 0.078125
1 0.63125 0.2453125 0.01796875 0.03828125
1 0.51640625 0.28828125 0.0265625 0.0484375
1 0.6640625 0.271875 0.0203125 0.0421875
1 0.66640625 0.22421875 0.0203125 0.03984375
1 0.69765625 0.2125 0.01796875 0.0359375
1 0.7265625 0.21953125 0.02421875 0.0421875
1 0.69375 0.31484375 0.03359375 0.06015625
1 0.72421875 0.35546875 0.03359375 0.07421875
1 0.75546875 0.13046875 0.0125 0.028125
1 0.75859375 0.14765625 0.0140625 0.03828125
1 0.7796875 0.14296875 0.0125 0.0296875
1 0.7953125 0.17265625 0.0140625 0.03203125
1 0.771875 0.18203125 0.01640625 0.03203125
1 0.74140625 0.17421875 0.01484375 0.03203125
1 0.78046875 0.240625 0.01953125 0.0359375
1 0.8140625 0.1953125 0.01484375 0.034375
1 0.82734375 0.1765625 0.0140625 0.03203125
1 0.840625 0.15859375 0.0140625 0.03203125
1 0.86171875 0.19765625 0.01640625 0.0421875
1 0.87890625 0.16015625 0.01796875 0.0359375
1 0.9125 0.16953125 0.01484375 0.034375
1 0.940625 0.17421875 0.0140625 0.0359375
1 0.9375 0.2140625 0.01484375 0.0359375
1 0.92265625 0.24453125 0.01953125 0.04375
1 0.93515625 0.23984375 0.01484375 0.03828125
1 0.9265625 0.29296875 0.0203125 0.05625
1 0.91328125 0.334375 0.021875 0.0640625
1 0.875 0.26640625 0.0203125 0.05234375
1 0.865625 0.184375 0.0140625 0.0359375
1 0.890625 0.19765625 0.0171875 0.03828125
1 0.88515625 0.22734375 0.0203125 0.03828125
1 0.82265625 0.21953125 0.01484375 0.0421875
1 0.80234375 0.2734375 0.02890625 0.05390625
1 0.81171875 0.265625 0.01953125 0.04609375
1 0.84609375 0.296875 0.01953125 0.05234375
1 0.81640625 0.3484375 0.03203125 0.0640625
1 0.89453125 0.43671875 0.0296875 0.08046875