1 0.953125 0.58828125 0.09375 0.2796875
1 0.91640625 0.4375 0.10703125 0.1765625
1 0.81328125 0.41640625 0.08046875 0.1484375
1 0.709375 0.4515625 0.1453125 0.2171875
1 0.66875 0.803125 0.225 0.39375
1 0.421875 0.68671875 0.24453125 0.36015625
1 0.51171875 0.50078125 0.10234375 0.20859375
1 0.56484375 0.4203125 0.0890625 0.16328125
1 0.43359375 0.41484375 0.071875 0.12109375
1 0.36796875 0.4015625 0.08046875 0.13046875
1 0.28828125 0.51171875 0.12109375 0.2140625
1 0.19140625 0.46796875 0.08515625 0.153125
1 0.1203125 0.52421875 0.11640625 0.21328125
1 0.08125 0.43671875 0.0796875 0.128125
1 0.06796875 0.24921875 0.0453125 0.07265625
1 0.1390625 0.253125 0.0453125 0.07421875
1 0.1671875 0.39765625 0.06875 0.096875
1 0.12578125 0.36953125 0.059375 0.09921875
1 0.0765625 0.36328125 0.05390625 0.084375