1 0.9328125 0.14921875 0.01484375 0.03203125
1 0.90625 0.12421875 0.01171875 0.02890625
1 0.89609375 0.14609375 0.0140625 0.03203125
1 0.89140625 0.17421875 0.01875 0.034375
1 0.921875 0.2015625 0.01328125 0.034375
1 0.940625 0.25546875 0.01875 0.046875
1 0.90703125 0.21640625 0.0140625 0.0359375
1 0.91328125 0.3296875 0.0203125 0.059375
1 0.884375 0.47109375 0.0265625 0.06484375
1 0.88125 0.24375 0.01953125 0.05234375
1 0.83828125 0.31484375 0.02421875 0.0640625
1 0.8171875 0.37890625 0.028125 0.075
1 0.828125 0.234375 0.0171875 0.04453125
1 0.8640625 0.21015625 0.01875 0.03984375
1 0.865625 0.13671875 0.0109375 0.0234375
1 0.8703125 0.125 0.01015625 0.028125
1 0.8484375 0.184375 0.01328125 0.03359375
1 0.85234375 0.1578125 0.01171875 0.028125
1 0.840625 0.11953125 0.01015625 0.025
1 0.83125 0.13671875 0.01171875 0.02890625
1 0.82421875 0.15 0.01796875 0.03359375
1 0.80546875 0.17734375 0.0140625 0.0359375
1 0.76875 0.28828125 0.02421875 0.05234375
1 0.74765625 0.2484375 0.02109375 0.04453125
1 0.77578125 0.19921875 0.01953125 0.0375
1 0.809375 0.11796875 0.01171875 0.028125
1 0.7796875 0.1015625 0.0140625 0.03203125
1 0.7796875 0.14375 0.0140625 0.02890625
1 0.7640625 0.1328125 0.01484375 0.0265625
1 0.75703125 0.16875 0.0140625 0.034375
1 0.7390625 0.1375 0.01484375 0.028125
1 0.73203125 0.125 0.0125 0.028125
1 0.71640625 0.13515625 0.01328125 0.02890625
1 0.72734375 0.1796875 0.01953125 0.03984375
1 0.7125 0.1625 0.01484375 0.03359375
1 0.68671875 0.10625 0.01015625 0.0234375
1 0.709375 0.21328125 0.01875 0.05
1 0.68125 0.20546875 0.0171875 0.04140625
1 0.6875 0.184375 0.015625 0.0390625
1 0.64375 0.08984375 0.009375 0.021875
1 0.2828125 0.275 0.0203125 0.04140625
1 0.31328125 0.2203125 0.0140625 0.03359375
1 0.3375 0.25234375 0.01875 0.04453125
1 0.3453125 0.20859375 0.0140625 0.03203125
1 0.35859375 0.21875 0.01484375 0.03984375
1 0.3703125 0.2234375 0.015625 0.0359375
1 0.3625 0.26640625 0.01875 0.0390625
1 0.38671875 0.27734375 0.02109375 0.04453125
1 0.39609375 0.2171875 0.01796875 0.034375
1 0.4203125 0.18125 0.015625 0.03203125
1 0.4296875 0.21484375 0.01484375 0.0390625
1 0.44609375 0.1609375 0.0109375 0.025
1 0.4546875 0.18828125 0.01484375 0.034375
1 0.465625 0.1390625 0.0109375 0.02890625
1 0.48671875 0.21640625 0.015625 0.0390625
1 0.4875 0.1953125 0.01484375 0.03359375
1 0.484375 0.13203125 0.009375 0.025
1 0.4890625 0.14765625 0.0109375 0.03203125
1 0.5078125 0.1265625 0.01015625 0.025
1 0.50546875 0.1546875 0.009375 0.03203125
1 0.5171875 0.15 0.0109375 0.03046875
1 0.52734375 0.1328125 0.0125 0.03203125
1 0.61171875 0.0984375 0.0125 0.028125
1 0.6609375 0.1171875 0.01484375 0.0234375
1 0.6546875 0.13984375 0.0140625 0.03359375
1 0.60546875 0.2484375 0.0203125 0.05
1 0.60859375 0.20078125 0.0203125 0.046875
1 0.675 0.26171875 0.0234375 0.0515625
1 0.615625 0.325 0.0296875 0.059375
1 0.53828125 0.2828125 0.0234375 0.05234375
1 0.56484375 0.23828125 0.02421875 0.05234375
1 0.5421875 0.16328125 0.01484375 0.034375
1 0.55625 0.13828125 0.0125 0.03203125
1 0.56953125 0.16796875 0.0171875 0.03359375
1 0.56328125 0.103125 0.0125 0.01796875
1 0.56484375 0.1234375 0.01171875 0.025
1 0.58515625 0.10859375 0.0125 0.0234375
1 0.59375 0.1375 0.01484375 0.03046875
1 0.61796875 0.1203125 0.0140625 0.03359375
1 0.63203125 0.1359375 0.01171875 0.028125
1 0.04765625 0.41171875 0.0296875 0.05546875