1 0.04375 0.4921875 0.0421875 0.059375
1 0.21796875 0.56015625 0.0546875 0.06640625
1 0.19375 0.52109375 0.04375 0.053125
1 0.2265625 0.46484375 0.03984375 0.04765625
1 0.278125 0.48984375 0.03984375 0.053125
1 0.2578125 0.51484375 0.05 0.06171875
1 0.32578125 0.50703125 0.0484375 0.05859375
1 0.3609375 0.47734375 0.03203125 0.05078125
1 0.44765625 0.48046875 0.0390625 0.053125
1 0.43828125 0.45703125 0.0296875 0.03828125
1 0.4875 0.40859375 0.0328125 0.05078125
1 0.52421875 0.484375 0.0328125 0.04375
1 0.5453125 0.50546875 0.0390625 0.05546875
1 0.48828125 0.54140625 0.04375 0.06796875
1 0.509375 0.58203125 0.04765625 0.06796875
1 0.60625 0.55625 0.04609375 0.075
1 0.60234375 0.49375 0.0359375 0.05390625
1 0.6671875 0.503125 0.04453125 0.07265625
1 0.75 0.43203125 0.03515625 0.06171875
1 0.81875 0.44296875 0.03359375 0.059375
1 0.72109375 0.6375 0.08125 0.11015625
1 0.834375 0.6296875 0.06328125 0.10703125
1 0.884375 0.55546875 0.06015625 0.078125
1 0.946875 0.52734375 0.05078125 0.07421875