1 0.24921875 0.44453125 0.15234375 0.278125
1 0.203125 0.25234375 0.09765625 0.165625
1 0.1578125 0.1296875 0.03984375 0.07265625
1 0.19453125 0.11015625 0.0359375 0.065625
1 0.16640625 0.08515625 0.02890625 0.0359375
1 0.165625 0.065625 0.021875 0.034375
1 0.2578125 0.07890625 0.03125 0.05703125
1 0.28984375 0.1015625 0.03359375 0.065625
1 0.31953125 0.14296875 0.04765625 0.0796875
1 0.33359375 0.09375 0.0296875 0.046875
1 0.371875 0.084375 0.0296875 0.0625
1 0.39921875 0.1859375 0.0578125 0.10546875
1 0.45546875 0.2453125 0.06875 0.13125
1 0.6328125 0.41328125 0.1140625 0.2296875
1 0.6453125 0.246875 0.07421875 0.1453125
1 0.52578125 0.17109375 0.046875 0.08984375
1 0.45 0.146875 0.0421875 0.07265625
1 0.4171875 0.0953125 0.0296875 0.0484375
1 0.46328125 0.090625 0.03125 0.07421875
1 0.5078125 0.10078125 0.0359375 0.05390625
1 0.54609375 0.0875 0.0234375 0.046875
1 0.571875 0.103125 0.028125 0.05390625
1 0.59453125 0.09375 0.0265625 0.06015625
1 0.63359375 0.1140625 0.0296875 0.05859375
1 0.67265625 0.18125 0.04296875 0.08984375
1 0.7 0.1390625 0.0421875 0.08828125
1 0.78828125 0.15234375 0.03203125 0.0625
1 0.85234375 0.24296875 0.0625 0.10859375
1 0.865625 0.3703125 0.10703125 0.18828125
1 0.84921875 0.1828125 0.05703125 0.1140625
1 0.95 0.196875 0.04921875 0.1