1 0.28203125 0.18984375 0.015625 0.03046875
1 0.31015625 0.19453125 0.01875 0.0421875
1 0.3578125 0.31484375 0.0375 0.07265625
1 0.50546875 0.321875 0.04453125 0.0875
1 0.54609375 0.16328125 0.02421875 0.0484375
1 0.5953125 0.12890625 0.02109375 0.046875
1 0.65390625 0.1234375 0.01875 0.04375
1 0.67265625 0.1515625 0.02421875 0.046875
1 0.64140625 0.24609375 0.01953125 0.0515625
1 0.65625 0.240625 0.025 0.046875
1 0.7421875 0.23046875 0.0203125 0.05
1 0.7625 0.2390625 0.01796875 0.046875
1 0.75 0.28515625 0.02890625 0.06171875