1 0.840625 0.115625 0.0109375 0.02421875
1 0.86640625 0.1234375 0.0078125 0.02578125
1 0.853125 0.14375 0.0109375 0.0296875
1 0.88828125 0.14453125 0.0125 0.02734375
1 0.90390625 0.14296875 0.009375 0.02421875
1 0.928125 0.153125 0.00703125 0.0203125
1 0.92421875 0.2 0.015625 0.03828125
1 0.93046875 0.23203125 0.01484375 0.03984375
1 0.88359375 0.18203125 0.01640625 0.03984375
1 0.8765625 0.196875 0.0171875 0.03828125
1 0.865625 0.25625 0.01953125 0.03984375
1 0.9140625 0.29375 0.02109375 0.06015625
1 0.89609375 0.359375 0.02265625 0.0640625
1 0.8453125 0.2921875 0.0265625 0.0640625
1 0.79453125 0.36484375 0.02734375 0.0640625
1 0.76796875 0.2640625 0.0234375 0.05546875
1 0.74765625 0.33203125 0.02890625 0.0671875
1 0.8109375 0.13203125 0.015625 0.0359375
1 0.81875 0.1453125 0.01484375 0.0359375
1 0.79375 0.13984375 0.01328125 0.034375
1 0.825 0.19453125 0.01484375 0.04453125
1 0.80859375 0.2421875 0.0203125 0.046875
1 0.778125 0.190625 0.02265625 0.053125
1 0.73828125 0.178125 0.01640625 0.03984375
1 0.75 0.21640625 0.0203125 0.05
1 0.7078125 0.2234375 0.0171875 0.04296875
1 0.696875 0.28125 0.02421875 0.0484375
1 0.6890625 0.3109375 0.03046875 0.0671875
1 0.69296875 0.18515625 0.01953125 0.03984375
1 0.66953125 0.16953125 0.015625 0.03984375
1 0.66171875 0.20546875 0.01875 0.04453125
1 0.690625 0.14453125 0.015625 0.02734375
1 0.7 0.09765625 0.009375 0.02265625
1 0.67265625 0.10234375 0.0109375 0.02265625
1 0.59375 0.103125 0.009375 0.02421875
1 0.61796875 0.1 0.0109375 0.0203125
1 0.6375 0.10234375 0.0109375 0.02265625
1 0.65390625 0.115625 0.0109375 0.02421875
1 0.64609375 0.13125 0.0109375 0.02421875
1 0.6015625 0.15078125 0.0125 0.02578125
1 0.609375 0.1265625 0.01171875 0.02265625
1 0.55546875 0.1109375 0.0109375 0.02265625
1 0.5609375 0.125 0.01171875 0.02578125
1 0.5734375 0.16171875 0.01171875 0.02734375
1 0.52890625 0.12734375 0.009375 0.0203125
1 0.5453125 0.16953125 0.01328125 0.0296875
1 0.5203125 0.16484375 0.01328125 0.02578125
1 0.509375 0.13046875 0.0078125 0.02265625
1 0.471875 0.15625 0.01171875 0.0296875
1 0.45 0.15078125 0.00859375 0.02265625
1 0.44609375 0.1828125 0.0125 0.02734375
1 0.44453125 0.22265625 0.01640625 0.03828125
1 0.48046875 0.18125 0.0125 0.034375
1 0.490625 0.1578125 0.01328125 0.0296875
1 0.4890625 0.190625 0.01640625 0.0359375
1 0.4890625 0.29921875 0.025 0.05
1 0.521875 0.1953125 0.01328125 0.04296875
1 0.53359375 0.3234375 0.025 0.053125
1 0.56015625 0.2578125 0.0203125 0.046875
1 0.61484375 0.20234375 0.01640625 0.03984375
1 0.60859375 0.3171875 0.0234375 0.05546875
1 0.25546875 0.26015625 0.01328125 0.034375
1 0.27890625 0.24921875 0.01484375 0.02578125
1 0.328125 0.203125 0.015625 0.03125
1 0.3625 0.19140625 0.0109375 0.03125
1 0.35859375 0.23984375 0.02421875 0.0515625
1 0.38671875 0.26796875 0.01328125 0.0359375
1 0.4078125 0.1828125 0.015625 0.034375
1 0.39296875 0.2109375 0.01484375 0.03984375
1 0.3890625 0.196875 0.01484375 0.034375