1 0.08671875 0.4921875 0.16640625 0.30703125
1 0.11171875 0.3203125 0.15 0.1171875
1 0.0453125 0.25078125 0.08359375 0.07734375
1 0.1046875 0.22578125 0.08359375 0.05703125
1 0.33359375 0.24921875 0.0734375 0.0546875
1 0.28828125 0.221875 0.05703125 0.05
1 0.2515625 0.2109375 0.04296875 0.03203125
1 0.41640625 0.28046875 0.09296875 0.0921875
1 0.5984375 0.33203125 0.18984375 0.16953125
1 0.48359375 0.2296875 0.0734375 0.06484375
1 0.41640625 0.2265625 0.053125 0.03515625
1 0.58984375 0.2234375 0.053125 0.0375
1 0.675 0.2640625 0.0765625 0.06484375
1 0.76484375 0.25078125 0.0703125 0.05703125
1 0.86015625 0.240625 0.06015625 0.04765625
1 0.89140625 0.321875 0.11640625 0.1046875
1 0.975 0.284375 0.05 0.075
1 0.746875 0.159375 0.06015625 0.0546875