1 0.2296875 0.725 0.12109375 0.21015625
1 0.60078125 0.48203125 0.08125 0.16328125
1 0.775 0.7734375 0.14296875 0.2265625
1 0.9671875 0.475 0.065625 0.15703125
1 0.8265625 0.40859375 0.07890625 0.11640625
1 0.925 0.31796875 0.053125 0.11015625
1 0.853125 0.26484375 0.05703125 0.08984375
1 0.74296875 0.2984375 0.06171875 0.096875
1 0.70859375 0.2703125 0.04140625 0.09296875
1 0.72109375 0.2203125 0.0484375 0.06640625
1 0.71171875 0.178125 0.03515625 0.06328125
1 0.67890625 0.18515625 0.03046875 0.04296875
1 0.76953125 0.1453125 0.03046875 0.05
1 0.6078125 0.203125 0.0328125 0.06015625
1 0.5546875 0.31015625 0.0546875 0.08671875
1 0.4734375 0.278125 0.0546875 0.0765625
1 0.4703125 0.21328125 0.03515625 0.053125
1 0.31640625 0.253125 0.0484375 0.08671875
1 0.27578125 0.38671875 0.0859375 0.10703125
1 0.11796875 0.26796875 0.0546875 0.0765625
1 0.07890625 0.2265625 0.0484375 0.0734375
1 0.0375 0.18203125 0.03515625 0.06328125
1 0.2484375 0.196875 0.03515625 0.06015625
1 0.203125 0.1484375 0.02890625 0.04296875
1 0.24921875 0.1265625 0.02890625 0.03984375
1 0.3515625 0.175 0.03984375 0.06328125