1 0.70234375 0.5921875 0.0765625 0.15234375
1 0.7203125 0.41875 0.05703125 0.1078125
1 0.63359375 0.2484375 0.02109375 0.046875
1 0.7921875 0.22890625 0.01484375 0.03359375
1 0.8328125 0.26015625 0.021875 0.046875
1 0.9515625 0.2078125 0.0125 0.03203125
1 0.928125 0.275 0.015625 0.04296875
1 0.58125 0.21875 0.01875 0.04296875
1 0.55703125 0.2 0.01875 0.03515625
1 0.5203125 0.1953125 0.01796875 0.03359375
1 0.58046875 0.13203125 0.01171875 0.02578125
1 0.4796875 0.134375 0.01328125 0.0296875
1 0.46953125 0.16015625 0.01015625 0.02265625
1 0.44453125 0.22890625 0.01796875 0.03359375
1 0.41484375 0.22421875 0.01640625 0.03203125
1 0.403125 0.1921875 0.01796875 0.0375
1 0.3796875 0.1703125 0.01640625 0.028125
1 0.32734375 0.2 0.01328125 0.03203125