1 0.1375 0.390625 0.053125 0.084375
1 0.18828125 0.4671875 0.0578125 0.1109375
1 0.3015625 0.490625 0.0703125 0.11640625
1 0.30703125 0.1625 0.03125 0.05546875
1 0.41875 0.79140625 0.0546875 0.0953125
1 0.47265625 0.81640625 0.04375 0.08671875
1 0.57421875 0.8234375 0.046875 0.08984375
1 0.628125 0.79921875 0.0453125 0.084375
1 0.71328125 0.71796875 0.034375 0.06875
1 0.690625 0.8125 0.0359375 0.07421875
1 0.7625 0.7375 0.03125 0.07109375
1 0.7890625 0.709375 0.034375 0.06328125
1 0.8265625 0.68828125 0.03125 0.06875
1 0.840625 0.63984375 0.0375 0.065625
1 0.83203125 0.58984375 0.0296875 0.04453125
1 0.83984375 0.5515625 0.0234375 0.04765625
1 0.83359375 0.51953125 0.0234375 0.0421875
1 0.8171875 0.4671875 0.021875 0.04765625
1 0.74921875 0.4 0.01875 0.04453125
1 0.7359375 0.38359375 0.0140625 0.03984375
1 0.88359375 0.74921875 0.0453125 0.08984375