1 0.02421875 0.43203125 0.02890625 0.05234375
1 0.2359375 0.3390625 0.015625 0.03671875
1 0.25859375 0.3734375 0.01796875 0.0390625
1 0.28984375 0.30546875 0.01484375 0.0390625
1 0.3375 0.35 0.0203125 0.04921875
1 0.3578125 0.29453125 0.01484375 0.03671875
1 0.39296875 0.26796875 0.0140625 0.03359375
1 0.3890625 0.334375 0.0125 0.03203125
1 0.40625 0.3375 0.0171875 0.03828125
1 0.428125 0.25625 0.015625 0.03359375
1 0.4421875 0.34296875 0.01640625 0.03515625
1 0.44609375 0.2671875 0.01171875 0.02421875
1 0.45546875 0.24296875 0.01015625 0.02421875
1 0.465625 0.2390625 0.01015625 0.01796875
1 0.46796875 0.30625 0.0140625 0.0296875
1 0.49921875 0.3234375 0.021875 0.03828125
1 0.5078125 0.2671875 0.0140625 0.0265625
1 0.53828125 0.25 0.01953125 0.0296875
1 0.45859375 0.4125 0.02734375 0.05078125
1 0.53203125 0.36171875 0.0203125 0.05078125
1 0.5421875 0.40546875 0.0265625 0.05078125
1 0.55546875 0.28828125 0.01875 0.0296875
1 0.55546875 0.23203125 0.01171875 0.0265625
1 0.5703125 0.23125 0.0171875 0.03359375
1 0.5984375 0.225 0.0109375 0.0265625
1 0.60625 0.2109375 0.015625 0.03359375
1 0.5796875 0.2671875 0.01171875 0.03203125
1 0.59453125 0.328125 0.0203125 0.0453125
1 0.6078125 0.36796875 0.021875 0.04609375
1 0.59296875 0.440625 0.0265625 0.06171875
1 0.63671875 0.45234375 0.03203125 0.05625
1 0.64375 0.375 0.0234375 0.05390625
1 0.628125 0.309375 0.01875 0.03203125
1 0.63359375 0.25390625 0.0125 0.025
1 0.634375 0.2328125 0.02109375 0.03515625
1 0.65390625 0.2125 0.01171875 0.025
1 0.665625 0.23046875 0.0125 0.0296875
1 0.659375 0.24609375 0.015625 0.0265625
1 0.671875 0.27421875 0.01484375 0.03515625
1 0.6921875 0.22890625 0.0125 0.03203125
1 0.70078125 0.2609375 0.01796875 0.03125
1 0.68203125 0.35390625 0.02109375 0.040625
1 0.7 0.4890625 0.03359375 0.0609375
1 0.725 0.40546875 0.025 0.0453125
1 0.7328125 0.25390625 0.01953125 0.03515625
1 0.7203125 0.29140625 0.0203125 0.028125
1 0.7625 0.28203125 0.01640625 0.028125
1 0.74921875 0.23828125 0.01484375 0.03671875
1 0.76875 0.24296875 0.0109375 0.0265625
1 0.78046875 0.2578125 0.015625 0.03125
1 0.81171875 0.26484375 0.0171875 0.03359375
1 0.83125 0.259375 0.0125 0.03359375
1 0.8625 0.2578125 0.0109375 0.0390625
1 0.775 0.4265625 0.02421875 0.0453125
1 0.81875 0.52578125 0.034375 0.09140625
1 0.83515625 0.4265625 0.0296875 0.05078125
1 0.803125 0.365625 0.01953125 0.04609375
1 0.8109375 0.30390625 0.01484375 0.03125
1 0.8375 0.30078125 0.01796875 0.03828125
1 0.88671875 0.284375 0.015625 0.03125
1 0.853125 0.36796875 0.0171875 0.05078125
1 0.86640625 0.35234375 0.01875 0.05078125
1 0.90390625 0.32265625 0.0125 0.03671875
1 0.92109375 0.3 0.01484375 0.03359375
1 0.91875 0.28125 0.015625 0.0265625
1 0.92734375 0.36796875 0.0203125 0.04921875
1 0.90078125 0.4671875 0.0296875 0.06328125
1 0.84609375 0.28203125 0.015625 0.025
1 0.8515625 0.26875 0.0109375 0.028125
1 0.40625 0.30390625 0.02109375 0.0421875
1 0.59375 0.25625 0.01484375 0.03359375
1 0.62265625 0.21796875 0.01171875 0.025