1 0.58203125 0.1125 0.01015625 0.02890625
1 0.60546875 0.11328125 0.01015625 0.0234375
1 0.63359375 0.12421875 0.0078125 0.0203125
1 0.659375 0.1234375 0.009375 0.025
1 0.62578125 0.2453125 0.02109375 0.05625
1 0.58046875 0.259375 0.01875 0.03984375
1 0.390625 0.23984375 0.0140625 0.03828125
1 0.4046875 0.21015625 0.01640625 0.03984375
1 0.440625 0.20546875 0.01484375 0.034375
1 0.44375 0.2453125 0.01484375 0.03828125
1 0.4734375 0.22109375 0.01484375 0.04375
1 0.2484375 0.40703125 0.05234375 0.125
1 0.3375 0.490625 0.05859375 0.13046875