1 0.0171875 0.23984375 0.03203125 0.09296875
1 0.06015625 0.27890625 0.0421875 0.0859375
1 0.10703125 0.23671875 0.053125 0.10703125
1 0.2109375 0.33359375 0.0609375 0.128125
1 0.1984375 0.228125 0.0375 0.07890625
1 0.259375 0.26171875 0.04296875 0.084375
1 0.309375 0.415625 0.0765625 0.16640625
1 0.3109375 0.24609375 0.04296875 0.08046875
1 0.38125 0.19609375 0.03359375 0.0640625
1 0.44296875 0.27109375 0.0890625 0.16953125
1 0.56171875 0.26796875 0.0359375 0.071875
1 0.65625 0.21953125 0.03046875 0.0609375
1 0.6734375 0.29140625 0.0421875 0.0890625
1 0.653125 0.521875 0.1078125 0.25390625
1 0.78359375 0.38046875 0.0765625 0.15546875
1 0.75625 0.3015625 0.05234375 0.0859375
1 0.7671875 0.2421875 0.0453125 0.07109375
1 0.96484375 0.25546875 0.0484375 0.1
1 0.9328125 0.321875 0.07109375 0.12890625