1 0.109375 0.428125 0.075 0.11796875
1 0.1625 0.365625 0.04921875 0.05859375
1 0.15078125 0.33125 0.03828125 0.05078125
1 0.240625 0.4078125 0.071875 0.08515625
1 0.31484375 0.44375 0.06640625 0.103125
1 0.3125 0.34296875 0.0421875 0.06484375
1 0.28984375 0.32734375 0.03515625 0.05625
1 0.44296875 0.384375 0.06171875 0.0875
1 0.51640625 0.38828125 0.05859375 0.08515625
1 0.53515625 0.2078125 0.03515625 0.07421875
1 0.45078125 0.55546875 0.1 0.16875
1 0.62109375 0.7671875 0.14296875 0.23203125
1 0.70546875 0.47578125 0.08828125 0.13359375
1 0.809375 0.459375 0.0578125 0.096875
1 0.8390625 0.20546875 0.05625 0.08984375
1 0.9625 0.48671875 0.07421875 0.1375