1 0.91953125 0.25859375 0.01328125 0.02734375
1 0.9375 0.28046875 0.015625 0.03359375
1 0.884375 0.25546875 0.01328125 0.03046875
1 0.89609375 0.2859375 0.01484375 0.0359375
1 0.8953125 0.26953125 0.01640625 0.02890625
1 0.9828125 0.31328125 0.0140625 0.03203125
1 0.95078125 0.33671875 0.0203125 0.0390625
1 0.921875 0.328125 0.01875 0.0421875
1 0.91015625 0.33984375 0.02265625 0.0453125
1 0.8875 0.32421875 0.01953125 0.0359375
1 0.9734375 0.36484375 0.015625 0.0453125
1 0.984375 0.28359375 0.01328125 0.02734375
1 0.896875 0.365625 0.02109375 0.059375
1 0.95859375 0.49296875 0.02890625 0.06953125
1 0.8875 0.4765625 0.0296875 0.0609375
1 0.8515625 0.52890625 0.028125 0.06953125
1 0.80859375 0.44296875 0.021875 0.0625
1 0.84765625 0.36171875 0.0203125 0.04765625
1 0.85625 0.34375 0.0234375 0.04375
1 0.86015625 0.3046875 0.01953125 0.0375
1 0.85703125 0.2703125 0.0171875 0.0359375
1 0.8453125 0.24375 0.01640625 0.02890625
1 0.81640625 0.2421875 0.01484375 0.02890625
1 0.81171875 0.27890625 0.0171875 0.0390625
1 0.7828125 0.234375 0.01484375 0.02734375
1 0.79765625 0.2640625 0.015625 0.02890625
1 0.7640625 0.25 0.015625 0.03359375
1 0.77734375 0.25859375 0.01484375 0.0421875
1 0.79375 0.3 0.0203125 0.040625
1 0.74140625 0.30390625 0.01875 0.0390625
1 0.7375 0.25234375 0.015625 0.03515625
1 0.72578125 0.22109375 0.015625 0.02734375
1 0.6328125 0.2046875 0.01328125 0.02734375
1 0.66484375 0.225 0.01328125 0.03046875
1 0.68828125 0.21875 0.0125 0.02578125
1 0.7046875 0.2296875 0.01328125 0.03046875
1 0.69453125 0.28515625 0.0140625 0.0359375
1 0.66953125 0.253125 0.0140625 0.03359375
1 0.62421875 0.228125 0.0140625 0.03046875
1 0.64921875 0.22109375 0.015625 0.03359375
1 0.6234375 0.253125 0.01484375 0.03359375
1 0.65625 0.3078125 0.0171875 0.0390625
1 0.7078125 0.32421875 0.02109375 0.0390625
1 0.58359375 0.21953125 0.01171875 0.025
1 0.5921875 0.2171875 0.009375 0.01484375
1 0.603125 0.26484375 0.01328125 0.0359375
1 0.56953125 0.246875 0.0140625 0.03359375
1 0.5703125 0.28359375 0.01640625 0.0390625
1 0.48125 0.23984375 0.01171875 0.025
1 0.47265625 0.25 0.01171875 0.021875
1 0.5359375 0.278125 0.015625 0.03515625
1 0.5234375 0.2734375 0.01484375 0.03046875
1 0.5328125 0.253125 0.01328125 0.021875
1 0.396875 0.265625 0.01171875 0.03046875
1 0.43671875 0.253125 0.0125 0.025
1 0.471875 0.271875 0.0140625 0.02734375
1 0.44375 0.275 0.0140625 0.02890625
1 0.41484375 0.28203125 0.01328125 0.03046875
1 0.41484375 0.3046875 0.015625 0.03203125
1 0.4203125 0.334375 0.01640625 0.0359375
1 0.35546875 0.303125 0.015625 0.03515625
1 0.35546875 0.33515625 0.0171875 0.03359375
1 0.38984375 0.3515625 0.01953125 0.0390625
1 0.28515625 0.315625 0.01640625 0.03203125
1 0.225 0.33984375 0.01484375 0.03359375
1 0.2546875 0.3671875 0.01875 0.0453125
1 0.290625 0.36796875 0.0234375 0.04609375
1 0.3203125 0.39453125 0.02421875 0.0375
1 0.45703125 0.3625 0.02109375 0.03515625
1 0.44375 0.3171875 0.0203125 0.04375
1 0.478125 0.3171875 0.021875 0.0375
1 0.51640625 0.33203125 0.01640625 0.03203125
1 0.47890625 0.4109375 0.028125 0.059375
1 0.54609375 0.38515625 0.021875 0.05234375
1 0.540625 0.44765625 0.02890625 0.0609375
1 0.58828125 0.403125 0.028125 0.04375
1 0.609375 0.45546875 0.02890625 0.0765625
1 0.65625 0.48828125 0.0359375 0.0640625
1 0.73125 0.553125 0.03671875 0.07421875
1 0.690625 0.37109375 0.02578125 0.04921875
1 0.71484375 0.3765625 0.02421875 0.04609375
1 0.7484375 0.4046875 0.02734375 0.0546875
1 0.6203125 0.33828125 0.02265625 0.0453125
1 0.66640625 0.36328125 0.02265625 0.04765625
1 0.13359375 0.553125 0.0421875 0.0796875