1 0.05703125 0.27265625 0.03046875 0.05
1 0.08671875 0.32890625 0.03203125 0.05
1 0.10625 0.3 0.025 0.04765625
1 0.1140625 0.26796875 0.025 0.03984375
1 0.128125 0.375 0.03203125 0.06171875
1 0.1453125 0.346875 0.0265625 0.03828125
1 0.14921875 0.309375 0.02109375 0.03828125
1 0.17578125 0.278125 0.02421875 0.03984375
1 0.1796875 0.3796875 0.0375 0.07578125
1 0.20703125 0.34375 0.028125 0.04375
1 0.22734375 0.37421875 0.03359375 0.05625
1 0.2125 0.30234375 0.025 0.03984375
1 0.228125 0.271875 0.02421875 0.03984375
1 0.25703125 0.28125 0.01875 0.0421875
1 0.26640625 0.40703125 0.0375 0.065625
1 0.2640625 0.33984375 0.02421875 0.05234375
1 0.275 0.30703125 0.025 0.0421875
1 0.3 0.290625 0.01875 0.034375
1 0.30546875 0.378125 0.0265625 0.06015625
1 0.3390625 0.41171875 0.0359375 0.0640625
1 0.3265625 0.35234375 0.0265625 0.05234375
1 0.3359375 0.31015625 0.02109375 0.0359375
1 0.3515625 0.2890625 0.0203125 0.03828125
1 0.3828125 0.378125 0.0265625 0.05625
1 0.3859375 0.340625 0.02265625 0.03828125
1 0.3796875 0.31484375 0.02109375 0.034375
1 0.4046875 0.28984375 0.025 0.0359375
1 0.425 0.41328125 0.03828125 0.078125
1 0.43828125 0.33828125 0.028125 0.04765625
1 0.43984375 0.31015625 0.02421875 0.03203125
1 0.4578125 0.30625 0.0171875 0.03984375
1 0.4734375 0.36796875 0.0296875 0.0640625
1 0.51015625 0.39921875 0.04140625 0.078125
1 0.51171875 0.33125 0.025 0.0421875
1 0.48671875 0.315625 0.02421875 0.03984375
1 0.50234375 0.2859375 0.0171875 0.03203125
1 0.54609375 0.3046875 0.0203125 0.03828125
1 0.56171875 0.3 0.02265625 0.0359375
1 0.58359375 0.34921875 0.025 0.05
1 0.56484375 0.41484375 0.03359375 0.06171875
1 0.58359375 0.4671875 0.03828125 0.0703125
1 0.6203125 0.40234375 0.03046875 0.06015625
1 0.60234375 0.31796875 0.0203125 0.03984375
1 0.58984375 0.3109375 0.0203125 0.0296875
1 0.640625 0.309375 0.0203125 0.0421875
1 0.64765625 0.371875 0.02265625 0.04375
1 0.68984375 0.440625 0.04140625 0.08203125
1 0.68359375 0.375 0.03046875 0.05
1 0.6640625 0.32578125 0.02421875 0.04375
1 0.6734375 0.28671875 0.01875 0.034375
1 0.70546875 0.3203125 0.02109375 0.03984375
1 0.7234375 0.33984375 0.025 0.04375
1 0.72109375 0.29296875 0.02109375 0.03828125
1 0.75546875 0.309375 0.025 0.03828125
1 0.75390625 0.3828125 0.03359375 0.06171875
1 0.78984375 0.3421875 0.028125 0.05625
1 0.80234375 0.421875 0.03984375 0.06796875
1 0.77421875 0.26484375 0.02265625 0.03828125
1 0.8140625 0.303125 0.02265625 0.0421875
1 0.82578125 0.25703125 0.025 0.0421875
1 0.81953125 0.35625 0.03359375 0.05625
1 0.878125 0.4078125 0.0359375 0.0640625
1 0.9 0.37109375 0.0296875 0.0578125
1 0.87421875 0.309375 0.025 0.04609375
1 0.93828125 0.27734375 0.028125 0.05
1 0.94453125 0.40234375 0.04140625 0.071875