1 0.07578125 0.2265625 0.08671875 0.134375
1 0.165625 0.4296875 0.090625 0.146875
1 0.26171875 0.290625 0.0640625 0.10625
1 0.24765625 0.4296875 0.08046875 0.146875
1 0.371875 0.4046875 0.06875 0.109375
1 0.3921875 0.340625 0.06015625 0.125
1 0.45234375 0.43125 0.05234375 0.1125
1 0.5359375 0.3234375 0.05859375 0.109375
1 0.553125 0.4453125 0.07265625 0.128125
1 0.615625 0.4296875 0.0484375 0.103125
1 0.615625 0.3046875 0.07265625 0.115625
1 0.69921875 0.2984375 0.05859375 0.115625
1 0.7859375 0.2515625 0.08671875 0.140625
1 0.87890625 0.359375 0.06875 0.11875
1 0.08046875 0.365625 0.0640625 0.1125
1 0.14375 0.3421875 0.0703125 0.109375