1 0.3796875 0.64296875 0.09921875 0.20234375
1 0.22265625 0.53359375 0.05234375 0.0859375
1 0.16484375 0.48828125 0.05234375 0.10234375
1 0.11484375 0.48515625 0.04296875 0.0875
1 0.075 0.4671875 0.0421875 0.08359375
1 0.05 0.45859375 0.02734375 0.06484375
1 0.021875 0.42265625 0.021875 0.0453125
1 0.12265625 0.39921875 0.02109375 0.04609375
1 0.17109375 0.4171875 0.02890625 0.0546875
1 0.209375 0.44140625 0.02890625 0.0546875
1 0.25078125 0.4421875 0.03125 0.05234375
1 0.28828125 0.4328125 0.03203125 0.05625
1 0.3296875 0.478125 0.04296875 0.0703125
1 0.37265625 0.45 0.02890625 0.06484375
1 0.4140625 0.46953125 0.0453125 0.06875
1 0.490625 0.46796875 0.05 0.08125
1 0.46171875 0.41953125 0.03359375 0.06875
1 0.49609375 0.396875 0.01953125 0.0515625
1 0.35703125 0.3171875 0.034375 0.0625
1 0.56328125 0.3921875 0.0203125 0.0453125
1 0.58515625 0.428125 0.0359375 0.07109375
1 0.6484375 0.46015625 0.0515625 0.08984375
1 0.628125 0.4203125 0.03125 0.06015625
1 0.62421875 0.371875 0.0125 0.02421875
1 0.6625 0.36640625 0.01328125 0.03671875
1 0.64609375 0.39296875 0.0203125 0.05078125
1 0.68359375 0.45 0.03203125 0.0703125
1 0.69609375 0.41171875 0.0234375 0.04140625
1 0.69375 0.36171875 0.01328125 0.03203125
1 0.7140625 0.3671875 0.01640625 0.02734375
1 0.71796875 0.3390625 0.01640625 0.0265625
1 0.7625 0.31015625 0.015625 0.0359375
1 0.80078125 0.37578125 0.0203125 0.03359375
1 0.79609375 0.3484375 0.0171875 0.0203125
1 0.778125 0.38515625 0.02109375 0.034375
1 0.74609375 0.41015625 0.021875 0.04375
1 0.72890625 0.39453125 0.0171875 0.0359375
1 0.7609375 0.43828125 0.0328125 0.05859375
1 0.790625 0.4296875 0.02109375 0.0375
1 0.83203125 0.42109375 0.0234375 0.0453125
1 0.85 0.35546875 0.015625 0.04140625
1 0.87734375 0.3703125 0.01953125 0.0359375
1 0.8875 0.3546875 0.01953125 0.0328125
1 0.928125 0.346875 0.0171875 0.02421875
1 0.95234375 0.36875 0.01796875 0.03984375
1 0.9734375 0.359375 0.01484375 0.03125
1 0.99140625 0.39453125 0.015625 0.0390625
1 0.98828125 0.45390625 0.02265625 0.06640625
1 0.93515625 0.603125 0.08828125 0.1609375
1 0.89921875 0.5015625 0.05703125 0.09375
1 0.88359375 0.43515625 0.03046875 0.05625
1 0.8625 0.4296875 0.025 0.06015625
1 0.94921875 0.4078125 0.02265625 0.0484375
1 0.7421875 0.5703125 0.08046875 0.15078125
1 0.64296875 0.67421875 0.1125 0.21328125