1 0.0921875 0.5015625 0.05 0.10078125
1 0.05859375 0.4625 0.03828125 0.06484375
1 0.0359375 0.446875 0.034375 0.04375
1 0.11015625 0.4453125 0.03125 0.0515625
1 0.18203125 0.34609375 0.04296875 0.0703125
1 0.1921875 0.5625 0.0640625 0.1140625
1 0.23828125 0.4625 0.03125 0.059375
1 0.26953125 0.47890625 0.03125 0.07265625
1 0.3015625 0.509375 0.03984375 0.08046875
1 0.309375 0.44453125 0.02734375 0.04921875
1 0.359375 0.45234375 0.03125 0.0546875
1 0.35390625 0.521875 0.03828125 0.075
1 0.425 0.5015625 0.034375 0.06484375
1 0.4453125 0.3921875 0.04140625 0.06484375
1 0.4984375 0.45078125 0.0359375 0.0625
1 0.55390625 0.559375 0.08828125 0.134375
1 0.54296875 0.46484375 0.0359375 0.0703125
1 0.57265625 0.490625 0.0328125 0.059375
1 0.609375 0.475 0.03828125 0.059375
1 0.62578125 0.50546875 0.046875 0.07734375
1 0.6609375 0.47265625 0.0359375 0.08046875
1 0.69609375 0.53984375 0.07578125 0.13203125
1 0.74609375 0.53203125 0.06875 0.121875
1 0.759375 0.38984375 0.0328125 0.0703125
1 0.80859375 0.475 0.0484375 0.075
1 0.86328125 0.515625 0.0625 0.1140625
1 0.975 0.478125 0.046875 0.10078125