1 0.0421875 0.52421875 0.078125 0.11953125
1 0.040625 0.4484375 0.0546875 0.07578125
1 0.0546875 0.66015625 0.0859375 0.1359375
1 0.11953125 0.5734375 0.0890625 0.10859375
1 0.0921875 0.38046875 0.04140625 0.07578125
1 0.15625 0.3515625 0.0515625 0.0734375
1 0.20859375 0.4296875 0.059375 0.0921875
1 0.2546875 0.37890625 0.053125 0.084375
1 0.3578125 0.3046875 0.03671875 0.06484375
1 0.41796875 0.3625 0.04765625 0.0625
1 0.46484375 0.40625 0.053125 0.084375
1 0.43515625 0.50546875 0.0859375 0.10859375
1 0.3296875 0.66953125 0.09921875 0.165625
1 0.66875 0.571875 0.09921875 0.1546875
1 0.77578125 0.51484375 0.09453125 0.14375
1 0.6625 0.39296875 0.053125 0.06796875
1 0.59453125 0.4078125 0.04296875 0.07578125
1 0.59765625 0.3109375 0.0296875 0.05703125
1 0.65625 0.32890625 0.04453125 0.0546875
1 0.70703125 0.3359375 0.03671875 0.06796875
1 0.76953125 0.32578125 0.04296875 0.06015625
1 0.83359375 0.40078125 0.0515625 0.0734375
1 0.86171875 0.33984375 0.0515625 0.06484375
1 0.96953125 0.425 0.0609375 0.10625
1 0.96953125 0.353125 0.04765625 0.07578125