1 0.18203125 0.30078125 0.346875 0.58046875
1 0.371875 0.275 0.03046875 0.05
1 0.43359375 0.3625 0.03203125 0.04296875
1 0.41875 0.33359375 0.028125 0.0390625
1 0.51015625 0.29921875 0.0234375 0.0375
1 0.55078125 0.3125 0.015625 0.03203125
1 0.5671875 0.259375 0.025 0.03203125
1 0.6328125 0.296875 0.0109375 0.025
1 0.65546875 0.29375 0.0140625 0.0265625
1 0.7296875 0.26015625 0.0203125 0.03359375
1 0.71484375 0.24140625 0.01875 0.04296875
1 0.7796875 0.2484375 0.02109375 0.0390625
1 0.83046875 0.271875 0.01875 0.0390625
1 0.940625 0.39765625 0.0453125 0.07109375
1 0.9515625 0.36484375 0.0328125 0.0515625
1 0.9359375 0.30703125 0.02109375 0.03515625
1 0.92109375 0.28359375 0.01640625 0.0265625
1 0.86953125 0.29296875 0.02109375 0.025
1 0.89453125 0.28359375 0.01171875 0.0265625
1 0.9671875 0.2859375 0.01640625 0.0390625
1 0.68203125 0.29140625 0.01171875 0.02109375