1 0.0671875 0.5671875 0.05625 0.1359375
1 0.18515625 0.28671875 0.02265625 0.0578125
1 0.215625 0.29375 0.02578125 0.0578125
1 0.2546875 0.2375 0.021875 0.04765625
1 0.29296875 0.24453125 0.0203125 0.0546875
1 0.29609375 0.20625 0.02109375 0.04921875
1 0.31328125 0.22734375 0.02109375 0.06015625
1 0.33671875 0.20703125 0.01640625 0.04375
1 0.35 0.196875 0.01953125 0.040625
1 0.36015625 0.25859375 0.01953125 0.04765625
1 0.38671875 0.2328125 0.0140625 0.04609375
1 0.37890625 0.18515625 0.01875 0.0421875
1 0.42421875 0.32109375 0.02578125 0.04921875
1 0.459375 0.24609375 0.021875 0.0546875
1 0.4796875 0.20546875 0.01796875 0.04765625
1 0.48125 0.15234375 0.01796875 0.04375
1 0.43984375 0.15546875 0.01796875 0.04609375
1 0.4234375 0.190625 0.0171875 0.0390625
1 0.41796875 0.16328125 0.0171875 0.03671875
1 0.51953125 0.225 0.02109375 0.05078125
1 0.509375 0.1640625 0.01796875 0.04921875
1 0.56484375 0.19609375 0.01796875 0.0390625
1 0.54921875 0.1578125 0.01640625 0.040625
1 0.54296875 0.12890625 0.01640625 0.03515625
1 0.56953125 0.12734375 0.0171875 0.04609375
1 0.58984375 0.1125 0.01640625 0.0421875
1 0.5984375 0.15 0.01875 0.04609375
1 0.59453125 0.1890625 0.0171875 0.0421875
1 0.615625 0.19140625 0.01875 0.05078125
1 0.62265625 0.12265625 0.0140625 0.040625
1 0.6390625 0.14453125 0.0171875 0.04609375
1 0.65 0.1734375 0.01484375 0.03671875
1 0.64921875 0.12109375 0.01484375 0.040625
1 0.68046875 0.12890625 0.0171875 0.0390625
1 0.68203125 0.16171875 0.01796875 0.040625
1 0.70703125 0.15 0.01640625 0.0421875
1 0.5671875 0.3359375 0.025 0.07265625
1 0.59921875 0.3890625 0.02734375 0.06875
1 0.65390625 0.40546875 0.0296875 0.0703125
1 0.609375 0.28828125 0.028125 0.0578125
1 0.6484375 0.26953125 0.025 0.0671875
1 0.7078125 0.209375 0.01875 0.04375
1 0.715625 0.25859375 0.02421875 0.0578125
1 0.7265625 0.20390625 0.0171875 0.04765625
1 0.73359375 0.228125 0.015625 0.04375
1 0.74921875 0.2 0.01640625 0.040625
1 0.77109375 0.2046875 0.01484375 0.0421875
1 0.7703125 0.178125 0.0171875 0.03515625
1 0.74296875 0.2859375 0.01953125 0.05625
1 0.71953125 0.40546875 0.025 0.0671875
1 0.79296875 0.44921875 0.03203125 0.08671875
1 0.81015625 0.30234375 0.0203125 0.06171875
1 0.78671875 0.25625 0.01796875 0.0578125
1 0.8109375 0.21875 0.01875 0.04609375
1 0.8046875 0.18359375 0.01640625 0.0390625
1 0.825 0.2109375 0.01328125 0.040625
1 0.86328125 0.2234375 0.01328125 0.040625
1 0.8546875 0.340625 0.01796875 0.05625
1 0.8640625 0.31484375 0.01640625 0.040625
1 0.88515625 0.2796875 0.01796875 0.0546875
1 0.87734375 0.24765625 0.015625 0.03671875
1 0.8953125 0.25625 0.015625 0.03671875
1 0.903125 0.23203125 0.01484375 0.04375
1 0.87578125 0.43203125 0.02421875 0.07421875
1 0.8796875 0.5015625 0.03828125 0.07265625
1 0.9578125 0.46015625 0.02890625 0.08125
1 0.94609375 0.3875 0.02109375 0.07265625
1 0.9296875 0.33515625 0.0203125 0.06328125
1 0.93046875 0.2734375 0.01328125 0.0390625
1 0.94453125 0.240625 0.01328125 0.04375
1 0.978125 0.26796875 0.0140625 0.03515625
1 0.971875 0.30546875 0.01640625 0.0421875
1 0.965625 0.32265625 0.0171875 0.04609375
1 0.97109375 0.371875 0.02421875 0.06328125