1 0.059375 0.32578125 0.01796875 0.03515625
1 0.08125 0.33359375 0.0171875 0.03046875
1 0.17421875 0.4890625 0.04765625 0.0765625
1 0.32265625 0.26875 0.01953125 0.0375
1 0.36640625 0.26484375 0.01953125 0.0390625
1 0.42265625 0.21953125 0.015625 0.02890625
1 0.446875 0.23671875 0.01953125 0.03359375
1 0.425 0.275 0.02578125 0.04453125
1 0.48046875 0.32109375 0.03359375 0.06171875
1 0.53515625 0.36484375 0.0265625 0.04296875
1 0.7078125 0.1515625 0.01796875 0.03515625
1 0.740625 0.15859375 0.0171875 0.03203125
1 0.87734375 0.2234375 0.01640625 0.0421875