1 0.05546875 0.39140625 0.0265625 0.06015625
1 0.2453125 0.27890625 0.0203125 0.03125
1 0.2921875 0.27578125 0.01796875 0.046875
1 0.29765625 0.240625 0.021875 0.0421875
1 0.36015625 0.25703125 0.021875 0.0359375
1 0.396875 0.26328125 0.01640625 0.0390625
1 0.38203125 0.22578125 0.01796875 0.0328125
1 0.371875 0.1921875 0.0203125 0.0359375
1 0.39609375 0.1953125 0.015625 0.0328125
1 0.40546875 0.17890625 0.01953125 0.0390625
1 0.41953125 0.17421875 0.015625 0.0390625
1 0.42890625 0.165625 0.01875 0.0328125
1 0.44296875 0.22421875 0.02421875 0.0453125
1 0.47578125 0.21796875 0.021875 0.0421875
1 0.4484375 0.18515625 0.0203125 0.0421875
1 0.4671875 0.18359375 0.015625 0.0359375
1 0.48125 0.16328125 0.0140625 0.034375
1 0.47109375 0.1421875 0.01171875 0.034375
1 0.48671875 0.14765625 0.01328125 0.02890625
1 0.490625 0.1953125 0.01953125 0.0390625
1 0.52734375 0.19453125 0.01875 0.040625
1 0.51328125 0.16015625 0.01640625 0.03125
1 0.50390625 0.14375 0.015625 0.02734375
1 0.5203125 0.1375 0.01171875 0.02421875
1 0.53984375 0.17421875 0.0140625 0.0328125
1 0.56171875 0.17109375 0.021875 0.0359375
1 0.54609375 0.13046875 0.0140625 0.0328125
1 0.56171875 0.11953125 0.01875 0.034375
1 0.584375 0.13828125 0.015625 0.0328125
1 0.58359375 0.11484375 0.01484375 0.02421875
1 0.59453125 0.1015625 0.01171875 0.02734375
1 0.60859375 0.13828125 0.01875 0.0359375
1 0.61484375 0.1046875 0.01171875 0.02109375
1 0.62109375 0.13046875 0.015625 0.0359375
1 0.640625 0.103125 0.01796875 0.03125
1 0.640625 0.125 0.01171875 0.0328125
1 0.6578125 0.13359375 0.0140625 0.0328125
1 0.65078125 0.16640625 0.01953125 0.040625
1 0.665625 0.109375 0.01484375 0.03125
1 0.7 0.1 0.01640625 0.03125
1 0.50703125 0.2921875 0.0265625 0.06328125
1 0.5625 0.29765625 0.028125 0.05546875
1 0.57734375 0.234375 0.02421875 0.0453125
1 0.61875 0.25546875 0.0296875 0.05546875
1 0.63046875 0.29375 0.028125 0.05703125
1 0.69453125 0.309375 0.04140625 0.0796875
1 0.74140625 0.34140625 0.03359375 0.078125
1 0.7328125 0.25703125 0.025 0.05546875
1 0.7 0.2265625 0.03125 0.05078125
1 0.6765625 0.1765625 0.01640625 0.0375
1 0.65625 0.21171875 0.025 0.0421875
1 0.6265625 0.2 0.0203125 0.0453125
1 0.7046875 0.171875 0.01796875 0.046875
1 0.721875 0.1640625 0.01953125 0.0359375
1 0.72578125 0.19765625 0.02109375 0.05078125
1 0.75234375 0.21484375 0.0234375 0.0484375
1 0.77734375 0.203125 0.0203125 0.0421875
1 0.7765625 0.16328125 0.01640625 0.0375
1 0.74765625 0.14296875 0.01640625 0.0359375
1 0.7625 0.13125 0.01484375 0.0375
1 0.734375 0.109375 0.01796875 0.040625
1 0.78671875 0.27265625 0.0234375 0.05390625
1 0.80625 0.340625 0.03671875 0.0734375
1 0.8375 0.28359375 0.025 0.05703125
1 0.89375 0.35625 0.0390625 0.071875
1 0.91171875 0.29375 0.021875 0.06328125
1 0.909375 0.2640625 0.0203125 0.046875
1 0.92578125 0.2453125 0.015625 0.0421875
1 0.915625 0.2171875 0.01875 0.05078125
1 0.865625 0.25859375 0.02421875 0.0484375
1 0.8109375 0.2390625 0.02421875 0.05234375
1 0.81875 0.18671875 0.0234375 0.0453125
1 0.87578125 0.20546875 0.01875 0.040625
1 0.88359375 0.171875 0.0140625 0.034375
1 0.89453125 0.14375 0.0140625 0.03125
1 0.925 0.16015625 0.0109375 0.02421875
1 0.8546875 0.13984375 0.0140625 0.02890625
1 0.859375 0.17734375 0.01640625 0.0421875
1 0.8109375 0.14375 0.01875 0.040625
1 0.828125 0.1359375 0.015625 0.0375
1 0.83828125 0.1390625 0.01171875 0.02734375