1 0.184375 0.48046875 0.0453125 0.08203125
1 0.33828125 0.2265625 0.02109375 0.04296875
1 0.38125 0.23125 0.028125 0.03984375
1 0.403125 0.20234375 0.02109375 0.0390625
1 0.440625 0.2203125 0.01796875 0.0359375
1 0.46328125 0.22734375 0.02265625 0.046875
1 0.5109375 0.18671875 0.021875 0.04296875
1 0.56796875 0.16484375 0.0203125 0.04453125
1 0.59609375 0.10703125 0.01015625 0.021875
1 0.5609375 0.24609375 0.02578125 0.04609375
1 0.621875 0.23515625 0.02578125 0.0484375
1 0.6515625 0.21484375 0.0234375 0.046875
1 0.66796875 0.2515625 0.02890625 0.05703125
1 0.7046875 0.22890625 0.02578125 0.05546875
1 0.75859375 0.2734375 0.0265625 0.0609375
1 0.721875 0.1546875 0.02265625 0.03984375
1 0.7578125 0.16875 0.0171875 0.04296875
1 0.79453125 0.1703125 0.01953125 0.046875
1 0.80703125 0.35390625 0.03671875 0.075
1 0.82890625 0.31875 0.03203125 0.071875
1 0.88671875 0.36875 0.03125 0.071875
1 0.88984375 0.29609375 0.02578125 0.06484375
1 0.81953125 0.21875 0.021875 0.0390625
1 0.834375 0.175 0.01484375 0.0390625
1 0.8875 0.17890625 0.015625 0.03359375
1 0.86640625 0.23125 0.01875 0.04609375
1 0.846875 0.16328125 0.01796875 0.0375
1 0.915625 0.23515625 0.01875 0.0484375