1 0.15234375 0.496875 0.03828125 0.09765625
1 0.2875 0.22109375 0.02265625 0.0390625
1 0.3125 0.22421875 0.01875 0.04453125
1 0.35546875 0.1734375 0.015625 0.0359375
1 0.3765625 0.1578125 0.01640625 0.0390625
1 0.4171875 0.16328125 0.0140625 0.0359375
1 0.4265625 0.1484375 0.0125 0.02421875
1 0.4828125 0.13125 0.01328125 0.03046875
1 0.346875 0.221875 0.01875 0.03046875
1 0.39375 0.20078125 0.01328125 0.0359375
1 0.4109375 0.20234375 0.021875 0.04921875
1 0.39765625 0.2359375 0.0171875 0.04140625
1 0.425 0.25078125 0.0203125 0.0359375
1 0.46640625 0.2109375 0.0171875 0.0359375
1 0.45625 0.17421875 0.01640625 0.03046875
1 0.484375 0.17890625 0.0140625 0.02890625
1 0.5109375 0.15078125 0.01640625 0.0203125
1 0.5078125 0.1328125 0.01640625 0.0359375
1 0.515625 0.1171875 0.01015625 0.02578125
1 0.53515625 0.11484375 0.01328125 0.0140625
1 0.528125 0.165625 0.01796875 0.0375
1 0.54375 0.19375 0.0171875 0.0390625
1 0.56640625 0.1640625 0.0125 0.034375
1 0.57421875 0.1359375 0.01171875 0.02890625
1 0.609375 0.06640625 0.009375 0.02734375
1 0.59921875 0.1234375 0.015625 0.03046875
1 0.59765625 0.1546875 0.01640625 0.0359375
1 0.57734375 0.23359375 0.0171875 0.04296875
1 0.621875 0.2375 0.01796875 0.0375
1 0.67578125 0.10859375 0.0171875 0.0328125
1 0.6453125 0.12109375 0.01171875 0.034375
1 0.62890625 0.12578125 0.0171875 0.0359375
1 0.66640625 0.13359375 0.01171875 0.034375
1 0.703125 0.125 0.0125 0.04453125
1 0.74140625 0.07109375 0.0125 0.02890625
1 0.75078125 0.075 0.01328125 0.02734375
1 0.73984375 0.1375 0.01796875 0.0359375
1 0.72578125 0.171875 0.0203125 0.0390625
1 0.6828125 0.215625 0.01875 0.034375
1 0.684375 0.27109375 0.02109375 0.04921875
1 0.73671875 0.2390625 0.0203125 0.04765625
1 0.75078125 0.184375 0.01796875 0.034375
1 0.70625 0.33359375 0.03359375 0.07890625
1 0.75078125 0.36875 0.0265625 0.06640625
1 0.76171875 0.2328125 0.02421875 0.06171875
1 0.76953125 0.1515625 0.01171875 0.0328125
1 0.79453125 0.17265625 0.01328125 0.034375
1 0.80390625 0.2140625 0.01640625 0.04140625
1 0.8 0.2875 0.02734375 0.0546875
1 0.8234375 0.246875 0.02109375 0.04609375
1 0.8359375 0.2078125 0.0171875 0.0390625
1 0.8109375 0.14375 0.0140625 0.02734375
1 0.859375 0.09375 0.01171875 0.034375
1 0.8421875 0.16171875 0.01171875 0.0328125
1 0.86953125 0.178125 0.0125 0.0375
1 0.90390625 0.1421875 0.0140625 0.04140625
1 0.94453125 0.1578125 0.015625 0.0328125
1 0.9078125 0.19140625 0.0140625 0.0375
1 0.9015625 0.2328125 0.02109375 0.0375
1 0.934375 0.22890625 0.01796875 0.0375
1 0.9390625 0.20078125 0.0140625 0.0359375
1 0.91171875 0.33984375 0.0265625 0.06484375
1 0.63984375 0.153125 0.0171875 0.0359375
1 0.44296875 0.171875 0.0140625 0.0328125
1 0.3671875 0.18984375 0.015625 0.03046875
1 0.67265625 0.16953125 0.01796875 0.034375
1 0.6875 0.1171875 0.01328125 0.0390625
1 0.4265625 0.19453125 0.01875 0.04140625