1 0.0953125 0.5828125 0.0484375 0.10546875
1 0.20078125 0.27421875 0.02109375 0.05234375
1 0.2203125 0.27578125 0.0203125 0.0484375
1 0.26640625 0.24140625 0.021875 0.04296875
1 0.296875 0.24140625 0.01875 0.04296875
1 0.31875 0.23828125 0.0203125 0.05
1 0.3109375 0.203125 0.02109375 0.04140625
1 0.35 0.2109375 0.01484375 0.046875
1 0.359375 0.27578125 0.02109375 0.065625
1 0.396875 0.23828125 0.01640625 0.046875
1 0.36171875 0.19375 0.0171875 0.034375
1 0.39140625 0.19296875 0.0171875 0.03671875
1 0.41015625 0.1765625 0.0125 0.03125
1 0.42734375 0.19296875 0.01640625 0.03984375
1 0.4421875 0.16875 0.01796875 0.03671875
1 0.4546875 0.16328125 0.01328125 0.03125
1 0.475 0.16875 0.01796875 0.04296875
1 0.4890625 0.15078125 0.01640625 0.034375
1 0.49453125 0.2125 0.0171875 0.03984375
1 0.46796875 0.25625 0.0234375 0.05859375
1 0.434375 0.309375 0.02578125 0.05703125
1 0.52578125 0.1671875 0.01796875 0.04296875
1 0.5515625 0.1640625 0.01875 0.03671875
1 0.55234375 0.140625 0.015625 0.034375
1 0.5765625 0.13828125 0.0171875 0.03828125
1 0.5515625 0.21875 0.01953125 0.0484375
1 0.5734375 0.2 0.01796875 0.03671875
1 0.60859375 0.18515625 0.0140625 0.034375
1 0.596875 0.125 0.015625 0.03125
1 0.6203125 0.1296875 0.0140625 0.034375
1 0.6125 0.16015625 0.015625 0.0328125
1 0.6390625 0.15 0.015625 0.03671875
1 0.65234375 0.15390625 0.0140625 0.03828125
1 0.6265625 0.203125 0.01640625 0.0484375
1 0.61484375 0.29296875 0.02265625 0.0625
1 0.5625 0.35625 0.0296875 0.046875
1 0.6078125 0.3796875 0.02734375 0.05859375
1 0.6546875 0.41328125 0.02734375 0.07109375
1 0.66171875 0.1890625 0.01328125 0.034375
1 0.66171875 0.2515625 0.01953125 0.065625
1 0.68828125 0.16640625 0.01484375 0.034375
1 0.69375 0.140625 0.01328125 0.03125
1 0.70703125 0.15078125 0.015625 0.034375
1 0.71171875 0.21875 0.0140625 0.0453125
1 0.73359375 0.221875 0.01640625 0.04140625
1 0.71875 0.2765625 0.01953125 0.0640625
1 0.7296875 0.403125 0.02734375 0.06796875
1 0.75625 0.2359375 0.01796875 0.04140625
1 0.7578125 0.20078125 0.015625 0.03828125
1 0.78046875 0.17421875 0.0140625 0.03984375
1 0.78125 0.2109375 0.015625 0.04296875
1 0.7953125 0.25546875 0.0171875 0.05
1 0.76640625 0.28671875 0.01640625 0.046875
1 0.80390625 0.47578125 0.0359375 0.08125
1 0.86015625 0.5328125 0.03046875 0.0921875
1 0.87421875 0.42890625 0.02265625 0.078125
1 0.81796875 0.31015625 0.01875 0.05546875
1 0.86171875 0.35 0.01953125 0.05859375
1 0.81328125 0.246875 0.01875 0.05
1 0.8125 0.19609375 0.0171875 0.0484375
1 0.8328125 0.21640625 0.01875 0.0453125
1 0.8734375 0.240625 0.0140625 0.0453125
1 0.878125 0.225 0.0140625 0.05234375
1 0.90625 0.24375 0.01484375 0.04296875
1 0.9 0.26015625 0.015625 0.0453125
1 0.88984375 0.28515625 0.01953125 0.046875
1 0.92265625 0.33359375 0.01875 0.0609375
1 0.93828125 0.28671875 0.01484375 0.03984375
1 0.94921875 0.26015625 0.0171875 0.03828125
1 0.9875 0.275 0.01484375 0.04296875
1 0.97890625 0.3078125 0.01484375 0.04296875
1 0.97734375 0.34765625 0.0140625 0.03984375
1 0.978125 0.3765625 0.01953125 0.05390625
1 0.94921875 0.3828125 0.02109375 0.07265625
1 0.9640625 0.45 0.02578125 0.07421875