1 0.06484375 0.415625 0.04140625 0.09140625
1 0.1 0.4046875 0.04375 0.08984375
1 0.19609375 0.2703125 0.02421875 0.046875
1 0.31796875 0.2078125 0.02421875 0.0453125
1 0.353125 0.2296875 0.021875 0.046875
1 0.3765625 0.2171875 0.028125 0.05859375
1 0.39453125 0.1921875 0.01640625 0.03515625
1 0.5171875 0.071875 0.0140625 0.03359375
1 0.5578125 0.06484375 0.01328125 0.0296875
1 0.5546875 0.21015625 0.0296875 0.06015625
1 0.61328125 0.2859375 0.028125 0.06484375
1 0.578125 0.1453125 0.02421875 0.053125
1 0.6125 0.1796875 0.02890625 0.05703125
1 0.6171875 0.12734375 0.0234375 0.0484375
1 0.6515625 0.13671875 0.02578125 0.06015625
1 0.64609375 0.19296875 0.0265625 0.06328125
1 0.696875 0.18671875 0.02421875 0.03671875