1 0.05625 0.53984375 0.05703125 0.11484375
1 0.25390625 0.27265625 0.01875 0.03984375
1 0.27578125 0.2546875 0.01796875 0.03359375
1 0.29921875 0.25390625 0.0203125 0.03515625
1 0.31796875 0.26796875 0.01953125 0.04296875
1 0.33984375 0.25859375 0.01953125 0.03828125
1 0.3125 0.2265625 0.015625 0.03359375
1 0.34296875 0.2171875 0.0203125 0.03828125
1 0.365625 0.21015625 0.015625 0.03125
1 0.378125 0.2109375 0.01484375 0.03359375
1 0.38671875 0.19375 0.01328125 0.028125
1 0.40390625 0.27734375 0.02890625 0.0515625
1 0.40546875 0.16953125 0.01328125 0.0265625
1 0.42578125 0.21015625 0.01796875 0.03125
1 0.44609375 0.21484375 0.01875 0.03984375
1 0.4625 0.23671875 0.02421875 0.0453125
1 0.4609375 0.196875 0.01484375 0.03515625
1 0.45703125 0.1609375 0.0171875 0.03125
1 0.45234375 0.13359375 0.0109375 0.021875
1 0.4296875 0.1640625 0.01796875 0.03515625
1 0.47734375 0.1578125 0.015625 0.03359375
1 0.48125 0.1265625 0.0109375 0.0234375
1 0.471875 0.13671875 0.0109375 0.0203125
1 0.5109375 0.18125 0.0171875 0.0296875
1 0.49921875 0.1640625 0.015625 0.03125
1 0.5171875 0.13828125 0.01484375 0.0265625
1 0.52890625 0.1265625 0.01328125 0.0296875
1 0.54921875 0.15703125 0.015625 0.03515625
1 0.53984375 0.19296875 0.0171875 0.03359375
1 0.56796875 0.15546875 0.01875 0.03515625
1 0.57578125 0.14296875 0.0140625 0.0296875
1 0.55546875 0.11015625 0.0125 0.0265625
1 0.58125 0.11953125 0.009375 0.0234375
1 0.61796875 0.1359375 0.0171875 0.028125
1 0.60546875 0.11796875 0.0125 0.0265625
1 0.59609375 0.0921875 0.0171875 0.028125
1 0.6234375 0.09375 0.0109375 0.021875
1 0.63046875 0.115625 0.0140625 0.025
1 0.63984375 0.0984375 0.0140625 0.0265625
1 0.66796875 0.11484375 0.01328125 0.0265625
1 0.6890625 0.0921875 0.01328125 0.03515625
1 0.48515625 0.29375 0.025 0.06171875
1 0.5484375 0.2765625 0.02578125 0.05625
1 0.56796875 0.2453125 0.021875 0.0453125
1 0.60546875 0.24453125 0.02578125 0.046875
1 0.6078125 0.19921875 0.021875 0.0453125
1 0.65390625 0.17265625 0.021875 0.03671875
1 0.66328125 0.2015625 0.021875 0.05
1 0.65703125 0.24609375 0.0203125 0.05
1 0.67109375 0.33125 0.0296875 0.06640625
1 0.603125 0.31875 0.03046875 0.0546875
1 0.715625 0.275 0.02421875 0.0515625
1 0.70390625 0.21484375 0.01875 0.046875
1 0.690625 0.16875 0.01875 0.03515625
1 0.6921875 0.1375 0.015625 0.03125
1 0.69921875 0.13125 0.01796875 0.03671875
1 0.73046875 0.11796875 0.0171875 0.03671875
1 0.74375 0.178125 0.0203125 0.04296875
1 0.76015625 0.22265625 0.0203125 0.04296875
1 0.77734375 0.29765625 0.02578125 0.06953125
1 0.7625 0.15546875 0.01796875 0.03515625
1 0.75078125 0.09765625 0.01328125 0.03125
1 0.7625 0.12734375 0.015625 0.028125
1 0.74296875 0.13515625 0.01484375 0.0265625
1 0.79296875 0.11796875 0.01015625 0.0265625
1 0.7984375 0.13515625 0.0125 0.0265625
1 0.80703125 0.12421875 0.01015625 0.028125
1 0.81015625 0.1609375 0.0140625 0.04140625
1 0.7984375 0.17265625 0.0171875 0.04296875
1 0.828125 0.13671875 0.0140625 0.03359375
1 0.84140625 0.18046875 0.01875 0.03515625
1 0.8515625 0.14921875 0.01328125 0.03515625
1 0.8671875 0.125 0.0109375 0.0296875
1 0.86328125 0.14921875 0.0140625 0.025
1 0.86796875 0.21953125 0.0171875 0.04296875
1 0.8796875 0.17734375 0.01484375 0.03515625
1 0.8875 0.15859375 0.0140625 0.03828125
1 0.9015625 0.13046875 0.0125 0.028125
1 0.92734375 0.153125 0.0125 0.0265625
1 0.921875 0.18984375 0.01796875 0.04296875
1 0.915625 0.28359375 0.021875 0.0546875