1 0.578125 0.2453125 0.02890625 0.0609375
1 0.2890625 0.31640625 0.03671875 0.06328125
1 0.228125 0.36875 0.04375 0.08125
1 0.16171875 0.38125 0.05 0.09296875
1 0.20703125 0.325 0.04375 0.07578125
1 0.10234375 0.3 0.03046875 0.0515625
1 0.06953125 0.3265625 0.03828125 0.071875
1 0.025 0.33203125 0.04375 0.06875
1 0.67734375 0.32578125 0.02421875 0.0515625
1 0.70078125 0.34140625 0.040625 0.0796875
1 0.75390625 0.3796875 0.05390625 0.11484375
1 0.815625 0.4 0.06484375 0.13359375
1 0.81640625 0.30390625 0.02265625 0.0484375
1 0.83203125 0.3203125 0.021875 0.0515625
1 0.8609375 0.315625 0.02421875 0.05
1 0.89296875 0.3234375 0.040625 0.0796875
1 0.93984375 0.34375 0.046875 0.08671875