1 0.41640625 0.38515625 0.05703125 0.10625
1 0.3921875 0.3265625 0.03359375 0.06640625
1 0.37265625 0.26796875 0.02578125 0.05390625
1 0.45078125 0.27734375 0.025 0.04765625
1 0.525 0.27421875 0.025 0.05078125
1 0.55078125 0.3734375 0.0375 0.07421875
1 0.58203125 0.2921875 0.03046875 0.05078125
1 0.62109375 0.2671875 0.0234375 0.04921875
1 0.8703125 0.29140625 0.1765625 0.278125
1 0.290625 0.31796875 0.03046875 0.06171875
1 0.23359375 0.3671875 0.0390625 0.08046875
1 0.20546875 0.31015625 0.0265625 0.05234375
1 0.14609375 0.33984375 0.0296875 0.06171875
1 0.15078125 0.3140625 0.025 0.04765625
1 0.13515625 0.28671875 0.021875 0.04296875
1 0.11328125 0.2828125 0.025 0.06015625
1 0.06796875 0.29140625 0.0265625 0.04296875
1 0.02421875 0.31484375 0.0296875 0.05859375
1 0.021875 0.26796875 0.0234375 0.03828125