1 0.153125 0.68125 0.08515625 0.1046875
1 0.1109375 0.5703125 0.0484375 0.078125
1 0.16171875 0.5875 0.0515625 0.075
1 0.25234375 0.546875 0.03515625 0.059375
1 0.3484375 0.55390625 0.04609375 0.0765625
1 0.3953125 0.57578125 0.04765625 0.0890625
1 0.5203125 0.65 0.07890625 0.1125
1 0.5140625 0.5640625 0.03984375 0.07421875
1 0.59921875 0.55234375 0.03359375 0.06328125
1 0.6453125 0.63203125 0.05703125 0.1
1 0.640625 0.5890625 0.05 0.0875
1 0.67421875 0.571875 0.02890625 0.07109375
1 0.70859375 0.5421875 0.03125 0.05
1 0.796875 0.53046875 0.0265625 0.0453125
1 0.80546875 0.56875 0.03359375 0.0640625
1 0.82890625 0.56640625 0.02734375 0.05703125
1 0.85234375 0.56328125 0.04296875 0.08984375
1 0.91796875 0.58203125 0.04921875 0.08984375
1 0.9328125 0.73203125 0.0859375 0.14453125
1 0.99375 0.53828125 0.0125 0.0359375