1 0.07890625 0.54140625 0.08671875 0.13046875
1 0.16796875 0.57421875 0.11328125 0.15390625
1 0.2140625 0.5234375 0.06015625 0.10625
1 0.228125 0.17890625 0.0734375 0.109375
1 0.26796875 0.59609375 0.0953125 0.1328125
1 0.4078125 0.7734375 0.16640625 0.23984375
1 0.4625 0.53515625 0.06640625 0.10078125
1 0.54921875 0.6046875 0.115625 0.18046875
1 0.58984375 0.51953125 0.08203125 0.115625
1 0.6734375 0.51796875 0.0796875 0.12421875
1 0.9 0.721875 0.15546875 0.23046875
1 0.82890625 0.60625 0.09765625 0.159375
1 0.86875 0.53671875 0.084375 0.12734375