1 0.1265625 0.63046875 0.0265625 0.07109375
1 0.075 0.5390625 0.021875 0.0578125
1 0.075 0.4484375 0.01796875 0.05625
1 0.19453125 0.46328125 0.01875 0.0671875
1 0.23515625 0.3890625 0.01640625 0.05078125
1 0.2421875 0.3140625 0.01875 0.0390625
1 0.17109375 0.27578125 0.01484375 0.0375
1 0.1796875 0.1875 0.0140625 0.03359375
1 0.16328125 0.18984375 0.0125 0.0296875
1 0.1125 0.21171875 0.015625 0.0375
1 0.03671875 0.19609375 0.0140625 0.028125
1 0.0421875 0.25859375 0.01484375 0.04140625
1 0.19765625 0.13046875 0.0109375 0.03203125
1 0.22421875 0.14375 0.01171875 0.028125
1 0.24609375 0.11796875 0.01171875 0.0375
1 0.29921875 0.1453125 0.0109375 0.028125
1 0.3 0.171875 0.015625 0.0390625
1 0.2890625 0.20625 0.01328125 0.04140625
1 0.315625 0.24609375 0.015625 0.0375
1 0.35859375 0.21640625 0.01484375 0.04296875
1 0.3765625 0.18125 0.01484375 0.0390625
1 0.41484375 0.171875 0.0140625 0.0390625
1 0.3609375 0.0875 0.01015625 0.03203125
1 0.4046875 0.09296875 0.0109375 0.028125
1 0.43515625 0.096875 0.01171875 0.02421875
1 0.45859375 0.14375 0.01328125 0.028125
1 0.46796875 0.134375 0.0125 0.028125
1 0.4828125 0.0765625 0.0109375 0.0296875
1 0.50234375 0.04296875 0.01328125 0.0296875
1 0.5265625 0.08046875 0.01015625 0.02265625
1 0.503125 0.18046875 0.01328125 0.0375
1 0.49453125 0.23046875 0.01328125 0.04140625
1 0.48125 0.3046875 0.01875 0.0390625
1 0.54921875 0.17890625 0.01328125 0.028125
1 0.5734375 0.20625 0.015625 0.03359375
1 0.5625 0.32265625 0.01796875 0.0484375
1 0.52734375 0.48515625 0.0265625 0.0546875
1 0.6890625 0.35390625 0.01953125 0.046875
1 0.71484375 0.28515625 0.01484375 0.0375
1 0.6328125 0.25546875 0.01484375 0.0296875
1 0.65 0.15078125 0.0109375 0.028125
1 0.58046875 0.15078125 0.01171875 0.02421875
1 0.59921875 0.14609375 0.01171875 0.0265625
1 0.6234375 0.115625 0.01171875 0.028125
1 0.59140625 0.09765625 0.01015625 0.02265625
1 0.70546875 0.23046875 0.0125 0.03359375
1 0.715625 0.21875 0.0109375 0.03203125
1 0.73359375 0.21796875 0.0125 0.0296875
1 0.778125 0.21484375 0.0140625 0.03203125
1 0.81875 0.2421875 0.01484375 0.0375
1 0.77734375 0.37265625 0.02109375 0.0578125
1 0.859375 0.28515625 0.0140625 0.03359375
1 0.93046875 0.38359375 0.015625 0.0390625