1 0.0390625 0.315625 0.0640625 0.10859375
1 0.1328125 0.3484375 0.0796875 0.12734375
1 0.259375 0.39140625 0.08671875 0.1453125
1 0.52578125 0.4875 0.121875 0.178125
1 0.55703125 0.3125 0.07109375 0.0984375
1 0.67890625 0.36484375 0.07421875 0.1140625
1 0.43515625 0.275 0.05390625 0.0890625
1 0.34296875 0.271875 0.05078125 0.0640625
1 0.315625 0.23203125 0.03515625 0.06171875
1 0.24453125 0.25703125 0.0390625 0.06953125
1 0.175 0.24296875 0.0453125 0.06015625
1 0.12890625 0.2265625 0.040625 0.05390625
1 0.41953125 0.2515625 0.0453125 0.0578125
1 0.4875 0.25625 0.0453125 0.071875
1 0.51875 0.21640625 0.03515625 0.05390625
1 0.55703125 0.24296875 0.0390625 0.0640625
1 0.59453125 0.21953125 0.03515625 0.05625
1 0.65546875 0.21640625 0.03046875 0.06171875
1 0.70625 0.26953125 0.05625 0.0796875
1 0.7953125 0.24296875 0.04609375 0.07578125
1 0.85625 0.28046875 0.0640625 0.08515625
1 0.93984375 0.2515625 0.05078125 0.06953125
1 0.9453125 0.20625 0.0375 0.05625