1 0.0890625 0.3734375 0.034375 0.04296875
1 0.1578125 0.37578125 0.04765625 0.053125
1 0.0578125 0.63359375 0.07578125 0.0828125
1 0.278125 0.57734375 0.0796875 0.08828125
1 0.5296875 0.52109375 0.06796875 0.07734375
1 0.615625 0.484375 0.0640625 0.071875
1 0.721875 0.53203125 0.071875 0.07734375
1 0.7390625 0.409375 0.05390625 0.07734375
1 0.86328125 0.5 0.0703125 0.08828125
1 0.45 0.45625 0.05625 0.06953125
1 0.34375 0.5 0.05625 0.06171875
1 0.30078125 0.35234375 0.03828125 0.05859375
1 0.35 0.35234375 0.0359375 0.05859375
1 0.39921875 0.34375 0.0421875 0.04765625
1 0.4453125 0.36796875 0.034375 0.04765625
1 0.40703125 0.409375 0.04609375 0.05625