1 0.3171875 0.19609375 0.02265625 0.046875
1 0.3515625 0.215625 0.0234375 0.05625
1 0.40625 0.22109375 0.01171875 0.0265625
1 0.41796875 0.2578125 0.02265625 0.046875
1 0.44296875 0.21953125 0.01796875 0.03359375
1 0.5125 0.22578125 0.02265625 0.0390625
1 0.521875 0.13828125 0.0140625 0.028125
1 0.58984375 0.10703125 0.0125 0.0265625
1 0.6125 0.10234375 0.0109375 0.0203125
1 0.6234375 0.115625 0.009375 0.0203125
1 0.6546875 0.10390625 0.0140625 0.02421875
1 0.59375 0.24453125 0.02109375 0.04296875
1 0.63828125 0.2390625 0.02578125 0.05078125