1 0.09609375 0.52578125 0.0578125 0.0890625
1 0.01875 0.58359375 0.0328125 0.09296875
1 0.02890625 0.54453125 0.0421875 0.0890625
1 0.05625 0.75703125 0.1078125 0.17421875
1 0.25625 0.31328125 0.07265625 0.14453125
1 0.38125 0.4203125 0.0421875 0.06328125
1 0.36875 0.38515625 0.04765625 0.06640625
1 0.4515625 0.159375 0.0328125 0.07421875
1 0.4796875 0.23125 0.0296875 0.06328125
1 0.5 0.21875 0.0296875 0.059375
1 0.5359375 0.21328125 0.0328125 0.06328125
1 0.56640625 0.23515625 0.02734375 0.05546875
1 0.5625 0.2 0.0296875 0.0515625
1 0.5875 0.21484375 0.025 0.04453125
1 0.6234375 0.23671875 0.0421875 0.059375
1 0.6203125 0.20703125 0.0296875 0.03671875
1 0.6203125 0.178125 0.0296875 0.03671875
1 0.6625 0.1796875 0.0296875 0.0484375
1 0.6875 0.21484375 0.0296875 0.0515625
1 0.67109375 0.221875 0.02734375 0.0515625
1 0.4578125 0.378125 0.03984375 0.06640625
1 0.13359375 0.90703125 0.10234375 0.178125
1 0.26328125 0.9125 0.1265625 0.175
1 0.4078125 0.871875 0.13984375 0.2484375
1 0.475 0.93125 0.13984375 0.13671875
1 0.6453125 0.85546875 0.13984375 0.2
1 0.76484375 0.9296875 0.1453125 0.140625
1 0.9296875 0.9 0.13984375 0.18515625
1 0.8484375 0.84609375 0.1078125 0.159375
1 0.78515625 0.790625 0.1203125 0.20390625
1 0.9453125 0.73671875 0.1 0.1703125
1 0.8484375 0.590625 0.07265625 0.09296875
1 0.8953125 0.54296875 0.06015625 0.10703125
1 0.83359375 0.5109375 0.05234375 0.08125
1 0.825 0.45 0.0546875 0.08515625
1 0.7921875 0.47421875 0.0453125 0.08125
1 0.80625 0.4203125 0.0421875 0.05546875
1 0.80859375 0.38125 0.0421875 0.059375
1 0.73984375 0.4203125 0.0453125 0.0703125
1 0.71015625 0.328125 0.03984375 0.05546875
1 0.7484375 0.35390625 0.04765625 0.06328125
1 0.79140625 0.31328125 0.04765625 0.05546875
1 0.8046875 0.35703125 0.03984375 0.05546875
1 0.75 0.21875 0.03515625 0.059375
1 0.7171875 0.18125 0.025 0.0515625
1 0.6765625 0.471875 0.05234375 0.09296875
1 0.6234375 0.4984375 0.0578125 0.09296875
1 0.6390625 0.58671875 0.0828125 0.1
1 0.5953125 0.47578125 0.0453125 0.08515625
1 0.56640625 0.43515625 0.0421875 0.078125
1 0.60390625 0.42578125 0.0421875 0.06640625
1 0.6078125 0.36484375 0.03984375 0.078125
1 0.5640625 0.39296875 0.0375 0.059375
1 0.5625 0.35 0.03515625 0.05546875
1 0.4984375 0.36484375 0.0375 0.06328125
1 0.5203125 0.35390625 0.03984375 0.0703125
1 0.67265625 0.36875 0.03984375 0.0703125
1 0.6046875 0.31484375 0.025 0.04453125
1 0.8671875 0.33359375 0.0453125 0.07421875
1 0.89375 0.421875 0.04765625 0.09609375
1 0.91875 0.390625 0.0375 0.0703125
1 0.9734375 0.2515625 0.0328125 0.059375
1 0.97734375 0.20546875 0.03515625 0.06328125
1 0.95390625 0.16640625 0.02265625 0.04453125
1 0.9328125 0.16484375 0.0296875 0.05546875
1 0.92109375 0.21640625 0.0421875 0.06328125
1 0.85390625 0.23515625 0.0421875 0.06328125
1 0.82265625 0.21484375 0.025 0.04453125
1 0.8015625 0.259375 0.0328125 0.06640625
1 0.7765625 0.19453125 0.0328125 0.06328125
1 0.7375 0.16484375 0.0296875 0.05546875
1 0.80234375 0.1515625 0.0296875 0.059375
1 0.8265625 0.17578125 0.02734375 0.0484375
1 0.8609375 0.18359375 0.02734375 0.040625
1 0.8796875 0.16640625 0.025 0.04453125
1 0.98125 0.140625 0.02734375 0.059375