1 0.04140625 0.3578125 0.05390625 0.084375
1 0.065625 0.28671875 0.0484375 0.078125
1 0.14921875 0.29140625 0.0453125 0.06328125
1 0.203125 0.25078125 0.0375 0.053125
1 0.13359375 0.22734375 0.0359375 0.06484375
1 0.04296875 0.7625 0.0796875 0.16484375
1 0.196875 0.4796875 0.07109375 0.11796875
1 0.325 0.359375 0.04765625 0.07265625
1 0.36640625 0.46328125 0.07109375 0.1265625
1 0.29140625 0.72578125 0.10625 0.1828125
1 0.41328125 0.35625 0.04765625 0.08125
1 0.36484375 0.26484375 0.03984375 0.06640625
1 0.38359375 0.23984375 0.03125 0.0515625
1 0.45390625 0.26484375 0.040625 0.06640625
1 0.47734375 0.22578125 0.0375 0.06171875
1 0.62734375 0.23984375 0.03203125 0.06328125
1 0.63125 0.115625 0.02421875 0.03984375
1 0.6453125 0.28046875 0.034375 0.07109375
1 0.67109375 0.33671875 0.0484375 0.09296875
1 0.7046875 0.23671875 0.03203125 0.06015625
1 0.73125 0.28046875 0.0390625 0.06796875
1 0.78828125 0.3453125 0.05625 0.09453125
1 0.7140625 0.4734375 0.06875 0.11484375
1 0.75390625 0.6640625 0.1015625 0.1890625
1 0.8734375 0.44609375 0.0671875 0.128125
1 0.9796875 0.2796875 0.03984375 0.0578125
1 0.95859375 0.22890625 0.03828125 0.059375
1 0.9046875 0.234375 0.0390625 0.07109375