1 0.0578125 0.359375 0.04765625 0.06015625
1 0.11171875 0.4 0.02421875 0.0390625
1 0.1640625 0.37734375 0.028125 0.0484375
1 0.19921875 0.3734375 0.0421875 0.06328125
1 0.2796875 0.35234375 0.05234375 0.0875
1 0.32265625 0.3734375 0.034375 0.06953125
1 0.3828125 0.37734375 0.02578125 0.0421875
1 0.440625 0.375 0.0296875 0.06640625
1 0.4046875 0.38984375 0.01796875 0.0359375
1 0.36171875 0.39453125 0.0203125 0.03359375
1 0.35234375 0.4015625 0.015625 0.02421875
1 0.48125 0.38671875 0.02578125 0.0421875
1 0.5421875 0.359375 0.05234375 0.090625
1 0.6109375 0.3734375 0.04609375 0.07578125
1 0.64296875 0.39453125 0.0296875 0.05703125
1 0.70234375 0.403125 0.03984375 0.06328125
1 0.753125 0.42109375 0.02578125 0.0390625
1 0.9453125 0.3265625 0.034375 0.0484375