1 0.21875 0.4375 0.1046875 0.20234375
1 0.3046875 0.528125 0.0828125 0.15234375
1 0.128125 0.49609375 0.0375 0.0671875
1 0.078125 0.8640625 0.14453125 0.259375
1 0.15703125 0.8171875 0.13359375 0.25
1 0.41875 0.47421875 0.03515625 0.0796875
1 0.45 0.490625 0.04140625 0.07890625
1 0.48984375 0.52734375 0.08671875 0.1375
1 0.5453125 0.4671875 0.0625 0.12265625
1 0.609375 0.5078125 0.06171875 0.1171875
1 0.67890625 0.48203125 0.1015625 0.1671875
1 0.80234375 0.56875 0.021875 0.05
1 0.85546875 0.578125 0.0265625 0.05078125
1 0.9765625 0.59765625 0.02421875 0.04921875
1 0.91171875 0.4984375 0.03359375 0.06328125