1 0.203125 0.46953125 0.046875 0.09453125
1 0.29296875 0.46953125 0.05078125 0.09765625
1 0.1984375 0.24609375 0.034375 0.06875
1 0.26328125 0.2109375 0.02265625 0.046875
1 0.31171875 0.178125 0.0171875 0.03828125
1 0.325 0.20234375 0.02109375 0.0484375
1 0.3296875 0.1859375 0.01875 0.04140625
1 0.42265625 0.22265625 0.0234375 0.059375
1 0.4703125 0.23828125 0.03359375 0.065625
1 0.41953125 0.14609375 0.0140625 0.03515625
1 0.440625 0.171875 0.01796875 0.03515625
1 0.43828125 0.09609375 0.01796875 0.04140625
1 0.478125 0.1484375 0.0171875 0.03046875
1 0.471875 0.1828125 0.02109375 0.0484375
1 0.51953125 0.16640625 0.021875 0.03984375
1 0.53828125 0.153125 0.0171875 0.03359375
1 0.54296875 0.1109375 0.0171875 0.03515625
1 0.56484375 0.07421875 0.01640625 0.03203125
1 0.57109375 0.15703125 0.01796875 0.03515625
1 0.5625 0.14921875 0.015625 0.03515625
1 0.6109375 0.08984375 0.02109375 0.03828125
1 0.68203125 0.1046875 0.0234375 0.0453125
1 0.58046875 0.2171875 0.03671875 0.065625
1 0.7171875 0.1234375 0.02265625 0.04140625
1 0.73671875 0.0625 0.01328125 0.03203125
1 0.75390625 0.12109375 0.0234375 0.03984375