1 0.1546875 0.28984375 0.22734375 0.3609375
1 0.30234375 0.35234375 0.0671875 0.1265625
1 0.35703125 0.33125 0.0140625 0.025
1 0.3359375 0.3375 0.0125 0.02734375
1 0.3578125 0.36015625 0.01875 0.0296875
1 0.3875 0.33671875 0.0171875 0.0375
1 0.409375 0.3625 0.02109375 0.0484375
1 0.434375 0.3921875 0.02109375 0.03515625
1 0.4453125 0.3625 0.01640625 0.0296875
1 0.46015625 0.346875 0.01484375 0.0296875
1 0.4921875 0.41484375 0.0296875 0.053125
1 0.5265625 0.4359375 0.0375 0.05859375
1 0.5375 0.365625 0.01484375 0.02734375
1 0.5109375 0.36796875 0.0171875 0.025
1 0.49453125 0.3546875 0.0140625 0.021875
1 0.56953125 0.36796875 0.0140625 0.0296875
1 0.5765625 0.4109375 0.0203125 0.0328125
1 0.61484375 0.428125 0.0375 0.07421875
1 0.6046875 0.37578125 0.0171875 0.0375
1 0.6390625 0.4015625 0.01640625 0.0375
1 0.675 0.42109375 0.0171875 0.0296875
1 0.8328125 0.36796875 0.0234375 0.0453125