1 0.12578125 0.29140625 0.23828125 0.45859375
1 0.3203125 0.446875 0.04765625 0.08125
1 0.371875 0.33359375 0.05 0.0796875
1 0.2359375 0.34921875 0.0359375 0.0828125
1 0.42265625 0.528125 0.075 0.12890625
1 0.4859375 0.46171875 0.05703125 0.1078125
1 0.48046875 0.3171875 0.03984375 0.06953125
1 0.5421875 0.27734375 0.03671875 0.05859375
1 0.63984375 0.2765625 0.03046875 0.06953125
1 0.640625 0.47265625 0.05390625 0.0828125
1 0.753125 0.55625 0.0875 0.14140625
1 0.70234375 0.36328125 0.04375 0.06640625
1 0.7453125 0.2828125 0.03359375 0.05703125
1 0.8078125 0.37109375 0.04140625 0.06953125
1 0.82890625 0.44140625 0.0625 0.1140625
1 0.9109375 0.3578125 0.03984375 0.084375
1 0.8421875 0.2796875 0.0328125 0.05703125
1 0.8703125 0.22421875 0.02890625 0.04921875
1 0.953125 0.2375 0.0359375 0.05546875
1 0.9734375 0.2921875 0.0359375 0.0796875
1 0.98046875 0.4390625 0.0390625 0.090625