1 0.10625 0.7109375 0.0625 0.11796875
1 0.14453125 0.69921875 0.04296875 0.1
1 0.29375 0.71328125 0.06171875 0.13125
1 0.33671875 0.70859375 0.0546875 0.09609375
1 0.3765625 0.8109375 0.08515625 0.14453125
1 0.46328125 0.90078125 0.1640625 0.1984375
1 0.48671875 0.73671875 0.059375 0.11328125
1 0.565625 0.5078125 0.05 0.07265625
1 0.6265625 0.8421875 0.1015625 0.17734375
1 0.69609375 0.79296875 0.065625 0.0984375
1 0.884375 0.815625 0.09296875 0.15078125
1 0.63359375 0.77890625 0.0734375 0.11171875