1 0.12734375 0.56171875 0.0484375 0.11640625
1 0.1359375 0.86640625 0.06171875 0.1015625
1 0.3671875 0.6015625 0.05546875 0.11640625
1 0.47265625 0.54140625 0.0515625 0.1015625
1 0.40625 0.3984375 0.04296875 0.0859375
1 0.353125 0.28671875 0.03828125 0.0703125
1 0.315625 0.175 0.034375 0.05546875
1 0.29375 0.13828125 0.02578125 0.04296875
1 0.27265625 0.04765625 0.02421875 0.04609375
1 0.2234375 0.10703125 0.0296875 0.04921875
1 0.25234375 0.184375 0.0296875 0.06171875
1 0.27421875 0.265625 0.03125 0.0640625
1 0.2953125 0.45859375 0.04296875 0.0765625
1 0.13828125 0.325 0.034375 0.0671875
1 0.15859375 0.2609375 0.02734375 0.05546875
1 0.1453125 0.1765625 0.02578125 0.05234375
1 0.15859375 0.11328125 0.02421875 0.03671875
1 0.3421875 0.05703125 0.02265625 0.03359375
1 0.36953125 0.12421875 0.0296875 0.04609375
1 0.4265625 0.1640625 0.0328125 0.0640625
1 0.4234375 0.0765625 0.01875 0.04921875
1 0.46953125 0.071875 0.01875 0.03984375
1 0.453125 0.11796875 0.0203125 0.04609375
1 0.48984375 0.18125 0.02734375 0.05546875
1 0.51328125 0.11796875 0.02265625 0.04609375
1 0.50546875 0.08125 0.0171875 0.03984375
1 0.55 0.12109375 0.0171875 0.04609375
1 0.5546875 0.171875 0.02265625 0.04296875
1 0.5953125 0.178125 0.02265625 0.04296875
1 0.66875 0.1734375 0.02734375 0.05234375
1 0.63984375 0.28046875 0.034375 0.05234375
1 0.640625 0.22734375 0.02265625 0.04921875
1 0.55 0.28671875 0.03125 0.0640625
1 0.4859375 0.27421875 0.034375 0.0640625
1 0.53359375 0.36796875 0.0328125 0.0796875
1 0.62578125 0.38671875 0.04140625 0.0859375
1 0.6953125 0.29765625 0.02578125 0.04296875
1 0.73046875 0.2484375 0.01875 0.04921875
1 0.76796875 0.27109375 0.01875 0.03984375
1 0.7640625 0.4125 0.03125 0.0640625
1 0.81953125 0.36640625 0.02578125 0.05859375
1 0.86484375 0.4265625 0.0296875 0.06171875
1 0.94375 0.52421875 0.02578125 0.06171875
1 0.84921875 0.496875 0.02265625 0.06171875
1 0.809375 0.52109375 0.0296875 0.06171875
1 0.72421875 0.52109375 0.03125 0.0796875
1 0.63359375 0.575 0.0359375 0.0828125
1 0.89375 0.72265625 0.053125 0.10703125