1 0.984375 0.40625 0.03125 0.03359375
1 0.9078125 0.4203125 0.05234375 0.046875
1 0.7859375 0.46796875 0.07109375 0.0640625
1 0.7984375 0.42890625 0.059375 0.04296875
1 0.70078125 0.5109375 0.03984375 0.04296875
1 0.6984375 0.47578125 0.03984375 0.0328125
1 0.5265625 0.3484375 0.04375 0.0375
1 0.5375 0.484375 0.078125 0.06015625
1 0.328125 0.56875 0.07265625 0.05234375
1 0.2609375 0.525 0.078125 0.05625
1 0.18203125 0.5140625 0.059375 0.04453125
1 0.0859375 0.4484375 0.0921875 0.06875
1 0.0234375 0.478125 0.04375 0.0328125
1 0.025 0.353125 0.0328125 0.0390625
1 0.125 0.3421875 0.0453125 0.03671875
1 0.2234375 0.33828125 0.03671875 0.0390625
1 0.33671875 0.33828125 0.028125 0.02890625
1 0.39296875 0.4140625 0.0296875 0.0234375
1 0.32265625 0.40234375 0.03125 0.02890625
1 0.2515625 0.4171875 0.0484375 0.0296875
1 0.1640625 0.428125 0.05703125 0.040625