1 0.05390625 0.58828125 0.07109375 0.0984375
1 0.184375 0.5203125 0.0671875 0.09296875
1 0.27578125 0.49765625 0.05703125 0.07890625
1 0.3359375 0.490625 0.05078125 0.07109375
1 0.41640625 0.46328125 0.040625 0.07109375
1 0.446875 0.45390625 0.03671875 0.06796875
1 0.5 0.4375 0.03671875 0.0625
1 0.54296875 0.4375 0.03671875 0.0515625
1 0.59375 0.4265625 0.02890625 0.0515625
1 0.61875 0.41171875 0.02890625 0.04375
1 0.67734375 0.403125 0.02890625 0.04921875
1 0.78046875 0.45390625 0.07578125 0.08984375