1 0.2921875 0.521875 0.03125 0.0515625
1 0.9046875 0.91796875 0.0421875 0.06015625
1 0.6484375 0.8953125 0.0421875 0.0625
1 0.56171875 0.88125 0.04375 0.05703125
1 0.5375 0.9546875 0.05234375 0.07890625
1 0.46015625 0.9640625 0.0515625 0.071875
1 0.409375 0.9140625 0.05078125 0.07890625
1 0.4515625 0.90859375 0.0453125 0.0625
1 0.4671875 0.87734375 0.03671875 0.06015625
1 0.37734375 0.85703125 0.0421875 0.05703125
1 0.30234375 0.96171875 0.06015625 0.07109375
1 0.30078125 0.91171875 0.05625 0.0625
1 0.28359375 0.859375 0.04375 0.05703125
1 0.22734375 0.82265625 0.03671875 0.06015625
1 0.16484375 0.875 0.05625 0.0875
1 0.078125 0.84453125 0.06875 0.09296875
1 0.021875 0.78984375 0.03984375 0.08203125
1 0.0671875 0.775 0.04765625 0.07890625
1 0.12421875 0.821875 0.03125 0.0515625
1 0.14609375 0.79296875 0.03828125 0.04921875