1 0.13359375 0.478125 0.05234375 0.11484375
1 0.25703125 0.278125 0.01640625 0.03671875
1 0.271875 0.26796875 0.01796875 0.03671875
1 0.28984375 0.27734375 0.01640625 0.03515625
1 0.3046875 0.24609375 0.01953125 0.03671875
1 0.31640625 0.27890625 0.01953125 0.04140625
1 0.34453125 0.278125 0.0203125 0.03671875
1 0.4015625 0.28984375 0.025 0.053125
1 0.3171875 0.22109375 0.01796875 0.03359375
1 0.3375 0.2328125 0.015625 0.03359375
1 0.36171875 0.21640625 0.015625 0.0296875
1 0.371875 0.2125 0.01796875 0.03828125
1 0.38828125 0.196875 0.01640625 0.03515625
1 0.4078125 0.2265625 0.02109375 0.03671875
1 0.43984375 0.21875 0.0203125 0.04140625
1 0.46328125 0.23125 0.02265625 0.046875
1 0.45 0.18984375 0.01953125 0.03671875
1 0.43203125 0.1875 0.015625 0.028125
1 0.4125 0.16875 0.01328125 0.028125
1 0.4453125 0.1546875 0.01484375 0.0296875
1 0.478125 0.1609375 0.01484375 0.03125
1 0.4765625 0.1375 0.01171875 0.025
1 0.50859375 0.18203125 0.01875 0.03515625
1 0.53671875 0.19140625 0.0203125 0.03671875
1 0.55390625 0.15078125 0.015625 0.03515625
1 0.53046875 0.1359375 0.015625 0.03125
1 0.48515625 0.1265625 0.01171875 0.0203125
1 0.56015625 0.1140625 0.01171875 0.025
1 0.575 0.1546875 0.01640625 0.03671875
1 0.5859375 0.1390625 0.01484375 0.03125
1 0.58359375 0.1234375 0.01171875 0.0234375
1 0.59296875 0.0921875 0.01484375 0.03125
1 0.61015625 0.12265625 0.01484375 0.03125
1 0.62265625 0.13828125 0.015625 0.03671875
1 0.625 0.0984375 0.01171875 0.0234375
1 0.6515625 0.0953125 0.0140625 0.03125
1 0.64609375 0.1125 0.01328125 0.03125
1 0.67109375 0.109375 0.01484375 0.03515625
1 0.5609375 0.24921875 0.0203125 0.046875
1 0.4859375 0.309375 0.028125 0.06328125
1 0.5390625 0.31328125 0.03046875 0.06171875
1 0.58515625 0.37109375 0.02890625 0.06640625
1 0.671875 0.3359375 0.03359375 0.06640625
1 0.6140625 0.24453125 0.02578125 0.046875
1 0.6078125 0.209375 0.0203125 0.03984375
1 0.646875 0.16875 0.01953125 0.04140625
1 0.66328125 0.190625 0.02109375 0.0453125
1 0.66171875 0.26015625 0.0234375 0.05859375
1 0.69765625 0.21953125 0.02421875 0.05
1 0.69609375 0.17890625 0.01953125 0.03125
1 0.68125 0.153125 0.01875 0.03984375
1 0.703125 0.13515625 0.0140625 0.03359375
1 0.72578125 0.2796875 0.025 0.06015625
1 0.75 0.2453125 0.0234375 0.0484375
1 0.72734375 0.1921875 0.02265625 0.0546875
1 0.740625 0.159375 0.01484375 0.03359375
1 0.74296875 0.12890625 0.01484375 0.03515625
1 0.73046875 0.11328125 0.0140625 0.03671875
1 0.74765625 0.11171875 0.0140625 0.0296875
1 0.7640625 0.12578125 0.01484375 0.03125
1 0.77265625 0.1171875 0.0140625 0.03515625
1 0.79453125 0.1328125 0.01484375 0.0296875
1 0.775 0.1546875 0.01484375 0.03359375
1 0.79453125 0.1765625 0.01796875 0.03984375
1 0.81484375 0.1640625 0.015625 0.03515625
1 0.79921875 0.1140625 0.01171875 0.025
1 0.82890625 0.13515625 0.01640625 0.03359375
1 0.84296875 0.18671875 0.01796875 0.04296875
1 0.7828125 0.27109375 0.028125 0.06015625
1 0.8171875 0.25078125 0.0203125 0.0546875
1 0.8703125 0.21875 0.01875 0.0484375
1 0.921875 0.2875 0.02421875 0.05625
1 0.884375 0.190625 0.01796875 0.0453125
1 0.86015625 0.1515625 0.0140625 0.03671875
1 0.88828125 0.1578125 0.01328125 0.03359375
1 0.89453125 0.13671875 0.01484375 0.0296875
1 0.92265625 0.19609375 0.01875 0.04296875
1 0.9234375 0.1625 0.015625 0.03125