1 0.0703125 0.47109375 0.078125 0.1453125
1 0.0640625 0.78515625 0.12578125 0.3625
1 0.01484375 0.26328125 0.02421875 0.1015625
1 0.10234375 0.3671875 0.0640625 0.13046875
1 0.15234375 0.3625 0.05 0.13515625
1 0.2515625 0.303125 0.03046875 0.09453125
1 0.3609375 0.2484375 0.02890625 0.0578125
1 0.36484375 0.36953125 0.046875 0.096875
1 0.63125 0.33125 0.0453125 0.07265625
1 0.69609375 0.39765625 0.06171875 0.11796875
1 0.7875 0.3359375 0.04375 0.1015625
1 0.95390625 0.35859375 0.0640625 0.11796875
1 0.63984375 0.65546875 0.115625 0.2296875