1 0.0234375 0.621875 0.0453125 0.0765625
1 0.121875 0.5734375 0.04609375 0.0765625
1 0.1640625 0.58359375 0.04375 0.06640625
1 0.17109375 0.7359375 0.06484375 0.08515625
1 0.26015625 0.625 0.0421875 0.0796875
1 0.2890625 0.62578125 0.0328125 0.06484375
1 0.35625 0.590625 0.0375 0.06796875
1 0.36953125 0.6828125 0.04375 0.075
1 0.4171875 0.63046875 0.0421875 0.06171875
1 0.51328125 0.7234375 0.04609375 0.0765625
1 0.52109375 0.553125 0.0375 0.06640625
1 0.5609375 0.57890625 0.0359375 0.05859375
1 0.6171875 0.7125 0.04765625 0.06796875
1 0.66640625 0.5546875 0.0421875 0.0703125
1 0.709375 0.5375 0.0359375 0.06171875
1 0.8046875 0.6125 0.0515625 0.078125
1 0.8671875 0.6078125 0.0453125 0.06484375
1 0.9484375 0.57109375 0.0484375 0.06484375