1 0.08515625 0.33671875 0.03984375 0.06171875
1 0.16875 0.3328125 0.04296875 0.05703125
1 0.24453125 0.31796875 0.04375 0.06171875
1 0.31328125 0.35078125 0.0359375 0.06015625
1 0.36640625 0.34375 0.03984375 0.06328125
1 0.415625 0.35859375 0.0390625 0.05
1 0.49453125 0.346875 0.034375 0.0703125
1 0.5578125 0.36875 0.03828125 0.05703125
1 0.6296875 0.34453125 0.0359375 0.05703125
1 0.7140625 0.33984375 0.03203125 0.0703125
1 0.76171875 0.31796875 0.0390625 0.0703125
1 0.82265625 0.3453125 0.034375 0.0703125
1 0.86796875 0.321875 0.0375 0.0703125
1 0.4 0.52734375 0.03828125 0.071875
1 0.4875 0.52734375 0.04375 0.078125
1 0.5875 0.5328125 0.04375 0.06328125
1 0.6828125 0.5140625 0.03984375 0.06875