1 0.29765625 0.60859375 0.084375 0.10703125
1 0.46015625 0.615625 0.06640625 0.115625
1 0.515625 0.65 0.04921875 0.07734375
1 0.65546875 0.44921875 0.07109375 0.10390625
1 0.7046875 0.60546875 0.03984375 0.065625
1 0.75 0.5890625 0.02890625 0.05078125
1 0.7375 0.69296875 0.10703125 0.1515625
1 0.79296875 0.64375 0.06640625 0.10078125
1 0.846875 0.60703125 0.053125 0.0921875
1 0.878125 0.60546875 0.0359375 0.07109375
1 0.91328125 0.6203125 0.04453125 0.065625
1 0.96328125 0.60546875 0.0375 0.059375