1 0.09921875 0.26953125 0.03203125 0.040625
1 0.215625 0.3515625 0.04921875 0.07890625
1 0.43984375 0.22734375 0.0140625 0.03671875
1 0.48046875 0.22578125 0.01640625 0.040625
1 0.53359375 0.20625 0.0171875 0.03125
1 0.675 0.17734375 0.0171875 0.03125
1 0.628125 0.23515625 0.02265625 0.04765625
1 0.675 0.22109375 0.01953125 0.04921875
1 0.68203125 0.2515625 0.0171875 0.04375
1 0.728125 0.203125 0.0203125 0.03828125
1 0.7328125 0.309375 0.03125 0.071875
1 0.75390625 0.29921875 0.034375 0.084375
1 0.8375 0.26171875 0.028125 0.05703125
1 0.87578125 0.29609375 0.01953125 0.04609375