1 0.03671875 0.2234375 0.0734375 0.14609375
1 0.08671875 0.22578125 0.053125 0.10078125
1 0.06484375 0.14609375 0.05703125 0.090625
1 0.0515625 0.11328125 0.06328125 0.10546875
1 0.21328125 0.25390625 0.0796875 0.1359375
1 0.2546875 0.21875 0.05 0.115625
1 0.203125 0.17578125 0.06015625 0.090625
1 0.321875 0.22890625 0.0703125 0.12578125
1 0.1515625 0.4375 0.11015625 0.190625
1 0.33203125 0.4546875 0.08984375 0.15546875
1 0.371875 0.346875 0.0703125 0.140625
1 0.4046875 0.23359375 0.05703125 0.10546875
1 0.48359375 0.27890625 0.06015625 0.115625
1 0.4796875 0.15859375 0.046875 0.08515625
1 0.4953125 0.42734375 0.103125 0.15078125
1 0.56796875 0.31875 0.0703125 0.12578125
1 0.61171875 0.27421875 0.05 0.115625
1 0.6765625 0.19375 0.053125 0.0953125
1 0.66171875 0.421875 0.0765625 0.17109375
1 0.70703125 0.3515625 0.06015625 0.1109375
1 0.76015625 0.371875 0.06015625 0.140625
1 0.75 0.2609375 0.053125 0.08046875
1 0.846875 0.165625 0.16640625 0.3015625
1 0.978125 0.2609375 0.04296875 0.1109375
1 0.921875 0.25390625 0.05 0.115625