1 0.0390625 0.38671875 0.05390625 0.08359375
1 0.08203125 0.37421875 0.05234375 0.07734375
1 0.17109375 0.359375 0.04609375 0.08046875
1 0.2296875 0.35 0.0421875 0.07421875
1 0.228125 0.3015625 0.03984375 0.0546875
1 0.5640625 0.18046875 0.0421875 0.07109375
1 0.18671875 0.6109375 0.18828125 0.32578125
1 0.7125 0.28359375 0.034375 0.06484375
1 0.80546875 0.36484375 0.04375 0.109375
1 0.84453125 0.37734375 0.06640625 0.13515625
1 0.8234375 0.30625 0.0484375 0.07109375
1 0.9140625 0.41328125 0.0921875 0.18046875
1 0.93671875 0.1953125 0.02578125 0.06796875