1 0.2265625 0.371875 0.04296875 0.06015625
1 0.45390625 0.40078125 0.04140625 0.05546875
1 0.55390625 0.38359375 0.04140625 0.06015625
1 0.65 0.3890625 0.04296875 0.0578125
1 0.815625 0.37109375 0.04140625 0.06640625
1 0.87890625 0.53125 0.0546875 0.07578125
1 0.7078125 0.58125 0.08828125 0.121875
1 0.7484375 0.5421875 0.06328125 0.09765625
1 0.7015625 0.49765625 0.05703125 0.07578125
1 0.59765625 0.646875 0.10859375 0.178125
1 0.43984375 0.728125 0.18671875 0.321875
1 0.2875 0.6421875 0.11484375 0.1640625
1 0.29609375 0.55078125 0.06484375 0.0890625
1 0.1515625 0.5875 0.0765625 0.1
1 0.1578125 0.5296875 0.05859375 0.0734375