1 0.26640625 0.4375 0.03515625 0.06484375
1 0.3421875 0.53203125 0.0359375 0.0609375
1 0.315625 0.403125 0.034375 0.06875
1 0.36875 0.4125 0.034375 0.0578125
1 0.428125 0.384375 0.0296875 0.05859375
1 0.44921875 0.4265625 0.0359375 0.06484375
1 0.48046875 0.3390625 0.02890625 0.0625
1 0.53671875 0.3703125 0.02890625 0.05859375
1 0.56953125 0.3453125 0.03203125 0.0546875
1 0.60703125 0.3640625 0.03203125 0.0625
1 0.64609375 0.3953125 0.03671875 0.05390625
1 0.69140625 0.36328125 0.0359375 0.0640625
1 0.6796875 0.50625 0.03671875 0.07265625
1 0.6046875 0.49453125 0.0375 0.05390625
1 0.5359375 0.50078125 0.03515625 0.0484375