1 0.09375 0.27578125 0.0140625 0.03125
1 0.1203125 0.25859375 0.021875 0.03671875
1 0.2015625 0.30859375 0.03359375 0.0703125
1 0.253125 0.34765625 0.03671875 0.0734375
1 0.34140625 0.22109375 0.015625 0.03125
1 0.4578125 0.20625 0.015625 0.03359375
1 0.4859375 0.23046875 0.01953125 0.04375
1 0.5171875 0.17890625 0.01484375 0.0453125
1 0.55 0.19921875 0.01875 0.040625
1 0.59140625 0.17578125 0.0171875 0.03828125
1 0.6375 0.25078125 0.01953125 0.0421875
1 0.72421875 0.28828125 0.025 0.0546875
1 0.83515625 0.2359375 0.01875 0.04375
1 0.84140625 0.346875 0.02578125 0.04765625
1 0.90703125 0.12890625 0.01171875 0.0296875
1 0.93671875 0.1671875 0.01328125 0.0296875
1 0.42578125 0.22734375 0.02109375 0.03671875
1 0.62265625 0.1421875 0.01484375 0.03515625
1 0.9265625 0.28828125 0.01875 0.03671875