1 0.065625 0.32578125 0.02109375 0.05078125
1 0.28671875 0.2296875 0.01875 0.040625
1 0.309375 0.23203125 0.0171875 0.03828125
1 0.3421875 0.20625 0.0171875 0.03671875
1 0.34921875 0.19140625 0.01484375 0.03125
1 0.33984375 0.246875 0.01796875 0.040625
1 0.35390625 0.24921875 0.021875 0.03515625
1 0.36640625 0.20625 0.01328125 0.03359375
1 0.40234375 0.190625 0.01875 0.04375
1 0.38046875 0.2484375 0.021875 0.03359375
1 0.40859375 0.26484375 0.0234375 0.05078125
1 0.41875 0.2046875 0.025 0.04375
1 0.42109375 0.17890625 0.01796875 0.03515625
1 0.42890625 0.15625 0.01796875 0.03125
1 0.44765625 0.1734375 0.0234375 0.03671875
1 0.44296875 0.22421875 0.01875 0.04375
1 0.478125 0.24140625 0.021875 0.040625
1 0.47109375 0.17890625 0.01796875 0.03125
1 0.46875 0.13515625 0.01875 0.03828125
1 0.48125 0.1609375 0.02109375 0.03671875
1 0.48984375 0.1421875 0.0203125 0.03515625
1 0.50390625 0.1265625 0.01875 0.03515625
1 0.51171875 0.14296875 0.01484375 0.03671875
1 0.52578125 0.13125 0.0140625 0.0296875
1 0.51640625 0.1859375 0.02109375 0.03515625
1 0.55234375 0.1421875 0.0171875 0.02109375
1 0.55546875 0.18828125 0.0171875 0.03828125
1 0.55234375 0.1546875 0.01328125 0.02109375
1 0.56953125 0.13203125 0.0171875 0.03515625
1 0.58515625 0.1203125 0.0171875 0.03359375
1 0.521875 0.28671875 0.0328125 0.05625
1 0.5796875 0.16953125 0.0203125 0.03359375
1 0.6046875 0.12890625 0.01640625 0.040625
1 0.6171875 0.1625 0.02109375 0.04375
1 0.6296875 0.1140625 0.01875 0.03125
1 0.6421875 0.1078125 0.0171875 0.0265625
1 0.6546875 0.12890625 0.021875 0.040625
1 0.67890625 0.10703125 0.0171875 0.02421875
1 0.68046875 0.128125 0.02109375 0.03125
1 0.54921875 0.29375 0.0375 0.06328125
1 0.5875 0.234375 0.0203125 0.0546875
1 0.62734375 0.23203125 0.03125 0.059375
1 0.61015625 0.33671875 0.03125 0.0578125
1 0.65859375 0.19140625 0.0203125 0.0453125
1 0.69921875 0.16171875 0.01640625 0.0421875
1 0.71328125 0.12421875 0.01171875 0.0265625
1 0.70625 0.19921875 0.0234375 0.04765625
1 0.675 0.27890625 0.021875 0.06875
1 0.665625 0.371875 0.03515625 0.07890625
1 0.75234375 0.13671875 0.01640625 0.03515625
1 0.7484375 0.17109375 0.02109375 0.03359375
1 0.734375 0.2296875 0.02734375 0.03671875
1 0.72421875 0.30546875 0.01796875 0.0421875
1 0.78125 0.13671875 0.021875 0.03515625
1 0.80546875 0.1640625 0.0140625 0.03671875
1 0.7625 0.20703125 0.01875 0.05625
1 0.79375 0.22421875 0.02109375 0.04765625
1 0.78203125 0.25625 0.02109375 0.04921875
1 0.765625 0.30078125 0.028125 0.05625
1 0.74453125 0.3703125 0.03515625 0.06484375
1 0.8265625 0.4078125 0.03828125 0.0703125
1 0.8359375 0.328125 0.03125 0.06171875
1 0.8203125 0.2546875 0.01796875 0.03828125
1 0.86875 0.26875 0.01875 0.0453125
1 0.884375 0.2515625 0.0234375 0.05625
1 0.9234375 0.2484375 0.02890625 0.05078125
1 0.909375 0.34375 0.02421875 0.06171875
1 0.91953125 0.296875 0.01328125 0.03515625
1 0.884375 0.43046875 0.03046875 0.07734375
1 0.7609375 0.15703125 0.01484375 0.03671875