1 0.4328125 0.128125 0.01328125 0.028125
1 0.52734375 0.18984375 0.01953125 0.03671875
1 0.5265625 0.28203125 0.02109375 0.05234375
1 0.61875 0.20390625 0.0171875 0.04375
1 0.67578125 0.13125 0.01875 0.03515625
1 0.7359375 0.14921875 0.015625 0.03515625
1 0.66875 0.24765625 0.02265625 0.04765625
1 0.73828125 0.28359375 0.02734375 0.05625
1 0.74375 0.32734375 0.02890625 0.05625
1 0.775 0.240625 0.0203125 0.0578125
1 0.81328125 0.2515625 0.0203125 0.05390625
1 0.84453125 0.25625 0.0234375 0.04765625
1 0.80390625 0.38984375 0.02421875 0.06796875
1 0.9015625 0.425 0.025 0.0609375