1 0.1203125 0.6125 0.08203125 0.09453125
1 0.02265625 0.5578125 0.04140625 0.07734375
1 0.28671875 0.57109375 0.0328125 0.040625
1 0.3546875 0.46953125 0.0328125 0.05546875
1 0.36796875 0.596875 0.046875 0.08046875
1 0.396875 0.76328125 0.1921875 0.25625
1 0.45625 0.5875 0.04296875 0.07421875
1 0.47890625 0.578125 0.03359375 0.053125
1 0.5109375 0.58828125 0.040625 0.05859375
1 0.65078125 0.63671875 0.05078125 0.07421875
1 0.7265625 0.60859375 0.04296875 0.065625
1 0.7125 0.59296875 0.028125 0.040625
1 0.59765625 0.515625 0.025 0.040625
1 0.81015625 0.6109375 0.02734375 0.04375
1 0.82421875 0.5953125 0.0265625 0.03828125
1 0.8421875 0.6375 0.0515625 0.0734375
1 0.91875 0.68984375 0.11640625 0.14375
1 0.8734375 0.6234375 0.04765625 0.06640625