1 0.203125 0.36328125 0.040625 0.08203125
1 0.29375 0.2171875 0.01640625 0.03515625
1 0.33125 0.22265625 0.01953125 0.03515625
1 0.34375 0.20390625 0.01875 0.03203125
1 0.34765625 0.1828125 0.01640625 0.02578125
1 0.35703125 0.22734375 0.01796875 0.03359375
1 0.38125 0.246875 0.021875 0.0390625
1 0.3796875 0.225 0.01875 0.03359375
1 0.39140625 0.1921875 0.01796875 0.03359375
1 0.4109375 0.2046875 0.01640625 0.0375
1 0.415625 0.1921875 0.01640625 0.0375
1 0.41484375 0.16328125 0.01640625 0.03515625
1 0.44375 0.16796875 0.01796875 0.0375
1 0.4390625 0.23203125 0.02109375 0.046875
1 0.44453125 0.215625 0.01953125 0.040625
1 0.48359375 0.21875 0.021875 0.0390625
1 0.4828125 0.1734375 0.01328125 0.0296875
1 0.47109375 0.1515625 0.01328125 0.028125
1 0.45546875 0.1453125 0.01484375 0.0296875
1 0.46875 0.13203125 0.01171875 0.02578125
1 0.4921875 0.13515625 0.009375 0.0203125
1 0.49296875 0.15703125 0.01640625 0.03203125
1 0.521875 0.17421875 0.01484375 0.0390625
1 0.534375 0.18984375 0.015625 0.0375
1 0.50234375 0.11953125 0.01328125 0.0296875
1 0.52421875 0.12734375 0.01171875 0.028125
1 0.540625 0.1421875 0.015625 0.03203125
1 0.5546875 0.1609375 0.015625 0.0390625
1 0.546875 0.128125 0.0125 0.02578125
1 0.58515625 0.17421875 0.02109375 0.03515625
1 0.58125 0.11953125 0.0125 0.0296875
1 0.59296875 0.11015625 0.009375 0.0296875
1 0.60390625 0.1203125 0.0125 0.028125
1 0.61484375 0.1109375 0.01171875 0.02421875
1 0.62578125 0.1125 0.01171875 0.028125
1 0.61640625 0.15 0.015625 0.03203125
1 0.571875 0.24609375 0.025 0.05234375
1 0.58203125 0.278125 0.02734375 0.0578125
1 0.4921875 0.28671875 0.028125 0.06328125
1 0.61015625 0.32421875 0.03203125 0.06328125
1 0.63203125 0.2203125 0.02109375 0.046875
1 0.64453125 0.228125 0.021875 0.05390625
1 0.64765625 0.1296875 0.01484375 0.03203125
1 0.66484375 0.1015625 0.0125 0.028125
1 0.665625 0.140625 0.01640625 0.03203125
1 0.6828125 0.1296875 0.015625 0.028125
1 0.690625 0.1015625 0.01015625 0.028125
1 0.71484375 0.11328125 0.01640625 0.0296875
1 0.696875 0.1515625 0.01640625 0.03203125
1 0.6734375 0.18125 0.01640625 0.0390625
1 0.68125 0.24609375 0.025 0.05625
1 0.6921875 0.30234375 0.03046875 0.06171875
1 0.72421875 0.3 0.02421875 0.05625
1 0.74921875 0.378125 0.03515625 0.07421875
1 0.7390625 0.2296875 0.02421875 0.046875
1 0.71875 0.1765625 0.02109375 0.040625
1 0.74765625 0.16796875 0.02109375 0.0375
1 0.75703125 0.18046875 0.01953125 0.04453125
1 0.753125 0.1265625 0.01484375 0.02578125
1 0.77890625 0.140625 0.015625 0.03515625
1 0.80078125 0.171875 0.01484375 0.03515625
1 0.7984375 0.22421875 0.02109375 0.04296875
1 0.77109375 0.24765625 0.02109375 0.0484375
1 0.7984375 0.28984375 0.02578125 0.05390625
1 0.81875 0.253125 0.025 0.05234375
1 0.8328125 0.3140625 0.025 0.0765625
1 0.815625 0.39296875 0.034375 0.07109375
1 0.89921875 0.440625 0.040625 0.0875
1 0.91875 0.33828125 0.03203125 0.06484375
1 0.92109375 0.29296875 0.02265625 0.046875
1 0.9265625 0.2265625 0.01796875 0.04296875
1 0.88359375 0.228125 0.02421875 0.046875
1 0.86953125 0.2796875 0.021875 0.05234375