1 0.93515625 0.7890625 0.1078125 0.19296875
1 0.7859375 0.6859375 0.06328125 0.12890625
1 0.70859375 0.78203125 0.09921875 0.1640625
1 0.5484375 0.84453125 0.1484375 0.24609375
1 0.41015625 0.65 0.0484375 0.0859375
1 0.309375 0.6765625 0.06796875 0.1109375
1 0.21328125 0.65859375 0.04453125 0.0890625
1 0.15078125 0.69609375 0.0765625 0.1359375
1 0.0859375 0.66796875 0.0484375 0.09296875
1 0.05 0.60546875 0.0359375 0.0609375
1 0.02734375 0.5765625 0.03359375 0.05390625
1 0.0234375 0.6265625 0.0421875 0.08203125
1 0.09765625 0.5734375 0.0296875 0.05390625
1 0.16640625 0.57890625 0.02734375 0.05703125
1 0.22421875 0.59453125 0.0296875 0.04609375
1 0.26171875 0.6 0.03203125 0.05703125
1 0.3609375 0.61796875 0.0359375 0.05703125
1 0.4515625 0.58359375 0.03359375 0.05390625
1 0.50234375 0.6359375 0.046875 0.07109375
1 0.50234375 0.58046875 0.03359375 0.0609375
1 0.57109375 0.61953125 0.0484375 0.08203125
1 0.546875 0.57890625 0.02578125 0.05
1 0.296875 0.57109375 0.02109375 0.04296875
1 0.64296875 0.6015625 0.0234375 0.05390625
1 0.621875 0.57109375 0.02734375 0.05
1 0.65234375 0.55 0.0171875 0.0359375
1 0.6765625 0.5765625 0.03203125 0.05390625
1 0.7046875 0.5890625 0.0234375 0.04296875
1 0.7046875 0.5515625 0.01875 0.03203125
1 0.740625 0.5734375 0.0234375 0.0390625
1 0.81328125 0.63359375 0.046875 0.09609375
1 0.84921875 0.6140625 0.03828125 0.07890625
1 0.878125 0.6015625 0.0359375 0.075
1 0.859375 0.55859375 0.0234375 0.05390625
1 0.80546875 0.5515625 0.02578125 0.04609375
1 0.97421875 0.61796875 0.046875 0.0859375