1 0.06328125 0.55234375 0.0421875 0.05625
1 0.0765625 0.46484375 0.02734375 0.0390625
1 0.1328125 0.4734375 0.03125 0.0453125
1 0.16171875 0.51796875 0.0296875 0.05078125
1 0.190625 0.63671875 0.04609375 0.06796875
1 0.159375 0.675 0.0421875 0.0703125
1 0.23984375 0.59609375 0.0359375 0.059375
1 0.2796875 0.4578125 0.02734375 0.03671875
1 0.39765625 0.459375 0.0234375 0.0390625
1 0.41796875 0.51015625 0.0234375 0.03359375
1 0.50234375 0.4546875 0.0234375 0.0421875
1 0.51484375 0.5015625 0.02734375 0.0453125
1 0.5390625 0.55234375 0.0296875 0.0390625
1 0.63515625 0.49453125 0.0296875 0.0421875
1 0.68515625 0.54765625 0.03359375 0.04765625
1 0.790625 0.49296875 0.0421875 0.06171875
1 0.91015625 0.7453125 0.06328125 0.0984375