1 0.07734375 0.32109375 0.0578125 0.12265625
1 0.209375 0.31875 0.06484375 0.11171875
1 0.275 0.29140625 0.046875 0.0796875
1 0.2609375 0.50859375 0.07421875 0.15390625
1 0.3296875 0.05703125 0.040625 0.06875
1 0.3578125 0.25390625 0.0421875 0.096875
1 0.39140625 0.5984375 0.08203125 0.1796875
1 0.59765625 0.27265625 0.040625 0.0828125
1 0.653125 0.27890625 0.0453125 0.07734375
1 0.7453125 0.33828125 0.0421875 0.08828125
1 0.94140625 0.57421875 0.08515625 0.16015625
1 0.92890625 0.796875 0.11953125 0.26875