1 0.4890625 0.19375 0.02734375 0.05078125
1 0.53203125 0.1953125 0.01796875 0.03984375
1 0.62578125 0.1890625 0.02109375 0.03828125
1 0.66484375 0.18125 0.01953125 0.0328125
1 0.6875 0.146875 0.01796875 0.0328125
1 0.67421875 0.209375 0.0203125 0.04140625
1 0.75234375 0.1984375 0.02109375 0.03828125
1 0.6890625 0.24296875 0.02734375 0.03984375
1 0.725 0.2765625 0.02265625 0.05234375
1 0.7890625 0.2375 0.02109375 0.0546875
1 0.76640625 0.34453125 0.0265625 0.06875
1 0.8125 0.365625 0.0359375 0.06875
1 0.8296875 0.23984375 0.02734375 0.0453125
1 0.89609375 0.28828125 0.03671875 0.0796875
1 0.91484375 0.3703125 0.0328125 0.0671875