1 0.11640625 0.55546875 0.0390625 0.0796875
1 0.2203125 0.34609375 0.01953125 0.03515625
1 0.2578125 0.3515625 0.01875 0.0390625
1 0.27734375 0.38046875 0.02109375 0.0453125
1 0.2796875 0.31328125 0.01875 0.03515625
1 0.33125 0.3640625 0.0234375 0.05234375
1 0.3515625 0.334375 0.01953125 0.03671875
1 0.35 0.3 0.0171875 0.03203125
1 0.38046875 0.35 0.0234375 0.0453125
1 0.4140625 0.33515625 0.02421875 0.0421875
1 0.44609375 0.33828125 0.02265625 0.0390625
1 0.40546875 0.2984375 0.01875 0.03203125
1 0.390625 0.2640625 0.0171875 0.03046875
1 0.42734375 0.26015625 0.01484375 0.03046875
1 0.4484375 0.26328125 0.0171875 0.03515625
1 0.4703125 0.2703125 0.01640625 0.03046875
1 0.48046875 0.3140625 0.021875 0.03671875
1 0.509375 0.32734375 0.021875 0.040625
1 0.4625 0.2484375 0.01328125 0.03046875
1 0.47109375 0.2390625 0.01484375 0.0234375
1 0.51328125 0.26640625 0.01796875 0.02890625
1 0.52734375 0.27734375 0.01796875 0.03359375
1 0.559375 0.2890625 0.0234375 0.0453125
1 0.5390625 0.25 0.02109375 0.03359375
1 0.5640625 0.23203125 0.01640625 0.03359375
1 0.5796875 0.22578125 0.01328125 0.0265625
1 0.58515625 0.22890625 0.0125 0.02734375
1 0.5953125 0.2390625 0.01484375 0.0265625
1 0.590625 0.26875 0.01796875 0.03359375
1 0.6140625 0.25859375 0.0171875 0.03359375
1 0.6109375 0.22421875 0.01640625 0.02890625
1 0.6171875 0.21015625 0.01328125 0.03046875
1 0.63984375 0.2171875 0.0140625 0.02890625
1 0.6515625 0.22578125 0.015625 0.03203125
1 0.6578125 0.2484375 0.015625 0.02734375
1 0.68828125 0.23046875 0.015625 0.03046875
1 0.68671875 0.21171875 0.0140625 0.025
1 0.69921875 0.22890625 0.0140625 0.03046875
1 0.6859375 0.28203125 0.01875 0.03671875
1 0.64921875 0.303125 0.01875 0.0421875
1 0.6125 0.33046875 0.0265625 0.05234375
1 0.5453125 0.36171875 0.0265625 0.05390625
1 0.48359375 0.4125 0.0328125 0.06875
1 0.5546875 0.409375 0.03671875 0.05546875
1 0.615625 0.3859375 0.02578125 0.05546875
1 0.60703125 0.459375 0.0328125 0.06875
1 0.64921875 0.478125 0.0390625 0.07421875
1 0.66796875 0.36953125 0.0265625 0.0609375
1 0.70546875 0.36796875 0.0234375 0.05234375
1 0.6984375 0.32109375 0.01875 0.0390625
1 0.71953125 0.30234375 0.0171875 0.0390625
1 0.721875 0.25625 0.01484375 0.02890625
1 0.75078125 0.25546875 0.01875 0.03359375
1 0.7625 0.24140625 0.01484375 0.02890625
1 0.79375 0.26484375 0.01484375 0.0265625
1 0.80234375 0.2390625 0.01640625 0.03359375
1 0.80234375 0.2890625 0.0171875 0.03359375
1 0.83359375 0.24921875 0.01640625 0.0375
1 0.83046875 0.29765625 0.01796875 0.0390625
1 0.8375 0.36640625 0.02578125 0.04765625
1 0.80625 0.43515625 0.0265625 0.0609375
1 0.7375 0.41015625 0.03203125 0.05859375
1 0.71953125 0.540625 0.03984375 0.07734375
1 0.840625 0.51875 0.0328125 0.07421875
1 0.865625 0.4796875 0.03046875 0.065625
1 0.884375 0.4015625 0.025 0.05859375
1 0.89765625 0.340625 0.01953125 0.04375
1 0.86875 0.3296875 0.021875 0.0390625
1 0.8703125 0.2734375 0.01484375 0.03203125
1 0.865625 0.25859375 0.01484375 0.02734375
1 0.88515625 0.2796875 0.0140625 0.03203125
1 0.90546875 0.26015625 0.0140625 0.03046875
1 0.92421875 0.29375 0.01484375 0.03515625
1 0.91328125 0.325 0.015625 0.0390625
1 0.94140625 0.33203125 0.01640625 0.03515625
1 0.940625 0.30859375 0.01328125 0.03203125
1 0.96328125 0.3109375 0.0140625 0.03359375
1 0.96796875 0.28125 0.015625 0.03203125
1 0.959375 0.35859375 0.01875 0.0453125
1 0.95 0.47265625 0.03203125 0.07421875