1 0.20546875 0.3265625 0.08515625 0.1375
1 0.234375 0.49140625 0.03203125 0.0578125
1 0.2796875 0.49453125 0.05 0.078125
1 0.3203125 0.51796875 0.0765625 0.10234375
1 0.371875 0.58125 0.10703125 0.13125
1 0.32421875 0.4625 0.03515625 0.04921875
1 0.36796875 0.478125 0.03671875 0.053125
1 0.4046875 0.48984375 0.03984375 0.05546875
1 0.40859375 0.446875 0.0296875 0.04921875
1 0.44140625 0.48359375 0.03359375 0.05546875
1 0.48671875 0.5203125 0.06640625 0.09765625
1 0.4828125 0.44296875 0.03828125 0.046875
1 0.5296875 0.47421875 0.046875 0.0734375
1 0.5953125 0.5953125 0.10703125 0.15546875
1 0.56640625 0.43671875 0.03359375 0.046875
1 0.64140625 0.478125 0.05703125 0.0890625
1 0.63359375 0.4359375 0.03359375 0.04453125
1 0.61640625 0.43671875 0.03359375 0.05078125
1 0.6921875 0.41640625 0.04140625 0.05546875
1 0.71328125 0.446875 0.04296875 0.0625
1 0.75 0.46875 0.05703125 0.07578125
1 0.74921875 0.5609375 0.11171875 0.13125
1 0.82109375 0.45234375 0.0546875 0.078125
1 0.81328125 0.40078125 0.0296875 0.0421875
1 0.8703125 0.44140625 0.046875 0.0640625
1 0.93828125 0.4609375 0.08671875 0.11328125