1 0.18125 0.42578125 0.03359375 0.0765625
1 0.25625 0.49296875 0.05546875 0.10234375
1 0.23984375 0.42734375 0.03828125 0.0671875
1 0.3078125 0.3984375 0.0265625 0.0578125
1 0.31796875 0.44765625 0.04296875 0.078125
1 0.3671875 0.41953125 0.0296875 0.0671875
1 0.390625 0.39140625 0.02421875 0.05390625
1 0.4 0.534375 0.0578125 0.11171875
1 0.43359375 0.4390625 0.03203125 0.06875
1 0.4421875 0.3890625 0.0296875 0.0578125
1 0.48515625 0.49140625 0.05546875 0.11171875
1 0.515625 0.44140625 0.03828125 0.0765625
1 0.5734375 0.41875 0.02890625 0.05546875
1 0.58359375 0.45234375 0.03359375 0.07421875
1 0.56015625 0.37734375 0.02421875 0.04453125
1 0.61640625 0.37734375 0.01875 0.046875
1 0.628125 0.40390625 0.0296875 0.05
1 0.6515625 0.459375 0.03671875 0.0765625
1 0.678125 0.53671875 0.05546875 0.1171875
1 0.62265625 0.578125 0.0703125 0.1453125
1 0.665625 0.425 0.03125 0.05078125
1 0.66484375 0.38671875 0.02421875 0.0453125
1 0.69296875 0.3828125 0.021875 0.040625
1 0.703125 0.4109375 0.025 0.05390625
1 0.72421875 0.4015625 0.021875 0.05546875
1 0.753125 0.38203125 0.0234375 0.040625
1 0.803125 0.39921875 0.02265625 0.0453125
1 0.77265625 0.49296875 0.040625 0.084375
1 0.7421875 0.48359375 0.03046875 0.059375
1 0.81953125 0.64296875 0.07109375 0.1328125
1 0.85546875 0.565625 0.06484375 0.12109375
1 0.8359375 0.45546875 0.03671875 0.08046875
1 0.8578125 0.43203125 0.0359375 0.06328125
1 0.88359375 0.4046875 0.0265625 0.0453125
1 0.90390625 0.4921875 0.03671875 0.0859375
1 0.9359375 0.459375 0.03125 0.07265625
1 0.8234375 0.3984375 0.01796875 0.046875