1 0.10546875 0.55546875 0.0484375 0.08125
1 0.23359375 0.5640625 0.05546875 0.08984375
1 0.28671875 0.546875 0.0578125 0.09609375
1 0.26640625 0.475 0.04453125 0.0625
1 0.35703125 0.3109375 0.06484375 0.12109375
1 0.4828125 0.3859375 0.0515625 0.0890625
1 0.46953125 0.50078125 0.075 0.11875
1 0.36953125 0.52265625 0.06015625 0.08984375
1 0.44609375 0.5265625 0.0390625 0.08359375
1 0.5859375 0.49375 0.04453125 0.08515625
1 0.57109375 0.52890625 0.04140625 0.0625
1 0.6484375 0.53203125 0.078125 0.1359375
1 0.6734375 0.4703125 0.04921875 0.0984375
1 0.6984375 0.49140625 0.0296875 0.06484375
1 0.8359375 0.4828125 0.03203125 0.0734375
1 0.85859375 0.4671875 0.04296875 0.08984375
1 0.884375 0.4859375 0.0578125 0.1125
1 0.9609375 0.4265625 0.078125 0.1609375