1 0.13984375 0.30078125 0.025 0.0453125
1 0.18984375 0.4515625 0.06171875 0.1296875
1 0.28515625 0.484375 0.05859375 0.11796875
1 0.471875 0.54296875 0.0640625 0.1296875
1 0.465625 0.4171875 0.05078125 0.0953125
1 0.22890625 0.20390625 0.01640625 0.04140625
1 0.33203125 0.17421875 0.01796875 0.03203125
1 0.38046875 0.21328125 0.0234375 0.05
1 0.4703125 0.221875 0.01953125 0.04296875
1 0.51484375 0.26640625 0.02578125 0.05703125
1 0.39140625 0.2 0.02109375 0.04296875
1 0.55703125 0.1140625 0.025 0.0453125
1 0.5765625 0.08203125 0.01171875 0.0296875
1 0.61015625 0.12734375 0.01796875 0.03828125
1 0.61640625 0.09765625 0.01484375 0.03203125
1 0.6328125 0.12109375 0.01796875 0.0453125
1 0.6609375 0.1296875 0.025 0.046875
1 0.66171875 0.090625 0.01640625 0.03828125
1 0.6984375 0.1359375 0.021875 0.0484375
1 0.7328125 0.05703125 0.01640625 0.03359375