1 0.06484375 0.31171875 0.0203125 0.040625
1 0.0875 0.29296875 0.01796875 0.03203125
1 0.2 0.2265625 0.0203125 0.03671875
1 0.24375 0.2875 0.0265625 0.04921875
1 0.22734375 0.42578125 0.0484375 0.109375
1 0.353125 0.271875 0.03828125 0.0578125
1 0.30546875 0.159375 0.01953125 0.03515625
1 0.34453125 0.146875 0.0171875 0.03515625
1 0.3703125 0.146875 0.01640625 0.03203125
1 0.41328125 0.1015625 0.0171875 0.0390625
1 0.4578125 0.10234375 0.01796875 0.03671875
1 0.51484375 0.2078125 0.0203125 0.0421875
1 0.5421875 0.19609375 0.01875 0.03828125
1 0.53359375 0.175 0.01796875 0.03515625
1 0.5703125 0.1078125 0.01953125 0.040625
1 0.5984375 0.08671875 0.01484375 0.0265625