1 0.23359375 0.34453125 0.06015625 0.0890625
1 0.178125 0.30859375 0.05 0.06796875
1 0.296875 0.34609375 0.05 0.065625
1 0.303125 0.29921875 0.03359375 0.04921875
1 0.35859375 0.3390625 0.046875 0.0578125
1 0.3703125 0.4140625 0.0734375 0.09609375
1 0.4484375 0.3328125 0.05 0.06171875
1 0.4 0.353125 0.03671875 0.05078125
1 0.37734375 0.30859375 0.03515625 0.0421875
1 0.4140625 0.2171875 0.03203125 0.0421875
1 0.4765625 0.31171875 0.0265625 0.04453125
1 0.496875 0.3828125 0.05 0.0765625
1 0.528125 0.4421875 0.08984375 0.12734375
1 0.68671875 0.4578125 0.08671875 0.1109375
1 0.61640625 0.37109375 0.053125 0.07890625
1 0.546875 0.32890625 0.046875 0.06171875
1 0.5234375 0.27578125 0.03359375 0.04453125
1 0.58046875 0.303125 0.028125 0.0578125
1 0.6421875 0.3109375 0.03203125 0.05078125
1 0.6703125 0.31796875 0.03671875 0.0578125
1 0.7 0.3578125 0.05703125 0.0765625
1 0.76953125 0.38046875 0.06171875 0.09375
1 0.80234375 0.32265625 0.04140625 0.0578125
1 0.86015625 0.3703125 0.05703125 0.08515625
1 0.9421875 0.34140625 0.0484375 0.07421875
1 0.94609375 0.54609375 0.1078125 0.1703125