1 0.19296875 0.36875 0.04453125 0.08984375
1 0.284375 0.2140625 0.0171875 0.03671875
1 0.3046875 0.2265625 0.01796875 0.03671875
1 0.32265625 0.221875 0.01875 0.04296875
1 0.346875 0.2328125 0.01875 0.04609375
1 0.37109375 0.246875 0.0203125 0.04453125
1 0.415625 0.24921875 0.02109375 0.04609375
1 0.32890625 0.178125 0.01796875 0.03828125
1 0.3515625 0.18828125 0.01796875 0.03671875
1 0.36953125 0.18203125 0.01875 0.03984375
1 0.38515625 0.19609375 0.0203125 0.03984375
1 0.41875 0.19453125 0.01875 0.03671875
1 0.44765625 0.23203125 0.0234375 0.04140625
1 0.4171875 0.15859375 0.0171875 0.03515625
1 0.4328125 0.1703125 0.01875 0.03671875
1 0.45390625 0.1453125 0.0171875 0.03046875
1 0.46875 0.17421875 0.021875 0.03984375
1 0.496875 0.21640625 0.0234375 0.04453125
1 0.5 0.17734375 0.01875 0.03671875
1 0.48671875 0.15703125 0.01875 0.03515625
1 0.46796875 0.12890625 0.01328125 0.02734375
1 0.48515625 0.13046875 0.01328125 0.02421875
1 0.5375 0.178125 0.0171875 0.03828125
1 0.525 0.15625 0.015625 0.03671875
1 0.50625 0.14140625 0.0125 0.03203125
1 0.50234375 0.12109375 0.0125 0.03046875
1 0.525 0.12109375 0.01484375 0.03046875
1 0.546875 0.1640625 0.0171875 0.03046875
1 0.5453125 0.13984375 0.01328125 0.02734375
1 0.5484375 0.11484375 0.01328125 0.03046875
1 0.5625 0.14609375 0.01171875 0.02890625
1 0.57421875 0.13046875 0.0125 0.03046875
1 0.578125 0.1796875 0.021875 0.03515625
1 0.58125 0.1109375 0.01171875 0.02890625
1 0.59375 0.1296875 0.01328125 0.03203125
1 0.603125 0.1484375 0.01328125 0.02734375
1 0.59921875 0.11015625 0.0125 0.03046875
1 0.6203125 0.14921875 0.01484375 0.03203125
1 0.62265625 0.12109375 0.015625 0.02734375
1 0.62890625 0.10859375 0.0125 0.02890625
1 0.64453125 0.0984375 0.01484375 0.02734375
1 0.6546875 0.12734375 0.015625 0.03046875
1 0.65859375 0.11171875 0.01171875 0.02421875
1 0.6796875 0.11953125 0.0125 0.03046875
1 0.67734375 0.103125 0.0125 0.02421875
1 0.7015625 0.1109375 0.01328125 0.03203125
1 0.49921875 0.271875 0.025 0.0625
1 0.57265625 0.28125 0.025 0.059375
1 0.603125 0.31171875 0.0296875 0.075
1 0.58515625 0.23671875 0.0265625 0.053125
1 0.61953125 0.246875 0.02421875 0.0546875
1 0.62265625 0.19921875 0.01796875 0.03984375
1 0.66328125 0.26328125 0.021875 0.05
1 0.67421875 0.34609375 0.03203125 0.0734375
1 0.66796875 0.190625 0.01796875 0.04140625
1 0.6984375 0.1578125 0.0171875 0.04296875
1 0.71171875 0.1875 0.01640625 0.04140625
1 0.7265625 0.284375 0.025 0.05625
1 0.728125 0.215625 0.0234375 0.04609375
1 0.75625 0.19921875 0.0203125 0.04609375
1 0.7375 0.14375 0.015625 0.03046875
1 0.746875 0.1546875 0.0171875 0.03671875
1 0.75234375 0.13203125 0.0171875 0.03359375
1 0.7640625 0.1546875 0.01328125 0.03671875
1 0.77890625 0.13203125 0.01328125 0.02734375
1 0.80546875 0.15390625 0.015625 0.02890625
1 0.7890625 0.21640625 0.0203125 0.04453125
1 0.7734375 0.2390625 0.02109375 0.0515625
1 0.7859375 0.2875 0.021875 0.0625
1 0.7734375 0.35625 0.0296875 0.065625
1 0.82265625 0.38359375 0.03359375 0.07890625
1 0.82890625 0.303125 0.02265625 0.0640625
1 0.83203125 0.24140625 0.021875 0.053125
1 0.85625 0.26953125 0.01875 0.04453125
1 0.88359375 0.23046875 0.01875 0.04453125
1 0.9171875 0.33125 0.0265625 0.0625
1 0.86953125 0.42265625 0.03359375 0.07890625
1 0.92265625 0.2859375 0.0234375 0.03984375
1 0.92734375 0.2328125 0.0171875 0.03984375