1 0.64609375 0.10859375 0.0828125 0.15546875
1 0.5890625 0.0859375 0.03671875 0.08359375
1 0.5609375 0.2734375 0.03984375 0.08359375
1 0.5296875 0.09921875 0.03359375 0.07890625
1 0.43984375 0.084375 0.0390625 0.06953125
1 0.4109375 0.26171875 0.034375 0.0734375
1 0.3890625 0.20625 0.0265625 0.065625
1 0.3609375 0.21875 0.02578125 0.059375
1 0.33046875 0.2859375 0.046875 0.1
1 0.3 0.25390625 0.02578125 0.071875
1 0.25 0.43046875 0.11796875 0.20546875
1 0.20625 0.26328125 0.04140625 0.090625
1 0.159375 0.15625 0.028125 0.059375
1 0.140625 0.27578125 0.03046875 0.065625
1 0.1265625 0.3140625 0.0375 0.08046875
1 0.11875 0.36640625 0.0546875 0.11953125
1 0.0234375 0.42578125 0.04296875 0.1625
1 0.0671875 0.178125 0.04765625 0.08046875
1 0.01953125 0.184375 0.0359375 0.06953125