1 0.06796875 0.515625 0.0421875 0.09140625
1 0.275 0.265625 0.01796875 0.03515625
1 0.28203125 0.23828125 0.01796875 0.03671875
1 0.31640625 0.23984375 0.01953125 0.03984375
1 0.33046875 0.22265625 0.01953125 0.03828125
1 0.34140625 0.25 0.01875 0.04296875
1 0.3734375 0.271875 0.01875 0.03984375
1 0.38984375 0.28203125 0.02421875 0.04453125
1 0.359375 0.22734375 0.0171875 0.04140625
1 0.37109375 0.23984375 0.01640625 0.0265625
1 0.3796875 0.23125 0.01484375 0.03125
1 0.37578125 0.1921875 0.0140625 0.0296875
1 0.390625 0.18359375 0.01796875 0.0328125
1 0.41171875 0.19609375 0.0171875 0.03828125
1 0.43046875 0.240625 0.021875 0.04765625
1 0.44453125 0.1796875 0.01796875 0.04140625
1 0.4625 0.19765625 0.01875 0.03828125
1 0.46953125 0.240625 0.0234375 0.04140625
1 0.4671875 0.14140625 0.01484375 0.03125
1 0.48359375 0.1359375 0.01328125 0.0296875
1 0.4859375 0.16015625 0.01640625 0.03515625
1 0.4921875 0.20078125 0.02109375 0.04140625
1 0.50546875 0.16640625 0.01640625 0.03828125
1 0.52421875 0.2171875 0.02421875 0.05
1 0.5375 0.16796875 0.0171875 0.04453125
1 0.546875 0.1578125 0.01640625 0.03515625
1 0.56328125 0.16484375 0.021875 0.04453125
1 0.5671875 0.11953125 0.01484375 0.03671875
1 0.5875 0.146875 0.0140625 0.03125
1 0.6109375 0.1453125 0.01484375 0.0328125
1 0.5953125 0.12109375 0.01328125 0.0265625
1 0.61484375 0.11875 0.01015625 0.028125
1 0.6375 0.1421875 0.01796875 0.03671875
1 0.6421875 0.11875 0.01953125 0.03515625
1 0.48515625 0.31328125 0.03359375 0.06328125
1 0.54453125 0.30625 0.03046875 0.06953125
1 0.58984375 0.22109375 0.02421875 0.0578125
1 0.61796875 0.20859375 0.02109375 0.04609375
1 0.6078125 0.25390625 0.0265625 0.0546875
1 0.61640625 0.31796875 0.0375 0.06328125
1 0.66484375 0.2578125 0.0265625 0.0609375
1 0.65078125 0.21640625 0.0234375 0.04765625
1 0.66796875 0.1796875 0.01953125 0.04140625
1 0.6890625 0.14453125 0.0171875 0.03515625
1 0.69609375 0.18125 0.01953125 0.04140625
1 0.696875 0.21875 0.02265625 0.05
1 0.7359375 0.19921875 0.01875 0.04453125
1 0.725 0.1640625 0.021875 0.0328125
1 0.71171875 0.13984375 0.0171875 0.03515625
1 0.734375 0.115625 0.01796875 0.03671875
1 0.75390625 0.1421875 0.01640625 0.0328125
1 0.76484375 0.16875 0.01796875 0.03671875
1 0.775 0.13828125 0.01640625 0.03515625
1 0.78984375 0.140625 0.01328125 0.03984375
1 0.8078125 0.12578125 0.01640625 0.03984375
1 0.834375 0.140625 0.01796875 0.03984375
1 0.815625 0.1578125 0.0171875 0.03125
1 0.80078125 0.17890625 0.0171875 0.03671875
1 0.7796875 0.21015625 0.0234375 0.04296875
1 0.759375 0.23984375 0.021875 0.05625
1 0.721875 0.28125 0.02421875 0.05625
1 0.77265625 0.29609375 0.02421875 0.05625
1 0.83984375 0.31171875 0.028125 0.06796875
1 0.8234375 0.22421875 0.0234375 0.04765625
1 0.840625 0.18671875 0.01640625 0.03984375
1 0.853125 0.16171875 0.01484375 0.03828125
1 0.88203125 0.25078125 0.02578125 0.0515625
1 0.9171875 0.271875 0.02734375 0.053125
1 0.92109375 0.22578125 0.02109375 0.04765625
1 0.8890625 0.20625 0.01796875 0.04765625
1 0.89140625 0.17578125 0.0171875 0.0328125
1 0.9 0.15546875 0.01640625 0.03984375