1 0.134375 0.4828125 0.071875 0.1
1 0.121875 0.58828125 0.071875 0.1171875
1 0.0578125 0.62421875 0.09609375 0.15390625
1 0.39609375 0.49296875 0.05234375 0.09140625
1 0.44765625 0.5 0.071875 0.13984375
1 0.49609375 0.52421875 0.07578125 0.10859375
1 0.590625 0.55390625 0.0859375 0.13984375
1 0.64921875 0.44765625 0.065625 0.10234375
1 0.628125 0.2921875 0.03984375 0.0765625
1 0.7203125 0.5 0.05625 0.1171875
1 0.69296875 0.73515625 0.1140625 0.228125
1 0.85 0.8046875 0.215625 0.31015625
1 0.82734375 0.546875 0.09375 0.125
1 0.95234375 0.57578125 0.0921875 0.13671875
1 0.915625 0.4859375 0.0640625 0.10546875