1 0.16953125 0.7234375 0.0734375 0.10234375
1 0.14921875 0.671875 0.03203125 0.05
1 0.253125 0.6734375 0.03203125 0.046875
1 0.30859375 0.70703125 0.05 0.06875
1 0.365625 0.69453125 0.0421875 0.07109375
1 0.36953125 0.79453125 0.08671875 0.1328125
1 0.37578125 0.6 0.0265625 0.05
1 0.45 0.71796875 0.04921875 0.08125
1 0.484375 0.6984375 0.0375 0.065625
1 0.51015625 0.70078125 0.03828125 0.0609375
1 0.5921875 0.715625 0.04375 0.0578125
1 0.60859375 0.7078125 0.03046875 0.05390625
1 0.71875 0.7671875 0.0734375 0.10546875
1 0.72578125 0.7078125 0.05390625 0.065625
1 0.88671875 0.69453125 0.0375 0.05234375
1 0.93828125 0.696875 0.0390625 0.0578125