1 0.0796875 0.396875 0.11484375 0.16171875
1 0.2078125 0.4546875 0.13515625 0.22578125
1 0.23125 0.2859375 0.07265625 0.128125
1 0.175 0.28203125 0.06015625 0.1203125
1 0.2078125 0.18203125 0.0703125 0.109375
1 0.38359375 0.278125 0.07265625 0.1203125
1 0.41640625 0.23515625 0.0578125 0.109375
1 0.4734375 0.390625 0.1125 0.21796875
1 0.52109375 0.26484375 0.0875 0.16953125
1 0.60859375 0.25390625 0.0625 0.1390625
1 0.7234375 0.31953125 0.0875 0.15
1 0.6953125 0.25 0.0546875 0.1015625
1 0.7234375 0.575 0.1421875 0.240625
1 0.8828125 0.54296875 0.1296875 0.2140625
1 0.82890625 0.42890625 0.0828125 0.13515625
1 0.9015625 0.3890625 0.0828125 0.146875
1 0.8484375 0.29296875 0.0625 0.1203125
1 0.9734375 0.259375 0.05234375 0.1125