1 0.090625 0.4484375 0.0765625 0.128125
1 0.25546875 0.390625 0.08515625 0.15
1 0.31875 0.33125 0.05625 0.10078125
1 0.434375 0.27421875 0.04375 0.07890625
1 0.4765625 0.3203125 0.04765625 0.11171875
1 0.50390625 0.23671875 0.03671875 0.0765625
1 0.54609375 0.30390625 0.03828125 0.0734375
1 0.55625 0.428125 0.0875 0.16875
1 0.58203125 0.26875 0.03671875 0.07890625
1 0.615625 0.1625 0.034375 0.0734375
1 0.678125 0.27421875 0.04375 0.08984375
1 0.65 0.31640625 0.06015625 0.11953125
1 0.778125 0.44453125 0.109375 0.23984375
1 0.80390625 0.30546875 0.05078125 0.09296875
1 0.834375 0.3953125 0.0546875 0.10390625
1 0.76484375 0.1390625 0.03828125 0.0765625
1 0.96640625 0.1046875 0.04921875 0.07890625