1 0.1984375 0.52421875 0.0859375 0.11484375
1 0.259375 0.55390625 0.075 0.13671875
1 0.34296875 0.57578125 0.1359375 0.2484375
1 0.48359375 0.51328125 0.09453125 0.159375
1 0.54140625 0.48125 0.0609375 0.12578125
1 0.39453125 0.48515625 0.05 0.09609375
1 0.415625 0.46484375 0.04140625 0.08515625
1 0.6359375 0.4984375 0.078125 0.13671875
1 0.70703125 0.57421875 0.11953125 0.21484375
1 0.80390625 0.53515625 0.0859375 0.13671875
1 0.778125 0.4703125 0.0609375 0.09609375
1 0.7234375 0.4609375 0.05859375 0.09296875
1 0.88359375 0.471875 0.0609375 0.1
1 0.9390625 0.5203125 0.1109375 0.19609375