1 0.16796875 0.65859375 0.02890625 0.04296875
1 0.2875 0.65859375 0.03359375 0.04296875
1 0.4078125 0.65859375 0.02890625 0.05
1 0.50703125 0.6546875 0.03125 0.05703125
1 0.61328125 0.66015625 0.0265625 0.06015625
1 0.71015625 0.65859375 0.0375 0.05703125
1 0.853125 0.56796875 0.03125 0.06328125
1 0.78984375 0.84140625 0.05078125 0.05703125
1 0.77578125 0.8703125 0.0359375 0.053125
1 0.74296875 0.8796875 0.046875 0.06640625
1 0.69453125 0.928125 0.05078125 0.0703125
1 0.6296875 0.946875 0.08671875 0.09296875
1 0.6796875 0.83671875 0.03984375 0.053125
1 0.5375 0.85859375 0.03984375 0.05703125
1 0.49765625 0.86015625 0.04453125 0.06015625
1 0.46015625 0.8453125 0.03984375 0.06328125
1 0.45078125 0.91171875 0.053125 0.0765625
1 0.50859375 0.94296875 0.0625 0.08671875
1 0.35078125 0.91015625 0.07109375 0.0734375
1 0.384375 0.86796875 0.04453125 0.0703125
1 0.378125 0.8296875 0.03984375 0.06640625
1 0.34296875 0.8296875 0.05078125 0.0796875
1 0.29921875 0.8296875 0.0375 0.06015625
1 0.265625 0.86328125 0.046875 0.0734375
1 0.19765625 0.89296875 0.06640625 0.10703125
1 0.20546875 0.83828125 0.0421875 0.0765625
1 0.1421875 0.84296875 0.04921875 0.0796875
1 0.1140625 0.81328125 0.046875 0.0734375
1 0.0546875 0.93359375 0.0640625 0.10703125
1 0.028125 0.83671875 0.05078125 0.08671875
1 0.06328125 0.875 0.05078125 0.0765625