1 0.1984375 0.4859375 0.04140625 0.08515625
1 0.30546875 0.24140625 0.01875 0.03671875
1 0.31796875 0.2015625 0.0171875 0.03671875
1 0.34765625 0.1546875 0.0125 0.0296875
1 0.36328125 0.19296875 0.01484375 0.0265625
1 0.4109375 0.1703125 0.01328125 0.0296875
1 0.42265625 0.17578125 0.015625 0.0296875
1 0.40625 0.22578125 0.01953125 0.03671875
1 0.43984375 0.21171875 0.02109375 0.04375
1 0.44375 0.1625 0.015625 0.03125
1 0.45625 0.17109375 0.0125 0.03125
1 0.47265625 0.17890625 0.01640625 0.0296875
1 0.46328125 0.1421875 0.01328125 0.01953125
1 0.47265625 0.15078125 0.015625 0.02265625
1 0.496875 0.140625 0.0125 0.01953125
1 0.496875 0.16171875 0.01640625 0.0296875
1 0.5171875 0.14609375 0.0125 0.02265625
1 0.53046875 0.12890625 0.0109375 0.0171875
1 0.53828125 0.14140625 0.015625 0.028125
1 0.546875 0.18125 0.01875 0.03515625
1 0.54921875 0.16640625 0.0125 0.02265625
1 0.5625 0.1546875 0.0125 0.0328125
1 0.58671875 0.15 0.01328125 0.02421875
1 0.5890625 0.12265625 0.01171875 0.01953125
1 0.5984375 0.125 0.0125 0.02265625
1 0.58046875 0.184375 0.01640625 0.03671875
1 0.62734375 0.14296875 0.01484375 0.028125
1 0.63203125 0.12734375 0.0125 0.02421875
1 0.64921875 0.14453125 0.01328125 0.028125
1 0.66015625 0.134375 0.0125 0.028125
1 0.6640625 0.1109375 0.01171875 0.01953125
1 0.6828125 0.13125 0.0125 0.02109375
1 0.696875 0.12734375 0.015625 0.028125
1 0.628125 0.18203125 0.01484375 0.02265625
1 0.62890625 0.21015625 0.01953125 0.03984375
1 0.5859375 0.25859375 0.0171875 0.0453125
1 0.6640625 0.19140625 0.01640625 0.03671875
1 0.6765625 0.21953125 0.015625 0.03515625
1 0.63828125 0.2625 0.02109375 0.04375
1 0.6609375 0.31484375 0.0171875 0.0328125
1 0.68046875 0.35546875 0.0328125 0.075
1 0.609375 0.31171875 0.02734375 0.0609375
1 0.56015625 0.3203125 0.02421875 0.05390625
1 0.48671875 0.34140625 0.0234375 0.03984375
1 0.72265625 0.240625 0.0171875 0.0453125
1 0.70546875 0.18125 0.015625 0.03125
1 0.73359375 0.18984375 0.01484375 0.03515625
1 0.76484375 0.19375 0.015625 0.03515625
1 0.7515625 0.16484375 0.01484375 0.0328125
1 0.73984375 0.1578125 0.01171875 0.01953125
1 0.76796875 0.13203125 0.01328125 0.0265625
1 0.77421875 0.16640625 0.01171875 0.02265625
1 0.790625 0.18828125 0.01484375 0.028125
1 0.821875 0.1875 0.01328125 0.0265625
1 0.82265625 0.20625 0.0125 0.03125
1 0.84609375 0.2 0.01484375 0.03671875
1 0.8609375 0.17265625 0.01328125 0.03125
1 0.875 0.1609375 0.0125 0.02421875
1 0.87734375 0.18515625 0.01484375 0.02421875
1 0.8875 0.203125 0.01484375 0.0296875
1 0.915625 0.1765625 0.0125 0.028125
1 0.93515625 0.1984375 0.01484375 0.0328125
1 0.93515625 0.23671875 0.01640625 0.03984375
1 0.91484375 0.2671875 0.01875 0.0421875
1 0.88515625 0.240625 0.01640625 0.0453125
1 0.83125 0.2484375 0.01640625 0.0328125
1 0.79921875 0.2359375 0.01875 0.03828125
1 0.81015625 0.259375 0.01875 0.0328125
1 0.77734375 0.30078125 0.025 0.05078125
1 0.80546875 0.3671875 0.02890625 0.05390625
1 0.84765625 0.378125 0.0234375 0.03984375
1 0.87109375 0.40234375 0.03046875 0.075
1 0.89296875 0.3125 0.02265625 0.05234375
1 0.8671875 0.28984375 0.01875 0.05546875