1 0.01796875 0.528125 0.03125 0.053125
1 0.06328125 0.64140625 0.05078125 0.07109375
1 0.0453125 0.625 0.0328125 0.0609375
1 0.2234375 0.5203125 0.025 0.04296875
1 0.25703125 0.51015625 0.0265625 0.046875
1 0.3234375 0.66640625 0.06171875 0.1046875
1 0.3953125 0.7125 0.078125 0.11640625
1 0.425 0.66015625 0.03828125 0.07109375
1 0.4703125 0.67265625 0.0515625 0.09453125
1 0.46015625 0.5046875 0.021875 0.03828125
1 0.52890625 0.665625 0.040625 0.0734375
1 0.54453125 0.74140625 0.07734375 0.11171875
1 0.56953125 0.83984375 0.13359375 0.18984375
1 0.57109375 0.678125 0.04765625 0.08046875
1 0.71875 0.6640625 0.05078125 0.09140625
1 0.75390625 0.7390625 0.07578125 0.10546875
1 0.77265625 0.81171875 0.1109375 0.16875
1 0.8453125 0.74140625 0.06953125 0.09375
1 0.8265625 0.69765625 0.06015625 0.08671875
1 0.9 0.5484375 0.03203125 0.06640625
1 0.96875 0.690625 0.0625 0.10234375