1 0.07578125 0.62109375 0.07734375 0.0953125
1 0.096875 0.55078125 0.04296875 0.0609375
1 0.14609375 0.53828125 0.034375 0.04765625
1 0.16171875 0.50546875 0.034375 0.04765625
1 0.203125 0.54375 0.04609375 0.0625
1 0.240625 0.521875 0.03828125 0.05703125
1 0.26171875 0.5078125 0.03125 0.0515625
1 0.27890625 0.50390625 0.02734375 0.0515625
1 0.2421875 0.41796875 0.02734375 0.04375
1 0.4375 0.7125 0.1203125 0.1640625
1 0.4234375 0.5984375 0.0640625 0.09140625
1 0.44375 0.54296875 0.0359375 0.04921875
1 0.49765625 0.51796875 0.02734375 0.034375
1 0.5125 0.53359375 0.02578125 0.03828125
1 0.54453125 0.5421875 0.0375 0.059375
1 0.62734375 0.6359375 0.07109375 0.0875
1 0.66484375 0.57734375 0.05 0.07265625
1 0.61875 0.56015625 0.03125 0.05703125
1 0.57265625 0.5203125 0.03125 0.0421875
1 0.62109375 0.5140625 0.03125 0.03828125
1 0.65390625 0.5234375 0.02890625 0.03828125
1 0.69765625 0.5390625 0.04140625 0.06484375
1 0.70390625 0.934375 0.1140625 0.13125
1 0.9296875 0.88203125 0.1375 0.2359375
1 0.9015625 0.73515625 0.12265625 0.1640625
1 0.94140625 0.66953125 0.06875 0.10078125
1 0.79921875 0.66640625 0.08125 0.11796875
1 0.80390625 0.56875 0.05390625 0.0859375
1 0.75078125 0.5625 0.046875 0.06640625
1 0.86640625 0.55078125 0.046875 0.05703125
1 0.83203125 0.5421875 0.02734375 0.04765625
1 0.909375 0.53515625 0.0359375 0.0421875
1 0.94296875 0.5703125 0.06015625 0.0703125