1 0.07421875 0.23359375 0.053125 0.1140625
1 0.278125 0.2109375 0.04765625 0.09375
1 0.42734375 0.21796875 0.04609375 0.0984375
1 0.45234375 0.26171875 0.0625 0.11875
1 0.4921875 0.2453125 0.04140625 0.084375
1 0.53671875 0.19921875 0.053125 0.0890625
1 0.56015625 0.2421875 0.0625 0.103125
1 0.56640625 0.33359375 0.065625 0.11875
1 0.61328125 0.23984375 0.05625 0.0953125
1 0.6375 0.30859375 0.05625 0.1125
1 0.6875 0.28515625 0.0625 0.125
1 0.74765625 0.23515625 0.04765625 0.1171875
1 0.775 0.33828125 0.071875 0.128125
1 0.8078125 0.409375 0.08046875 0.1171875
1 0.81484375 0.484375 0.090625 0.1234375
1 0.90390625 0.484375 0.07265625 0.1265625
1 0.95625 0.465625 0.07265625 0.1265625
1 0.8546875 0.359375 0.0625 0.1171875
1 0.846875 0.2796875 0.07421875 0.1265625
1 0.81171875 0.22734375 0.06171875 0.1109375
1 0.92578125 0.290625 0.075 0.1390625