1 0.1765625 0.7453125 0.1015625 0.1515625
1 0.09296875 0.67265625 0.07421875 0.11484375
1 0.07109375 0.59375 0.05703125 0.10390625
1 0.03359375 0.58125 0.04140625 0.06484375
1 0.0125 0.5140625 0.02109375 0.05625
1 0.16484375 0.46328125 0.01875 0.03671875
1 0.2203125 0.46796875 0.02890625 0.05859375
1 0.2 0.46796875 0.0171875 0.03671875
1 0.24296875 0.46953125 0.0203125 0.0453125
1 0.25 0.4515625 0.02265625 0.04296875
1 0.28046875 0.49140625 0.0359375 0.05859375
1 0.27890625 0.446875 0.02109375 0.0390625
1 0.2921875 0.43828125 0.02421875 0.04296875
1 0.35546875 0.48046875 0.0375 0.0671875
1 0.3296875 0.45859375 0.02265625 0.05390625
1 0.31796875 0.45546875 0.02109375 0.04765625
1 0.34609375 0.4234375 0.01875 0.03046875
1 0.39140625 0.46875 0.02578125 0.0515625
1 0.37890625 0.4328125 0.02421875 0.04140625
1 0.3859375 0.409375 0.0171875 0.03203125
1 0.4140625 0.41484375 0.0203125 0.034375
1 0.4296875 0.4125 0.0171875 0.04296875
1 0.425 0.46328125 0.0328125 0.05390625
1 0.45390625 0.45546875 0.02109375 0.05625
1 0.44140625 0.51171875 0.0375 0.06484375
1 0.4953125 0.48046875 0.04140625 0.07109375
1 0.47890625 0.41015625 0.02421875 0.04296875
1 0.51015625 0.40703125 0.0203125 0.04140625
1 0.5390625 0.43203125 0.0328125 0.06015625
1 0.56015625 0.52890625 0.05703125 0.1078125
1 0.62890625 0.5 0.0515625 0.09296875
1 0.61640625 0.43828125 0.0359375 0.06015625
1 0.57890625 0.39453125 0.02421875 0.03671875
1 0.615625 0.39609375 0.02265625 0.04140625
1 0.65 0.40390625 0.02265625 0.0515625
1 0.6796875 0.45703125 0.04609375 0.08828125
1 0.73359375 0.4546875 0.04453125 0.084375
1 0.709375 0.3921875 0.02734375 0.05
1 0.73984375 0.3921875 0.02578125 0.0453125
1 0.82265625 0.40390625 0.034375 0.06015625
1 0.85078125 0.39609375 0.0328125 0.0625
1 0.7421875 0.5828125 0.084375 0.13828125
1 0.82890625 0.5171875 0.07265625 0.12734375
1 0.871875 0.5 0.05546875 0.1234375
1 0.91171875 0.46875 0.05390625 0.10390625
1 0.978125 0.3984375 0.03828125 0.0796875