1 0.11484375 0.503125 0.04375 0.096875
1 0.22890625 0.33359375 0.01484375 0.03046875
1 0.2359375 0.38203125 0.0171875 0.03046875
1 0.28359375 0.3578125 0.01796875 0.04375
1 0.30859375 0.39375 0.02265625 0.05078125
1 0.27734375 0.30078125 0.0171875 0.03359375
1 0.34765625 0.32421875 0.01171875 0.0265625
1 0.34296875 0.290625 0.0125 0.0296875
1 0.375 0.32578125 0.0140625 0.03203125
1 0.39453125 0.3 0.015625 0.025
1 0.3953125 0.3359375 0.01484375 0.03671875
1 0.42421875 0.35078125 0.01953125 0.040625
1 0.38515625 0.253125 0.0140625 0.0234375
1 0.39375 0.26953125 0.01328125 0.01796875
1 0.41640625 0.2640625 0.01640625 0.02109375
1 0.453125 0.30234375 0.01640625 0.025
1 0.41796875 0.3015625 0.01328125 0.0265625
1 0.44140625 0.246875 0.0109375 0.02265625
1 0.45 0.2296875 0.01171875 0.01953125
1 0.45703125 0.26953125 0.01015625 0.0234375
1 0.48515625 0.26015625 0.0109375 0.028125
1 0.5046875 0.253125 0.0125 0.025
1 0.50078125 0.2875 0.0140625 0.028125
1 0.4859375 0.31796875 0.01328125 0.03046875
1 0.5328125 0.28515625 0.01328125 0.0296875
1 0.5515625 0.26015625 0.0140625 0.0265625
1 0.528125 0.22421875 0.01171875 0.01953125
1 0.55078125 0.20859375 0.01015625 0.0140625
1 0.55078125 0.23125 0.01328125 0.01953125
1 0.57578125 0.246875 0.01484375 0.0296875
1 0.5890625 0.2046875 0.0125 0.03046875
1 0.57421875 0.2234375 0.01015625 0.02109375
1 0.60625 0.2453125 0.01171875 0.025
1 0.61171875 0.2265625 0.009375 0.02109375
1 0.60234375 0.2171875 0.00703125 0.02265625
1 0.6359375 0.2125 0.01015625 0.0234375
1 0.6484375 0.22890625 0.0078125 0.0265625
1 0.6578125 0.2203125 0.01015625 0.0265625
1 0.48046875 0.38828125 0.01953125 0.04453125
1 0.521875 0.3984375 0.02265625 0.0515625
1 0.5890625 0.42265625 0.02734375 0.053125
1 0.63671875 0.43125 0.02109375 0.06171875
1 0.6671875 0.53203125 0.028125 0.07578125
1 0.5734375 0.3171875 0.01875 0.0375
1 0.621875 0.33203125 0.01796875 0.03671875
1 0.59296875 0.36875 0.01875 0.0375
1 0.6078125 0.29765625 0.015625 0.03203125
1 0.65078125 0.26484375 0.01484375 0.025
1 0.67734375 0.25546875 0.01171875 0.0265625
1 0.63671875 0.3703125 0.0234375 0.0515625
1 0.6640625 0.3484375 0.01796875 0.0390625
1 0.7 0.38515625 0.0203125 0.0421875
1 0.74375 0.42890625 0.02421875 0.053125
1 0.7953125 0.49140625 0.0265625 0.05625
1 0.87109375 0.45703125 0.0203125 0.0515625
1 0.8078125 0.4515625 0.02109375 0.04921875
1 0.7765625 0.3578125 0.01640625 0.04609375
1 0.82265625 0.37109375 0.01875 0.04765625
1 0.85859375 0.3953125 0.015625 0.04765625
1 0.8375 0.34921875 0.015625 0.04609375
1 0.88828125 0.353125 0.01484375 0.0421875
1 0.84453125 0.3140625 0.0125 0.0296875
1 0.81484375 0.30078125 0.0140625 0.028125
1 0.78515625 0.30078125 0.01484375 0.025
1 0.7359375 0.28046875 0.0125 0.028125
1 0.69453125 0.2875 0.01328125 0.03046875
1 0.71171875 0.2640625 0.01328125 0.0265625
1 0.70234375 0.2390625 0.01484375 0.0265625
1 0.72109375 0.2390625 0.01171875 0.02109375
1 0.746875 0.2328125 0.0140625 0.0296875
1 0.77578125 0.23984375 0.0140625 0.03203125
1 0.78046875 0.27109375 0.01171875 0.0265625
1 0.80546875 0.26015625 0.0125 0.0375
1 0.81796875 0.2734375 0.01171875 0.0296875
1 0.82890625 0.26484375 0.0109375 0.03046875
1 0.83359375 0.25 0.01171875 0.0234375
1 0.85625 0.27890625 0.0140625 0.03359375
1 0.896875 0.2640625 0.0125 0.03203125
1 0.89609375 0.3 0.01484375 0.025
1 0.88203125 0.3015625 0.01328125 0.03515625
1 0.65390625 0.31796875 0.01875 0.03359375