1 0.2015625 0.31640625 0.0421875 0.08515625
1 0.5328125 0.2015625 0.02265625 0.03984375
1 0.58984375 0.175 0.015625 0.03046875
1 0.66484375 0.19609375 0.015625 0.0359375
1 0.61640625 0.20859375 0.0203125 0.046875
1 0.659375 0.25390625 0.02265625 0.0546875
1 0.71171875 0.20234375 0.01640625 0.034375
1 0.74453125 0.20703125 0.01875 0.04375
1 0.72890625 0.26953125 0.02109375 0.0453125
1 0.7703125 0.26171875 0.02265625 0.05078125
1 0.8125 0.26953125 0.02109375 0.04921875
1 0.734375 0.36953125 0.03359375 0.078125
1 0.80859375 0.4 0.03046875 0.08515625
1 0.8984375 0.4140625 0.040625 0.0875
1 0.6734375 0.22109375 0.0171875 0.05078125