1 0.0515625 0.3734375 0.02578125 0.0546875
1 0.571875 0.2703125 0.01875 0.046875
1 0.5609375 0.18203125 0.01796875 0.040625
1 0.621875 0.1953125 0.01796875 0.03671875
1 0.659375 0.18984375 0.0125 0.0328125
1 0.67734375 0.20390625 0.015625 0.02734375
1 0.6671875 0.34375 0.02421875 0.05625
1 0.675 0.2515625 0.02109375 0.0484375
1 0.7265625 0.2765625 0.01875 0.046875
1 0.7109375 0.19765625 0.0140625 0.0328125
1 0.75 0.1984375 0.01875 0.03515625
1 0.76640625 0.2515625 0.0203125 0.040625
1 0.8234375 0.3640625 0.0265625 0.06640625
1 0.90234375 0.44453125 0.03515625 0.06796875