1 0.07109375 0.3046875 0.021875 0.05078125
1 0.35078125 0.22265625 0.015625 0.03359375
1 0.35859375 0.1953125 0.0125 0.0265625
1 0.353125 0.1828125 0.015625 0.02890625
1 0.425 0.20546875 0.01640625 0.0375
1 0.45859375 0.21875 0.01640625 0.0375
1 0.49296875 0.2203125 0.01953125 0.0375
1 0.49453125 0.1765625 0.015625 0.03359375
1 0.459375 0.1828125 0.01640625 0.03359375
1 0.43046875 0.175 0.01796875 0.0265625
1 0.4390625 0.153125 0.0140625 0.0265625
1 0.4765625 0.15 0.0125 0.02890625
1 0.4875 0.153125 0.0125 0.021875
1 0.5125 0.15390625 0.015625 0.02421875
1 0.55078125 0.18828125 0.01640625 0.0265625
1 0.57578125 0.16875 0.015625 0.0265625
1 0.60703125 0.1671875 0.0140625 0.02890625
1 0.5171875 0.13828125 0.009375 0.02421875
1 0.52734375 0.13828125 0.01171875 0.02890625
1 0.51015625 0.121875 0.0125 0.021875
1 0.53671875 0.121875 0.01171875 0.0265625
1 0.546875 0.15859375 0.0140625 0.02421875
1 0.546875 0.13515625 0.01171875 0.0265625
1 0.55703125 0.1234375 0.0140625 0.02421875
1 0.58046875 0.14609375 0.01171875 0.0265625
1 0.60859375 0.1453125 0.0140625 0.02890625
1 0.6 0.11171875 0.01171875 0.02421875
1 0.61328125 0.1234375 0.015625 0.02890625
1 0.62265625 0.1078125 0.009375 0.02421875
1 0.6375 0.140625 0.0125 0.02890625
1 0.65625 0.1484375 0.0140625 0.0265625
1 0.646875 0.10078125 0.009375 0.02421875
1 0.6734375 0.1078125 0.01015625 0.02421875
1 0.69765625 0.12734375 0.01171875 0.02890625
1 0.7046875 0.1109375 0.01171875 0.021875
1 0.7296875 0.115625 0.0125 0.021875
1 0.73828125 0.1453125 0.0140625 0.03359375
1 0.7234375 0.16484375 0.015625 0.03359375
1 0.665625 0.140625 0.0125 0.02890625
1 0.53515625 0.2671875 0.02421875 0.05078125
1 0.5671875 0.30625 0.0203125 0.053125
1 0.61875 0.31015625 0.034375 0.0578125
1 0.5875 0.25078125 0.0203125 0.04453125
1 0.64609375 0.20546875 0.01953125 0.0421875
1 0.6796875 0.2171875 0.0203125 0.04453125
1 0.67734375 0.1875 0.015625 0.02890625
1 0.715625 0.2109375 0.01640625 0.03984375
1 0.7703125 0.15625 0.015625 0.03359375
1 0.76796875 0.125 0.0140625 0.03359375
1 0.7796875 0.12734375 0.01171875 0.02421875
1 0.80078125 0.1375 0.0125 0.03125
1 0.79140625 0.18515625 0.0140625 0.03359375
1 0.81015625 0.203125 0.015625 0.05078125
1 0.81484375 0.1671875 0.015625 0.02890625
1 0.83125 0.19296875 0.015625 0.03984375
1 0.85 0.17734375 0.0125 0.03125
1 0.8625 0.15859375 0.015625 0.03359375
1 0.7375 0.23359375 0.01796875 0.0421875
1 0.6828125 0.26796875 0.021875 0.03984375
1 0.6359375 0.26484375 0.0234375 0.046875
1 0.69921875 0.321875 0.03046875 0.06640625
1 0.76640625 0.3484375 0.028125 0.0578125
1 0.81015625 0.27578125 0.01953125 0.05078125
1 0.8296875 0.25859375 0.021875 0.05078125
1 0.85234375 0.36015625 0.028125 0.0640625
1 0.86796875 0.30703125 0.01953125 0.05546875
1 0.8890625 0.28046875 0.01953125 0.0421875
1 0.86328125 0.22421875 0.01640625 0.03125
1 0.93359375 0.3671875 0.021875 0.06015625
1 0.95390625 0.28046875 0.0203125 0.046875
1 0.946875 0.24140625 0.0140625 0.03984375
1 0.96171875 0.2109375 0.0140625 0.03125
1 0.9578125 0.18515625 0.0125 0.02890625
1 0.9265625 0.17421875 0.0125 0.02421875
1 0.915625 0.19921875 0.01171875 0.03125
1 0.89921875 0.2296875 0.01640625 0.0421875
1 0.8765625 0.19296875 0.0125 0.03515625
1 0.89140625 0.16484375 0.01171875 0.02421875
1 0.89921875 0.19140625 0.01171875 0.02421875