1 0.14296875 0.5203125 0.04453125 0.07734375
1 0.2375 0.33203125 0.01953125 0.03359375
1 0.27109375 0.3421875 0.02421875 0.0421875
1 0.29140625 0.371875 0.0234375 0.0390625
1 0.29453125 0.3015625 0.02109375 0.03125
1 0.3484375 0.3578125 0.02421875 0.0421875
1 0.365625 0.325 0.0203125 0.03359375
1 0.3640625 0.29609375 0.02109375 0.0265625
1 0.403125 0.26015625 0.01875 0.0296875
1 0.42109375 0.33046875 0.02265625 0.040625
1 0.4171875 0.296875 0.01953125 0.03359375
1 0.4578125 0.33515625 0.025 0.0390625
1 0.49296875 0.39921875 0.03359375 0.0609375
1 0.44609375 0.32578125 0.01796875 0.03515625
1 0.43828125 0.25625 0.01796875 0.028125
1 0.45625 0.25546875 0.01640625 0.03515625
1 0.4765625 0.23828125 0.0140625 0.028125
1 0.48671875 0.29609375 0.0203125 0.03828125
1 0.52265625 0.2609375 0.01328125 0.028125
1 0.53984375 0.275 0.01875 0.03671875
1 0.56015625 0.24921875 0.01796875 0.03671875
1 0.5734375 0.2265625 0.01875 0.03125
1 0.5875 0.215625 0.01484375 0.028125
1 0.58828125 0.240625 0.0140625 0.03125
1 0.59921875 0.25625 0.0140625 0.03125
1 0.57109375 0.2765625 0.01875 0.03515625
1 0.5203125 0.31796875 0.01953125 0.04375
1 0.55234375 0.353125 0.02421875 0.05234375
1 0.61796875 0.3765625 0.02734375 0.05234375
1 0.52421875 0.4765625 0.0328125 0.05234375
1 0.6125 0.446875 0.03203125 0.071875
1 0.6515625 0.4609375 0.0359375 0.071875
1 0.66953125 0.37109375 0.028125 0.0609375
1 0.7078125 0.3578125 0.028125 0.04765625
1 0.61953125 0.32109375 0.03125 0.05078125
1 0.65078125 0.296875 0.02265625 0.0421875
1 0.61953125 0.24296875 0.01640625 0.03515625
1 0.61953125 0.21875 0.01328125 0.02109375
1 0.625 0.20234375 0.01171875 0.02421875
1 0.64453125 0.2109375 0.01171875 0.02421875
1 0.646875 0.24140625 0.01640625 0.0265625
1 0.6578125 0.22109375 0.01328125 0.028125
1 0.6890625 0.27890625 0.01953125 0.0453125
1 0.7 0.3140625 0.0171875 0.03671875
1 0.725 0.29609375 0.02421875 0.03828125
1 0.72578125 0.2484375 0.0171875 0.03203125
1 0.6921875 0.22734375 0.01171875 0.0265625
1 0.68984375 0.2046875 0.0109375 0.02421875
1 0.70546875 0.22734375 0.01328125 0.0296875
1 0.75078125 0.24765625 0.0171875 0.03671875
1 0.75703125 0.2359375 0.0140625 0.0265625
1 0.76640625 0.23359375 0.0109375 0.025
1 0.80234375 0.234375 0.0171875 0.0265625
1 0.79375 0.26015625 0.01484375 0.0265625
1 0.80625 0.2796875 0.01484375 0.03515625
1 0.8328125 0.24375 0.01484375 0.03125
1 0.8453125 0.26484375 0.01953125 0.03671875
1 0.83125 0.2921875 0.01640625 0.03515625
1 0.83671875 0.35546875 0.025 0.04609375
1 0.8109375 0.428125 0.02890625 0.05625
1 0.74140625 0.39921875 0.0328125 0.0546875
1 0.721875 0.5390625 0.03828125 0.07734375
1 0.8421875 0.50546875 0.04140625 0.0734375
1 0.86484375 0.45 0.03125 0.06875
1 0.88203125 0.39375 0.02578125 0.0578125
1 0.89453125 0.33515625 0.0203125 0.0453125
1 0.86796875 0.3140625 0.02109375 0.0421875
1 0.86953125 0.27109375 0.0171875 0.03515625
1 0.86796875 0.253125 0.01875 0.0296875
1 0.8796875 0.26328125 0.01640625 0.03125
1 0.9046875 0.2546875 0.01875 0.03359375
1 0.921875 0.2796875 0.0203125 0.04375
1 0.90859375 0.31328125 0.01484375 0.03515625
1 0.95 0.4640625 0.0296875 0.0546875
1 0.9328125 0.4390625 0.0203125 0.03203125
1 0.9515625 0.3546875 0.01953125 0.0421875
1 0.94453125 0.3125 0.01953125 0.0453125
1 0.959375 0.30234375 0.01484375 0.040625
1 0.96171875 0.27109375 0.01796875 0.0296875