1 0.2515625 0.16796875 0.01953125 0.0328125
1 0.2359375 0.41328125 0.05 0.1390625
1 0.36484375 0.45859375 0.05546875 0.13203125
1 0.63671875 0.234375 0.02890625 0.0484375
1 0.58515625 0.24375 0.02265625 0.05078125
1 0.48359375 0.2171875 0.0171875 0.03984375
1 0.4390625 0.25234375 0.02109375 0.05625
1 0.4375 0.2015625 0.01953125 0.034375
1 0.46484375 0.2296875 0.02578125 0.0578125
1 0.40546875 0.19765625 0.015625 0.03828125
1 0.5859375 0.10546875 0.01328125 0.03046875
1 0.60703125 0.1 0.0109375 0.02734375
1 0.63125 0.11953125 0.015625 0.02890625
1 0.65703125 0.12109375 0.01796875 0.0328125