1 0.20625 0.3375 0.0546875 0.11328125
1 0.40546875 0.22421875 0.04296875 0.07109375
1 0.490625 0.17734375 0.03046875 0.0609375
1 0.50625 0.15390625 0.02578125 0.05625
1 0.58671875 0.125 0.0234375 0.05234375
1 0.61640625 0.18515625 0.028125 0.06484375
1 0.55859375 0.28203125 0.034375 0.0609375
1 0.6375 0.23671875 0.03046875 0.06328125
1 0.665625 0.20859375 0.02265625 0.05625
1 0.7125 0.20625 0.02734375 0.05625
1 0.75546875 0.2734375 0.025 0.0609375
1 0.76171875 0.23203125 0.02578125 0.0484375
1 0.69609375 0.33671875 0.034375 0.0859375
1 0.7515625 0.359375 0.03828125 0.06484375