1 0.17890625 0.48046875 0.03359375 0.06796875
1 0.253125 0.26640625 0.01484375 0.0234375
1 0.275 0.2703125 0.015625 0.025
1 0.31875 0.271875 0.01796875 0.034375
1 0.30625 0.2625 0.0125 0.0296875
1 0.3015625 0.23359375 0.0171875 0.028125
1 0.33046875 0.22265625 0.01484375 0.028125
1 0.353125 0.25546875 0.01875 0.03125
1 0.371875 0.265625 0.01796875 0.03828125
1 0.39375 0.26953125 0.01953125 0.04609375
1 0.35703125 0.22421875 0.0171875 0.034375
1 0.36484375 0.19765625 0.015625 0.028125
1 0.3953125 0.21796875 0.01796875 0.0296875
1 0.4125 0.196875 0.015625 0.0265625
1 0.40234375 0.178125 0.01015625 0.0265625
1 0.4375 0.1890625 0.0171875 0.028125
1 0.4328125 0.23828125 0.01796875 0.03671875
1 0.47734375 0.240625 0.0203125 0.04453125
1 0.4921875 0.20390625 0.01796875 0.03125
1 0.44921875 0.15078125 0.01328125 0.01953125
1 0.47265625 0.1625 0.0125 0.028125
1 0.4828125 0.1671875 0.0140625 0.0265625
1 0.509375 0.165625 0.0140625 0.0265625
1 0.4875 0.13125 0.01328125 0.025
1 0.53359375 0.16796875 0.0140625 0.03125
1 0.571875 0.171875 0.01484375 0.0296875
1 0.5625 0.14609375 0.01015625 0.021875
1 0.55078125 0.13125 0.01328125 0.025
1 0.525 0.2125 0.0203125 0.03828125
1 0.59609375 0.13984375 0.0109375 0.025
1 0.5859375 0.1390625 0.01015625 0.0234375
1 0.6078125 0.128125 0.0140625 0.028125
1 0.61796875 0.14453125 0.0125 0.028125
1 0.63515625 0.1453125 0.01328125 0.0296875
1 0.63984375 0.11640625 0.00859375 0.021875
1 0.6671875 0.12265625 0.0140625 0.0265625
1 0.5078125 0.28359375 0.0265625 0.04765625
1 0.56640625 0.28984375 0.0265625 0.04765625
1 0.6109375 0.33046875 0.0265625 0.04921875
1 0.55234375 0.2484375 0.02421875 0.04140625
1 0.62265625 0.24453125 0.0203125 0.04609375
1 0.615625 0.203125 0.0171875 0.0328125
1 0.65625 0.1765625 0.015625 0.03671875
1 0.68828125 0.1484375 0.0140625 0.0265625
1 0.6984375 0.17734375 0.0140625 0.03125
1 0.6953125 0.2328125 0.01796875 0.03671875
1 0.67421875 0.24609375 0.0203125 0.04296875
1 0.7125 0.28515625 0.025 0.04453125
1 0.70703125 0.1546875 0.0140625 0.028125
1 0.71953125 0.17578125 0.01484375 0.034375
1 0.73515625 0.203125 0.01796875 0.0296875
1 0.74453125 0.14296875 0.01484375 0.025
1 0.74296875 0.11796875 0.01328125 0.025
1 0.76328125 0.13203125 0.0140625 0.0265625
1 0.76484375 0.16171875 0.015625 0.0328125
1 0.778125 0.1875 0.01875 0.03828125
1 0.77421875 0.22890625 0.01875 0.0546875
1 0.76953125 0.3015625 0.0265625 0.0515625
1 0.83984375 0.34296875 0.025 0.04140625
1 0.85625 0.2578125 0.0265625 0.05625
1 0.91953125 0.275 0.01796875 0.04140625
1 0.91640625 0.23125 0.01875 0.03984375
1 0.9015625 0.20625 0.0171875 0.03671875
1 0.8859375 0.18046875 0.0171875 0.0328125
1 0.8953125 0.1609375 0.01484375 0.03125
1 0.86796875 0.15859375 0.0171875 0.0328125
1 0.846875 0.1765625 0.01484375 0.03671875
1 0.834375 0.20546875 0.01796875 0.04140625
1 0.80859375 0.18046875 0.015625 0.0328125
1 0.834375 0.153125 0.01484375 0.03125
1 0.78125 0.140625 0.01484375 0.0328125