1 0.028125 0.3484375 0.01328125 0.03125
1 0.17734375 0.4796875 0.03515625 0.0703125
1 0.26875 0.2515625 0.01484375 0.03125
1 0.28984375 0.2453125 0.01640625 0.03359375
1 0.309375 0.25390625 0.01796875 0.04140625
1 0.3828125 0.26484375 0.01796875 0.03359375
1 0.3890625 0.2234375 0.01875 0.03359375
1 0.38359375 0.178125 0.01328125 0.03125
1 0.3921875 0.19296875 0.01484375 0.0265625
1 0.4140625 0.13125 0.01484375 0.03359375
1 0.4234375 0.17578125 0.01796875 0.03125
1 0.44453125 0.22421875 0.01640625 0.03671875
1 0.465625 0.21875 0.01796875 0.03359375
1 0.44765625 0.1484375 0.0125 0.02890625
1 0.49453125 0.1859375 0.01875 0.03125
1 0.51484375 0.2078125 0.01875 0.03671875
1 0.51796875 0.16953125 0.01796875 0.03359375
1 0.54140625 0.1625 0.01796875 0.02890625
1 0.515625 0.13984375 0.01484375 0.0265625
1 0.490625 0.09140625 0.01640625 0.0265625
1 0.52421875 0.08125 0.01328125 0.03125
1 0.559375 0.071875 0.01640625 0.0265625
1 0.57109375 0.1296875 0.01484375 0.0265625
1 0.590625 0.134375 0.01640625 0.0265625
1 0.61171875 0.14453125 0.0125 0.0265625
1 0.63125 0.05859375 0.01328125 0.02421875
1 0.55 0.25390625 0.021875 0.04140625
1 0.49453125 0.31171875 0.02421875 0.05078125
1 0.53828125 0.3203125 0.021875 0.0484375
1 0.61875 0.29453125 0.02265625 0.05078125
1 0.68671875 0.29453125 0.02734375 0.0609375
1 0.73203125 0.3140625 0.03125 0.065625
1 0.815625 0.4125 0.0328125 0.06796875
1 0.77421875 0.2765625 0.02578125 0.05859375
1 0.8140625 0.28671875 0.02421875 0.053125
1 0.7265625 0.2484375 0.021875 0.05078125
1 0.753125 0.22109375 0.01875 0.04375
1 0.77109375 0.2171875 0.01640625 0.03125
1 0.7 0.21953125 0.0203125 0.03125
1 0.66171875 0.21875 0.01484375 0.02890625
1 0.61875 0.20859375 0.01796875 0.03359375
1 0.64296875 0.16484375 0.01796875 0.03359375
1 0.65078125 0.13359375 0.01484375 0.02890625
1 0.66484375 0.09921875 0.01484375 0.02421875
1 0.69375 0.09921875 0.01640625 0.02890625
1 0.7328125 0.184375 0.021875 0.04375
1 0.7734375 0.17734375 0.01875 0.0390625
1 0.73671875 0.14296875 0.01796875 0.03359375
1 0.746875 0.11796875 0.01328125 0.0265625
1 0.76171875 0.11875 0.0109375 0.02421875
1 0.771875 0.1375 0.0203125 0.04140625
1 0.7953125 0.09609375 0.01875 0.03671875
1 0.81875 0.09921875 0.01640625 0.0390625
1 0.834375 0.11640625 0.0125 0.01953125
1 0.84921875 0.15546875 0.01796875 0.0390625
1 0.828125 0.1890625 0.01875 0.04375
1 0.859375 0.07265625 0.01640625 0.03359375
1 0.890625 0.1078125 0.01328125 0.03125
1 0.9015625 0.19921875 0.02265625 0.053125
1 0.87890625 0.20859375 0.01796875 0.04375
1 0.865625 0.25859375 0.01875 0.04609375
1 0.88671875 0.375 0.03359375 0.075
1 0.91328125 0.21875 0.01640625 0.0390625
1 0.940625 0.1046875 0.01328125 0.02890625
1 0.69609375 0.146875 0.01796875 0.03671875