1 0.19140625 0.46953125 0.04375 0.084375
1 0.28671875 0.22734375 0.01953125 0.0359375
1 0.33515625 0.2171875 0.01796875 0.0375
1 0.3515625 0.25078125 0.01875 0.04296875
1 0.43515625 0.25234375 0.0265625 0.046875
1 0.375 0.28203125 0.02421875 0.04140625
1 0.325 0.19921875 0.015625 0.03046875
1 0.34609375 0.19296875 0.015625 0.0359375
1 0.38125 0.18984375 0.015625 0.0359375
1 0.39140625 0.2015625 0.01796875 0.04140625
1 0.44375 0.2125 0.01953125 0.046875
1 0.41875 0.15 0.01796875 0.02890625
1 0.43515625 0.16796875 0.015625 0.0390625
1 0.44609375 0.153125 0.01484375 0.034375
1 0.46953125 0.16875 0.01875 0.0375
1 0.475 0.2125 0.02421875 0.046875
1 0.5140625 0.21953125 0.02265625 0.04453125
1 0.51171875 0.1796875 0.02109375 0.0375
1 0.47421875 0.13671875 0.01328125 0.0265625
1 0.48828125 0.14609375 0.01171875 0.0375
1 0.49453125 0.12421875 0.015625 0.0265625
1 0.5078125 0.1421875 0.01796875 0.0375
1 0.5359375 0.159375 0.0171875 0.03203125
1 0.55546875 0.19296875 0.025 0.0390625
1 0.5859375 0.17734375 0.01875 0.03203125
1 0.58046875 0.14765625 0.01484375 0.03046875
1 0.571875 0.1484375 0.0109375 0.02890625
1 0.559375 0.1359375 0.0109375 0.02109375
1 0.5609375 0.16171875 0.015625 0.03046875
1 0.546875 0.13203125 0.01484375 0.02890625
1 0.52421875 0.128125 0.0171875 0.03046875
1 0.57890625 0.11640625 0.0140625 0.03203125
1 0.59140625 0.11796875 0.01015625 0.02890625
1 0.60078125 0.14609375 0.015625 0.03046875
1 0.62109375 0.15390625 0.0171875 0.0359375
1 0.61640625 0.121875 0.0171875 0.02890625
1 0.6375 0.11640625 0.0140625 0.02890625
1 0.6546875 0.134375 0.0140625 0.03203125
1 0.659375 0.1 0.015625 0.02890625
1 0.67421875 0.1171875 0.01328125 0.03046875
1 0.6875 0.11953125 0.01171875 0.02890625
1 0.69765625 0.1 0.01328125 0.025
1 0.71640625 0.10078125 0.015625 0.034375
1 0.52421875 0.27421875 0.03203125 0.06953125
1 0.546875 0.2890625 0.0265625 0.0625
1 0.57734375 0.2359375 0.02890625 0.05
1 0.6 0.34140625 0.03359375 0.0640625
1 0.62734375 0.2703125 0.02890625 0.05
1 0.6390625 0.2140625 0.01953125 0.04453125
1 0.68359375 0.28203125 0.028125 0.0625
1 0.70234375 0.315625 0.03046875 0.06953125
1 0.6890625 0.1734375 0.02265625 0.04296875
1 0.71015625 0.18984375 0.02265625 0.046875
1 0.734375 0.2296875 0.01953125 0.0515625
1 0.75 0.2046875 0.01796875 0.04453125
1 0.7609375 0.18125 0.01796875 0.034375
1 0.73046875 0.14296875 0.01796875 0.0390625
1 0.75859375 0.140625 0.015625 0.034375
1 0.77109375 0.159375 0.01796875 0.0390625
1 0.7671875 0.12734375 0.0140625 0.025
1 0.79140625 0.13203125 0.01796875 0.0359375
1 0.8171875 0.15390625 0.01796875 0.0359375
1 0.775 0.24296875 0.02578125 0.05390625
1 0.796875 0.25234375 0.028125 0.05390625
1 0.803125 0.221875 0.021875 0.04296875
1 0.7140625 0.290625 0.0265625 0.0484375
1 0.7828125 0.4015625 0.03515625 0.0765625
1 0.828125 0.41484375 0.03515625 0.071875
1 0.903125 0.42578125 0.03515625 0.08203125
1 0.9171875 0.35703125 0.028125 0.06640625
1 0.934375 0.31015625 0.02578125 0.059375
1 0.93203125 0.23515625 0.021875 0.0484375
1 0.88984375 0.23984375 0.01875 0.04296875
1 0.86796875 0.28359375 0.025 0.0515625
1 0.84609375 0.32890625 0.03203125 0.0640625
1 0.796875 0.3171875 0.028125 0.0625