1 0.19921875 0.35703125 0.046875 0.0875
1 0.25625 0.28515625 0.02265625 0.03984375
1 0.2859375 0.271875 0.01875 0.03671875
1 0.2953125 0.26171875 0.0203125 0.03984375
1 0.30390625 0.23515625 0.01484375 0.0296875
1 0.315625 0.25 0.0140625 0.0296875
1 0.32421875 0.259375 0.015625 0.03515625
1 0.3390625 0.2734375 0.01875 0.03984375
1 0.3671875 0.2125 0.01328125 0.03125
1 0.38046875 0.2171875 0.01484375 0.0328125
1 0.38671875 0.19765625 0.015625 0.03125
1 0.40625 0.16875 0.01484375 0.0296875
1 0.40234375 0.23359375 0.015625 0.0328125
1 0.42421875 0.27578125 0.0234375 0.04765625
1 0.4359375 0.228125 0.021875 0.03984375
1 0.4625 0.23046875 0.02265625 0.04296875
1 0.42578125 0.19375 0.01484375 0.03671875
1 0.45703125 0.16953125 0.0171875 0.03515625
1 0.46015625 0.1484375 0.01484375 0.025
1 0.47578125 0.165625 0.01328125 0.0328125
1 0.4875 0.2046875 0.01953125 0.03828125
1 0.4828125 0.1328125 0.0125 0.0265625
1 0.51328125 0.1484375 0.015625 0.025
1 0.5203125 0.1640625 0.015625 0.0328125
1 0.52890625 0.19453125 0.01875 0.04453125
1 0.53984375 0.16484375 0.01875 0.03515625
1 0.53203125 0.125 0.01484375 0.025
1 0.54765625 0.12734375 0.01875 0.0265625
1 0.5578125 0.1625 0.01875 0.04609375
1 0.575 0.15703125 0.01484375 0.0296875
1 0.58828125 0.11953125 0.0125 0.0296875
1 0.58515625 0.1046875 0.0125 0.01953125
1 0.61875 0.13671875 0.0171875 0.03515625
1 0.6078125 0.12265625 0.01484375 0.0265625
1 0.62265625 0.1015625 0.0109375 0.025
1 0.646875 0.1171875 0.0125 0.0296875
1 0.64765625 0.09765625 0.0171875 0.0234375
1 0.66328125 0.1203125 0.0140625 0.03515625
1 0.68046875 0.10625 0.01875 0.0328125
1 0.56953125 0.23671875 0.02421875 0.05
1 0.53828125 0.30546875 0.028125 0.06796875
1 0.48515625 0.2921875 0.025 0.0546875
1 0.5875 0.35234375 0.034375 0.06953125
1 0.60546875 0.2609375 0.02421875 0.04453125
1 0.6015625 0.20859375 0.01953125 0.05
1 0.64140625 0.18828125 0.01875 0.03828125
1 0.66015625 0.2 0.01875 0.04296875
1 0.6578125 0.26484375 0.0203125 0.05625
1 0.671875 0.33125 0.02421875 0.059375
1 0.725 0.30625 0.02421875 0.05625
1 0.68671875 0.22421875 0.021875 0.04765625
1 0.69921875 0.178125 0.0203125 0.04453125
1 0.68671875 0.1515625 0.01875 0.03515625
1 0.70390625 0.14296875 0.01796875 0.03515625
1 0.7265625 0.19296875 0.0234375 0.0515625
1 0.74140625 0.23671875 0.0234375 0.053125
1 0.77734375 0.28515625 0.02734375 0.06328125
1 0.81953125 0.2328125 0.01796875 0.04453125
1 0.796875 0.17890625 0.021875 0.04296875
1 0.7515625 0.1765625 0.01875 0.03515625
1 0.7390625 0.13984375 0.0171875 0.04140625
1 0.7328125 0.1171875 0.01484375 0.0328125
1 0.74296875 0.11953125 0.0109375 0.0234375
1 0.75546875 0.13125 0.0140625 0.03828125
1 0.775 0.121875 0.0109375 0.028125
1 0.784375 0.1359375 0.01328125 0.0328125
1 0.80546875 0.12578125 0.0140625 0.0328125
1 0.82890625 0.14140625 0.0171875 0.03515625
1 0.840625 0.18671875 0.015625 0.04296875
1 0.86015625 0.153125 0.01484375 0.03125
1 0.88671875 0.134375 0.01015625 0.0296875
1 0.8703125 0.178125 0.0171875 0.03125
1 0.86484375 0.22734375 0.01796875 0.04765625
1 0.909375 0.2828125 0.02421875 0.05625
1 0.88515625 0.19765625 0.01875 0.04140625
1 0.89609375 0.1671875 0.01328125 0.0296875
1 0.9203125 0.20390625 0.02578125 0.04296875
1 0.91953125 0.16953125 0.01875 0.03125
1 0.92109375 0.1484375 0.01015625 0.021875