1 0.16796875 0.4734375 0.040625 0.06796875
1 0.28984375 0.26484375 0.01953125 0.0421875
1 0.33515625 0.25 0.01953125 0.04375
1 0.32109375 0.2171875 0.01640625 0.03359375
1 0.3453125 0.20390625 0.015625 0.03671875
1 0.35390625 0.22421875 0.01484375 0.03671875
1 0.36640625 0.240625 0.01953125 0.0421875
1 0.39296875 0.27578125 0.02578125 0.04765625
1 0.3921875 0.24609375 0.0171875 0.03515625
1 0.4078125 0.1859375 0.0203125 0.0390625
1 0.425 0.175 0.01484375 0.03125
1 0.44765625 0.1390625 0.01171875 0.025
1 0.4515625 0.1609375 0.01484375 0.0265625
1 0.4546875 0.2 0.01953125 0.0421875
1 0.484375 0.21328125 0.0203125 0.04375
1 0.4671875 0.1578125 0.01328125 0.028125
1 0.48046875 0.13203125 0.01171875 0.0296875
1 0.50625 0.13046875 0.0140625 0.03203125
1 0.51953125 0.146875 0.01328125 0.03828125
1 0.5078125 0.18359375 0.01953125 0.03828125
1 0.540625 0.1640625 0.01484375 0.03515625
1 0.5421875 0.1265625 0.015625 0.03125
1 0.55859375 0.13359375 0.015625 0.03359375
1 0.56484375 0.103125 0.01171875 0.02265625
1 0.5828125 0.153125 0.015625 0.03828125
1 0.5875 0.0953125 0.0125 0.02421875
1 0.5859375 0.12109375 0.015625 0.028125
1 0.61015625 0.146875 0.01484375 0.03203125
1 0.62109375 0.09140625 0.0125 0.028125
1 0.634375 0.1171875 0.0140625 0.03359375
1 0.64140625 0.13203125 0.01484375 0.0296875
1 0.64609375 0.08671875 0.01328125 0.0265625
1 0.66640625 0.096875 0.0109375 0.028125
1 0.6875 0.103125 0.01171875 0.03125
1 0.6640625 0.12421875 0.01328125 0.025
1 0.55625 0.23203125 0.02265625 0.04765625
1 0.5390625 0.28828125 0.0296875 0.06328125
1 0.59921875 0.24453125 0.02578125 0.05234375
1 0.62734375 0.30390625 0.03203125 0.06328125
1 0.61875 0.20234375 0.01875 0.04609375
1 0.65390625 0.2109375 0.01796875 0.0421875
1 0.67578125 0.23515625 0.01953125 0.05078125
1 0.684375 0.19140625 0.01875 0.04765625
1 0.7140625 0.2140625 0.0203125 0.0421875
1 0.73046875 0.17421875 0.01796875 0.04921875
1 0.71953125 0.15390625 0.01328125 0.03359375
1 0.71953125 0.125 0.0125 0.028125
1 0.73515625 0.13671875 0.01328125 0.03359375
1 0.74609375 0.1109375 0.00859375 0.028125
1 0.68359375 0.16015625 0.01015625 0.0296875
1 0.74765625 0.23203125 0.02109375 0.06171875
1 0.76796875 0.2890625 0.02109375 0.06640625
1 0.77265625 0.20546875 0.02109375 0.05078125
1 0.759375 0.16796875 0.015625 0.0390625
1 0.77578125 0.165625 0.0171875 0.03828125
1 0.7828125 0.11796875 0.01171875 0.02109375
1 0.8078125 0.11640625 0.01640625 0.03515625
1 0.82578125 0.11875 0.01328125 0.0296875
1 0.81171875 0.15234375 0.01328125 0.0390625
1 0.84453125 0.17421875 0.0140625 0.03515625
1 0.82109375 0.19609375 0.01796875 0.04375
1 0.80546875 0.25390625 0.02109375 0.0546875
1 0.79609375 0.18203125 0.01875 0.0453125
1 0.83125 0.2828125 0.02421875 0.059375
1 0.8484375 0.246875 0.021875 0.05234375
1 0.8140625 0.36796875 0.03359375 0.07734375
1 0.8859375 0.42578125 0.03203125 0.08046875
1 0.89140625 0.3046875 0.028125 0.071875
1 0.87421875 0.23125 0.02109375 0.05390625
1 0.890625 0.18203125 0.01640625 0.03203125
1 0.91875 0.228125 0.01796875 0.05078125
1 0.921875 0.20234375 0.0171875 0.03515625
1 0.9140625 0.1515625 0.0140625 0.040625
1 0.89921875 0.125 0.01484375 0.0296875
1 0.89375 0.14921875 0.01328125 0.03359375
1 0.85625 0.1328125 0.01796875 0.03203125
1 0.87109375 0.1234375 0.01328125 0.03515625
1 0.85 0.15390625 0.01640625 0.03203125