1 0.1796875 0.4953125 0.0359375 0.05703125
1 0.1671875 0.459375 0.0296875 0.0390625
1 0.1296875 0.4609375 0.028125 0.0421875
1 0.14765625 0.38671875 0.02421875 0.0328125
1 0.18515625 0.39453125 0.01796875 0.0359375
1 0.190625 0.35234375 0.01796875 0.03046875
1 0.22578125 0.43671875 0.02421875 0.0359375
1 0.23671875 0.4609375 0.02578125 0.0484375
1 0.24296875 0.38125 0.0140625 0.02734375
1 0.27578125 0.44140625 0.0203125 0.0328125
1 0.2671875 0.49375 0.02578125 0.0421875
1 0.27421875 0.53046875 0.03984375 0.06640625
1 0.278125 0.39453125 0.015625 0.03046875
1 0.309375 0.43203125 0.01796875 0.02734375
1 0.33984375 0.4984375 0.02421875 0.0453125
1 0.39765625 0.51640625 0.03984375 0.075
1 0.42109375 0.496875 0.0296875 0.06015625
1 0.37421875 0.4609375 0.0203125 0.0359375
1 0.353125 0.44140625 0.01796875 0.0328125
1 0.3359375 0.38671875 0.015625 0.02734375
1 0.365625 0.38828125 0.01171875 0.02421875
1 0.38828125 0.4140625 0.015625 0.02734375
1 0.4 0.43515625 0.015625 0.02734375
1 0.40390625 0.40078125 0.01171875 0.02421875
1 0.42265625 0.421875 0.0140625 0.02421875
1 0.4390625 0.43671875 0.0140625 0.02421875
1 0.4328125 0.4609375 0.021875 0.0359375
1 0.47109375 0.47265625 0.021875 0.0359375
1 0.4828125 0.5078125 0.02578125 0.0515625
1 0.47890625 0.44296875 0.01796875 0.03046875
1 0.45703125 0.41875 0.0140625 0.02421875
1 0.42578125 0.39765625 0.015625 0.01796875
1 0.471875 0.38984375 0.015625 0.02734375
1 0.5078125 0.4171875 0.015625 0.02734375
1 0.49921875 0.38828125 0.0140625 0.03046875
1 0.5140625 0.38515625 0.01171875 0.01796875
1 0.51328125 0.44609375 0.01796875 0.02421875
1 0.52109375 0.46875 0.021875 0.0390625
1 0.54921875 0.496875 0.0296875 0.0484375
1 0.52265625 0.52734375 0.03828125 0.07265625
1 0.5390625 0.421875 0.0140625 0.03046875
1 0.52890625 0.39921875 0.0140625 0.02734375
1 0.55 0.39609375 0.01171875 0.02734375
1 0.56171875 0.43515625 0.015625 0.0328125
1 0.56875 0.47578125 0.01796875 0.0421875
1 0.59921875 0.496875 0.0296875 0.05390625
1 0.5828125 0.425 0.0140625 0.0359375
1 0.57421875 0.40390625 0.01171875 0.03046875
1 0.58828125 0.39765625 0.01171875 0.02421875
1 0.60625 0.40625 0.01171875 0.02421875
1 0.603125 0.44609375 0.0140625 0.03046875
1 0.62265625 0.4625 0.01796875 0.0328125
1 0.6421875 0.52421875 0.0359375 0.07265625
1 0.61796875 0.4234375 0.015625 0.0328125
1 0.6359375 0.40078125 0.01171875 0.02421875
1 0.665625 0.38671875 0.015625 0.02734375
1 0.66796875 0.42734375 0.015625 0.03046875
1 0.653125 0.44609375 0.01796875 0.03046875
1 0.675 0.46953125 0.021875 0.0359375
1 0.66328125 0.50625 0.021875 0.0421875
1 0.7 0.5078125 0.02421875 0.0515625
1 0.69921875 0.453125 0.01796875 0.0328125
1 0.7109375 0.43203125 0.0140625 0.02109375
1 0.7046875 0.38515625 0.0140625 0.02421875
1 0.740625 0.38828125 0.0140625 0.02421875
1 0.72890625 0.4578125 0.021875 0.0359375
1 0.74296875 0.42890625 0.0140625 0.0328125
1 0.75703125 0.44453125 0.01796875 0.0328125
1 0.73828125 0.503125 0.02421875 0.0484375
1 0.7890625 0.51015625 0.02578125 0.0515625
1 0.80078125 0.54375 0.0421875 0.075
1 0.78828125 0.47890625 0.02421875 0.0421875
1 0.80234375 0.4546875 0.0203125 0.03046875
1 0.79765625 0.42734375 0.015625 0.03046875
1 0.7890625 0.39453125 0.0140625 0.02421875
1 0.83125 0.38671875 0.021875 0.02734375
1 0.84296875 0.4515625 0.01796875 0.0359375
1 0.85703125 0.4234375 0.01796875 0.02734375
1 0.8703125 0.384375 0.0203125 0.0328125
1 0.87578125 0.44765625 0.0203125 0.0390625
1 0.86484375 0.48046875 0.0296875 0.0390625
1 0.8453125 0.52109375 0.0296875 0.05390625