1 0.2046875 0.3984375 0.03046875 0.046875
1 0.10390625 0.54140625 0.053125 0.06796875
1 0.12734375 0.65234375 0.0578125 0.084375
1 0.19375 0.5890625 0.05703125 0.08203125
1 0.2828125 0.5375 0.04609375 0.06484375
1 0.275 0.67265625 0.07734375 0.11640625
1 0.41953125 0.77265625 0.1765625 0.23515625
1 0.3921875 0.58203125 0.053125 0.07734375
1 0.4859375 0.53046875 0.04375 0.07421875
1 0.56796875 0.56953125 0.0546875 0.09453125
1 0.6296875 0.53203125 0.04453125 0.06484375
1 0.64375 0.5734375 0.0546875 0.08046875
1 0.6359375 0.78671875 0.12109375 0.21875
1 0.64453125 0.66796875 0.0953125 0.125
1 0.746875 0.49140625 0.04140625 0.06328125
1 0.79375 0.53828125 0.04765625 0.06796875
1 0.834375 0.65078125 0.07421875 0.11796875
1 0.925 0.53515625 0.04453125 0.06953125
1 0.9390625 0.4875 0.0421875 0.07109375