1 0.1078125 0.603125 0.08046875 0.146875
1 0.0640625 0.43203125 0.04609375 0.0671875
1 0.12265625 0.4 0.02890625 0.05234375
1 0.14765625 0.43203125 0.0359375 0.0578125
1 0.17890625 0.49921875 0.0609375 0.11328125
1 0.17265625 0.39375 0.02578125 0.05234375
1 0.18671875 0.40234375 0.02421875 0.04140625
1 0.2125 0.403125 0.02890625 0.04921875
1 0.26015625 0.42265625 0.0390625 0.0609375
1 0.30078125 0.475 0.053125 0.0796875
1 0.31875 0.51640625 0.05703125 0.0921875
1 0.33515625 0.6328125 0.103125 0.16875
1 0.47734375 0.5453125 0.06328125 0.12265625
1 0.43515625 0.48046875 0.04375 0.0796875
1 0.4359375 0.4421875 0.0359375 0.05546875
1 0.43828125 0.38203125 0.02578125 0.04140625
1 0.403125 0.39375 0.02421875 0.04296875
1 0.35390625 0.39140625 0.02421875 0.03828125
1 0.334375 0.36953125 0.02265625 0.03515625
1 0.31875 0.4015625 0.03125 0.04921875
1 0.2953125 0.3953125 0.0234375 0.03671875
1 0.2828125 0.36484375 0.01875 0.03359375
1 0.50234375 0.43671875 0.02421875 0.03671875
1 0.52578125 0.4421875 0.03984375 0.0671875
1 0.4859375 0.340625 0.0265625 0.04765625
1 0.49921875 0.38671875 0.02578125 0.03828125
1 0.54375 0.3828125 0.0203125 0.03671875
1 0.55859375 0.3953125 0.02734375 0.03984375
1 0.590625 0.38515625 0.0234375 0.04140625
1 0.58984375 0.4375 0.02890625 0.05390625
1 0.5765625 0.49375 0.04453125 0.09375
1 0.6453125 0.42265625 0.0421875 0.0828125
1 0.62265625 0.40625 0.02265625 0.03828125
1 0.684375 0.4390625 0.03125 0.0625
1 0.6859375 0.39375 0.0234375 0.04609375
1 0.70625 0.41796875 0.02265625 0.03984375
1 0.74375 0.4078125 0.0203125 0.04140625
1 0.76875 0.45625 0.0296875 0.0671875
1 0.78125 0.40625 0.02109375 0.03828125
1 0.81171875 0.43125 0.03125 0.05703125
1 0.87890625 0.4234375 0.05234375 0.09375