1 0.0375 0.39765625 0.034375 0.0671875
1 0.26171875 0.275 0.01953125 0.03359375
1 0.2796875 0.26484375 0.01953125 0.040625
1 0.30234375 0.25859375 0.01953125 0.0421875
1 0.32890625 0.2625 0.0171875 0.03515625
1 0.34765625 0.2703125 0.01953125 0.0390625
1 0.3171875 0.22734375 0.01640625 0.03046875
1 0.34765625 0.228125 0.0203125 0.03515625
1 0.3578125 0.23203125 0.01796875 0.03203125
1 0.37890625 0.225 0.0203125 0.03515625
1 0.3890625 0.20390625 0.01796875 0.03046875
1 0.42421875 0.2171875 0.01796875 0.03046875
1 0.4125 0.284375 0.025 0.05234375
1 0.4546875 0.22109375 0.01640625 0.03671875
1 0.48125 0.22578125 0.02265625 0.04375
1 0.47578125 0.1953125 0.01953125 0.03359375
1 0.45859375 0.171875 0.01640625 0.03046875
1 0.43203125 0.1640625 0.0171875 0.03203125
1 0.4828125 0.17109375 0.01796875 0.03515625
1 0.48359375 0.146875 0.0125 0.02734375
1 0.49609375 0.1296875 0.0140625 0.03046875
1 0.50703125 0.19453125 0.01796875 0.03203125
1 0.51640625 0.16328125 0.015625 0.03359375
1 0.54140625 0.2015625 0.01953125 0.0421875
1 0.5375 0.13671875 0.01953125 0.03671875
1 0.55390625 0.1546875 0.0203125 0.0390625
1 0.56875 0.10859375 0.01640625 0.02890625
1 0.56484375 0.1375 0.015625 0.03203125
1 0.59375 0.1546875 0.02109375 0.0390625
1 0.59453125 0.1203125 0.015625 0.021875
1 0.61875 0.153125 0.01640625 0.03359375
1 0.61875 0.11953125 0.01328125 0.0203125
1 0.63203125 0.10546875 0.01171875 0.021875
1 0.65078125 0.1203125 0.0125 0.025
1 0.65234375 0.09765625 0.0125 0.02734375
1 0.67890625 0.12109375 0.01171875 0.0234375
1 0.71484375 0.0953125 0.01015625 0.03203125
1 0.6984375 0.14921875 0.0140625 0.03515625
1 0.72421875 0.14453125 0.0140625 0.02890625
1 0.71328125 0.175 0.01953125 0.04375
1 0.71796875 0.21640625 0.0203125 0.05234375
1 0.67109375 0.2484375 0.025 0.05546875
1 0.67578125 0.20625 0.0171875 0.0390625
1 0.665625 0.18515625 0.01328125 0.03671875
1 0.615625 0.1984375 0.0203125 0.0421875
1 0.61875 0.25078125 0.02421875 0.05234375
1 0.5796875 0.24921875 0.02578125 0.05390625
1 0.5671875 0.28984375 0.028125 0.05703125
1 0.49140625 0.3 0.028125 0.05390625
1 0.61484375 0.33203125 0.034375 0.0640625
1 0.68359375 0.3359375 0.02890625 0.0671875
1 0.728125 0.29375 0.02578125 0.0609375
1 0.77421875 0.2296875 0.02578125 0.05703125
1 0.796875 0.28828125 0.02890625 0.0640625
1 0.7546875 0.1875 0.02109375 0.03671875
1 0.74375 0.15078125 0.01640625 0.0390625
1 0.74609375 0.1203125 0.01796875 0.03515625
1 0.7578125 0.14453125 0.01953125 0.0390625
1 0.76640625 0.10234375 0.0171875 0.03203125
1 0.7828125 0.15703125 0.0203125 0.040625
1 0.78671875 0.13046875 0.01640625 0.0390625
1 0.80703125 0.11640625 0.0125 0.03046875
1 0.81171875 0.13671875 0.0140625 0.03046875
1 0.81640625 0.1734375 0.0203125 0.046875
1 0.8328125 0.1625 0.01640625 0.0390625
1 0.8265625 0.125 0.0140625 0.03671875
1 0.846875 0.1359375 0.01328125 0.03203125
1 0.8609375 0.184375 0.0171875 0.0390625
1 0.86640625 0.15078125 0.015625 0.0390625
1 0.88046875 0.15 0.015625 0.03359375
1 0.8859375 0.13125 0.01328125 0.03046875
1 0.88984375 0.2171875 0.01953125 0.040625
1 0.9015625 0.19296875 0.01953125 0.0421875
1 0.91015625 0.17265625 0.0140625 0.03515625
1 0.925 0.13125 0.01640625 0.03046875
1 0.9390625 0.28125 0.02421875 0.05390625
1 0.9375 0.18828125 0.021875 0.05234375
1 0.9484375 0.15078125 0.015625 0.0390625