1 0.1359375 0.55390625 0.03828125 0.075
1 0.22890625 0.334375 0.0140625 0.03515625
1 0.259375 0.34296875 0.02109375 0.04375
1 0.28125 0.36953125 0.01875 0.03828125
1 0.2875 0.31015625 0.01796875 0.03515625
1 0.32890625 0.36875 0.0234375 0.04921875
1 0.35234375 0.33203125 0.0171875 0.03515625
1 0.353125 0.29453125 0.0171875 0.0328125
1 0.38671875 0.33984375 0.0203125 0.0421875
1 0.41015625 0.3328125 0.02109375 0.03828125
1 0.40859375 0.30234375 0.01875 0.0296875
1 0.39375 0.259375 0.0171875 0.0265625
1 0.42734375 0.26015625 0.0140625 0.02578125
1 0.44453125 0.2703125 0.01796875 0.03359375
1 0.43515625 0.30859375 0.01796875 0.03984375
1 0.4484375 0.3375 0.0265625 0.04375
1 0.47578125 0.303125 0.02109375 0.0328125
1 0.4671875 0.2421875 0.0140625 0.028125
1 0.47265625 0.265625 0.0171875 0.03359375
1 0.509375 0.26171875 0.01484375 0.03125
1 0.5234375 0.27421875 0.01484375 0.03359375
1 0.52421875 0.2453125 0.01484375 0.02421875
1 0.54375 0.25078125 0.01328125 0.03515625
1 0.5578125 0.28359375 0.01640625 0.03515625
1 0.5078125 0.32421875 0.021875 0.03359375
1 0.5703125 0.21953125 0.0125 0.02578125
1 0.578125 0.234375 0.0125 0.0265625
1 0.5828125 0.25859375 0.01171875 0.03125
1 0.5890625 0.23515625 0.0109375 0.02109375
1 0.60625 0.22734375 0.0125 0.028125
1 0.61171875 0.20859375 0.0125 0.02109375
1 0.63203125 0.21640625 0.0125 0.028125
1 0.64296875 0.22890625 0.01171875 0.02578125
1 0.6453125 0.24609375 0.01171875 0.028125
1 0.603125 0.25390625 0.01640625 0.0296875
1 0.6765625 0.23046875 0.01328125 0.028125
1 0.675 0.20625 0.0125 0.02265625
1 0.6890625 0.22734375 0.01328125 0.0328125
1 0.48359375 0.40390625 0.03046875 0.0578125
1 0.53984375 0.34921875 0.0234375 0.05078125
1 0.54921875 0.403125 0.0296875 0.0484375
1 0.59375 0.44765625 0.0359375 0.075
1 0.60546875 0.38203125 0.0265625 0.05390625
1 0.60390625 0.334375 0.0234375 0.04921875
1 0.63984375 0.29765625 0.01875 0.04140625
1 0.6734375 0.278125 0.0171875 0.03515625
1 0.7 0.30078125 0.015625 0.04140625
1 0.71328125 0.30234375 0.015625 0.03671875
1 0.71171875 0.25234375 0.01328125 0.0328125
1 0.7359375 0.25546875 0.0140625 0.0296875
1 0.7421875 0.2390625 0.0140625 0.028125
1 0.7546875 0.23046875 0.0125 0.028125
1 0.65 0.3453125 0.021875 0.0453125
1 0.66640625 0.3765625 0.02734375 0.05546875
1 0.6921875 0.36171875 0.02421875 0.05390625
1 0.72578125 0.39765625 0.028125 0.059375
1 0.64296875 0.4703125 0.03359375 0.071875
1 0.70625 0.54453125 0.03828125 0.06796875
1 0.8359375 0.5046875 0.0359375 0.06484375
1 0.77109375 0.278125 0.0140625 0.03515625
1 0.7890625 0.26484375 0.01640625 0.03828125
1 0.7875 0.240625 0.015625 0.03359375
1 0.8203125 0.303125 0.01640625 0.03828125
1 0.81640625 0.2890625 0.0171875 0.03515625
1 0.81640625 0.24453125 0.01796875 0.03671875
1 0.84765625 0.25703125 0.01484375 0.0328125
1 0.8625 0.27265625 0.01328125 0.03359375
1 0.87578125 0.2609375 0.01328125 0.0328125
1 0.9015625 0.27421875 0.015625 0.03125
1 0.890625 0.31484375 0.015625 0.0265625
1 0.85234375 0.3125 0.01875 0.03671875
1 0.81953125 0.36015625 0.02265625 0.05234375
1 0.79609375 0.43359375 0.02890625 0.06640625
1 0.84921875 0.4609375 0.03203125 0.05625
1 0.86796875 0.38125 0.0234375 0.04921875
1 0.87578125 0.34921875 0.0203125 0.0421875
1 0.9203125 0.39140625 0.02421875 0.0421875
1 0.9296875 0.46015625 0.02890625 0.06640625
1 0.93984375 0.3546875 0.01640625 0.03515625
1 0.94296875 0.325 0.0171875 0.03359375
1 0.92265625 0.309375 0.01796875 0.03671875
1 0.946875 0.27734375 0.0171875 0.03125