1 0.73125 0.19921875 0.053125 0.06875
1 0.77578125 0.26953125 0.07578125 0.11953125
1 0.89140625 0.41484375 0.09296875 0.1046875
1 0.94765625 0.51796875 0.09140625 0.13203125
1 0.62578125 0.6 0.1359375 0.21875
1 0.63125 0.77578125 0.146875 0.1859375
1 0.5890625 0.4 0.06640625 0.075
1 0.53984375 0.328125 0.053125 0.06875
1 0.58125 0.27109375 0.046875 0.06875
1 0.6109375 0.23515625 0.03984375 0.0625
1 0.46796875 0.24140625 0.0421875 0.05078125
1 0.37890625 0.396875 0.06875 0.0984375
1 0.43984375 0.33828125 0.084375 0.08984375
1 0.3234375 0.55390625 0.09140625 0.1140625
1 0.14921875 0.73203125 0.146875 0.15859375
1 0.14140625 0.51953125 0.1046875 0.1109375
1 0.18203125 0.41796875 0.07578125 0.08671875
1 0.23984375 0.325 0.0625 0.08046875
1 0.24921875 0.27578125 0.04453125 0.0421875
1 0.29453125 0.23984375 0.05078125 0.065625
1 0.215625 0.23671875 0.04453125 0.06015625
1 0.1578125 0.26953125 0.0578125 0.078125
1 0.03359375 0.33203125 0.0578125 0.08359375