1 0.1359375 0.49765625 0.05078125 0.09140625
1 0.2234375 0.33671875 0.01796875 0.03359375
1 0.2578125 0.35625 0.021875 0.04453125
1 0.2859375 0.35703125 0.01953125 0.040625
1 0.28203125 0.3015625 0.0171875 0.0359375
1 0.3265625 0.35390625 0.02421875 0.0515625
1 0.34765625 0.325 0.015625 0.03203125
1 0.35234375 0.28984375 0.01484375 0.0375
1 0.37734375 0.321875 0.01640625 0.03515625
1 0.403125 0.3265625 0.01875 0.03359375
1 0.39765625 0.29453125 0.0171875 0.03359375
1 0.43515625 0.33828125 0.02109375 0.040625
1 0.38984375 0.2546875 0.01328125 0.028125
1 0.40234375 0.2609375 0.01328125 0.03203125
1 0.42578125 0.2640625 0.0171875 0.03046875
1 0.43046875 0.303125 0.0171875 0.028125
1 0.45703125 0.31015625 0.0203125 0.04140625
1 0.496875 0.3125 0.0203125 0.03515625
1 0.4828125 0.26015625 0.0140625 0.03046875
1 0.44453125 0.25 0.01328125 0.03359375
1 0.459375 0.23515625 0.01484375 0.028125
1 0.4984375 0.24609375 0.01328125 0.028125
1 0.5140625 0.2671875 0.01953125 0.03359375
1 0.52265625 0.24765625 0.01484375 0.0359375
1 0.51171875 0.240625 0.0140625 0.025
1 0.546875 0.26875 0.015625 0.03359375
1 0.53984375 0.2265625 0.01328125 0.028125
1 0.56328125 0.2546875 0.01796875 0.03359375
1 0.5609375 0.225 0.01640625 0.0234375
1 0.5828125 0.2453125 0.0140625 0.03203125
1 0.5890625 0.21953125 0.01171875 0.025
1 0.5953125 0.20234375 0.01328125 0.0265625
1 0.61015625 0.21171875 0.01171875 0.0265625
1 0.6234375 0.2375 0.0140625 0.028125
1 0.634375 0.21640625 0.01171875 0.0234375
1 0.640625 0.2296875 0.0140625 0.03046875
1 0.65703125 0.228125 0.0140625 0.03046875
1 0.48984375 0.378125 0.03046875 0.053125
1 0.53125 0.3953125 0.02421875 0.05390625
1 0.5609375 0.428125 0.0328125 0.06640625
1 0.57265625 0.41015625 0.0265625 0.04765625
1 0.5453125 0.34375 0.021875 0.04453125
1 0.58359375 0.3203125 0.0203125 0.0484375
1 0.6171875 0.2953125 0.01875 0.0375
1 0.63203125 0.3296875 0.02109375 0.04140625
1 0.64921875 0.3640625 0.0265625 0.0484375
1 0.67109375 0.3421875 0.02109375 0.04453125
1 0.6625 0.26171875 0.0140625 0.03359375
1 0.68828125 0.25625 0.0171875 0.03203125
1 0.7015625 0.2828125 0.01796875 0.03203125
1 0.71328125 0.259375 0.01953125 0.02890625
1 0.72109375 0.23984375 0.01171875 0.0265625
1 0.728125 0.23125 0.0140625 0.0234375
1 0.73359375 0.2953125 0.01796875 0.040625
1 0.75546875 0.2671875 0.0203125 0.0359375
1 0.75859375 0.23984375 0.0140625 0.03203125
1 0.790625 0.2734375 0.01640625 0.03203125
1 0.778125 0.30234375 0.01640625 0.04296875
1 0.79296875 0.3265625 0.021875 0.04765625
1 0.778125 0.35390625 0.02265625 0.0484375
1 0.76875 0.4140625 0.02578125 0.05390625
1 0.71875 0.39375 0.02734375 0.05
1 0.69296875 0.4625 0.034375 0.07890625
1 0.61796875 0.45703125 0.03359375 0.0625
1 0.76796875 0.56640625 0.0421875 0.0734375
1 0.81796875 0.42890625 0.02890625 0.06015625
1 0.8796875 0.48046875 0.03515625 0.06796875
1 0.83515625 0.3640625 0.02265625 0.05546875
1 0.82265625 0.303125 0.0171875 0.0359375
1 0.82578125 0.278125 0.01796875 0.03046875
1 0.8109375 0.25625 0.01484375 0.03046875
1 0.82578125 0.25078125 0.01484375 0.03515625
1 0.84140625 0.25234375 0.015625 0.03203125
1 0.86171875 0.33046875 0.01796875 0.040625
1 0.84921875 0.3453125 0.01953125 0.04453125
1 0.89140625 0.38828125 0.02109375 0.04765625
1 0.90390625 0.35546875 0.01796875 0.04609375
1 0.89921875 0.3296875 0.015625 0.0359375
1 0.90234375 0.30703125 0.0140625 0.03046875
1 0.9078125 0.26171875 0.01484375 0.03046875
1 0.8703125 0.2984375 0.0140625 0.03515625