1 0.20546875 0.3609375 0.03984375 0.0796875
1 0.27578125 0.22890625 0.01484375 0.03046875
1 0.30078125 0.22578125 0.0140625 0.03046875
1 0.31640625 0.2359375 0.0140625 0.02734375
1 0.371875 0.25390625 0.01796875 0.0359375
1 0.4078125 0.23828125 0.01875 0.04609375
1 0.33359375 0.17265625 0.01328125 0.021875
1 0.34296875 0.20625 0.0140625 0.02578125
1 0.384375 0.20625 0.01484375 0.02578125
1 0.36953125 0.203125 0.0140625 0.02578125
1 0.4109375 0.20390625 0.01328125 0.0234375
1 0.43046875 0.2140625 0.0171875 0.03046875
1 0.47421875 0.22109375 0.0171875 0.03046875
1 0.46328125 0.190625 0.0140625 0.02890625
1 0.41171875 0.16875 0.0140625 0.02890625
1 0.421875 0.14609375 0.01328125 0.0203125
1 0.4296875 0.1734375 0.01328125 0.02734375
1 0.45 0.153125 0.0140625 0.0234375
1 0.4609375 0.1390625 0.01015625 0.0203125
1 0.478125 0.15859375 0.01328125 0.021875
1 0.503125 0.14453125 0.0125 0.0234375
1 0.52109375 0.15546875 0.01328125 0.02578125
1 0.503125 0.18515625 0.0140625 0.02734375
1 0.55 0.1875 0.0171875 0.0359375
1 0.54765625 0.159375 0.01328125 0.0234375
1 0.54296875 0.1453125 0.01171875 0.01875
1 0.5375 0.1296875 0.0125 0.021875
1 0.5203125 0.1234375 0.0125 0.021875
1 0.49609375 0.11953125 0.01328125 0.021875
1 0.571875 0.1171875 0.01484375 0.03046875
1 0.5765625 0.16953125 0.0140625 0.0234375
1 0.6171875 0.15390625 0.0125 0.02578125
1 0.59140625 0.13125 0.0171875 0.02578125
1 0.60234375 0.10859375 0.009375 0.0234375
1 0.615625 0.125 0.0125 0.02578125
1 0.62578125 0.10625 0.01328125 0.02890625
1 0.6453125 0.12890625 0.0140625 0.02734375
1 0.6546875 0.10390625 0.01328125 0.02734375
1 0.66484375 0.1328125 0.0125 0.0234375
1 0.68046875 0.12109375 0.01015625 0.021875
1 0.6828125 0.1 0.009375 0.0203125
1 0.70078125 0.11015625 0.01328125 0.02734375
1 0.66171875 0.1890625 0.0171875 0.03203125
1 0.4890625 0.278125 0.02578125 0.04765625
1 0.53671875 0.28984375 0.02109375 0.05234375
1 0.55859375 0.25078125 0.021875 0.0390625
1 0.6203125 0.25625 0.021875 0.04453125
1 0.62265625 0.21796875 0.0171875 0.02890625
1 0.59140625 0.32578125 0.021875 0.0578125
1 0.66640625 0.33515625 0.02890625 0.0625
1 0.66875 0.2765625 0.0234375 0.04765625
1 0.72421875 0.3046875 0.02578125 0.05234375
1 0.73671875 0.38671875 0.03203125 0.078125
1 0.80390625 0.4078125 0.02734375 0.06796875
1 0.77421875 0.2953125 0.021875 0.0578125
1 0.7578125 0.2546875 0.01796875 0.040625
1 0.71640625 0.23359375 0.02109375 0.04609375
1 0.690625 0.20625 0.01796875 0.0390625
1 0.6921875 0.1671875 0.01875 0.03203125
1 0.71484375 0.15859375 0.01328125 0.02578125
1 0.74296875 0.17265625 0.0140625 0.02890625
1 0.7421875 0.203125 0.0171875 0.0359375
1 0.74140625 0.134375 0.01484375 0.03359375
1 0.7578125 0.15859375 0.0140625 0.03203125
1 0.7765625 0.13828125 0.01484375 0.03203125
1 0.78671875 0.15703125 0.01328125 0.03203125
1 0.803125 0.1578125 0.01484375 0.02734375
1 0.790625 0.234375 0.0203125 0.040625
1 0.8140625 0.25390625 0.01875 0.04921875
1 0.83671875 0.32734375 0.02890625 0.05078125
1 0.853125 0.25546875 0.01796875 0.0390625
1 0.8796875 0.2296875 0.0140625 0.0390625
1 0.92421875 0.2171875 0.01328125 0.03046875
1 0.91640625 0.28515625 0.0171875 0.04453125
1 0.90234375 0.34609375 0.01875 0.0546875
1 0.89375 0.4328125 0.03203125 0.078125