1 0.08671875 0.559375 0.05 0.1078125
1 0.215625 0.353125 0.01640625 0.028125
1 0.25546875 0.35 0.0171875 0.0453125
1 0.28046875 0.3703125 0.02109375 0.04375
1 0.31171875 0.39765625 0.025 0.046875
1 0.284375 0.309375 0.01640625 0.0328125
1 0.35 0.33046875 0.01640625 0.0296875
1 0.35078125 0.29921875 0.01796875 0.0328125
1 0.40078125 0.33984375 0.01875 0.03984375
1 0.39921875 0.2984375 0.015625 0.03125
1 0.39609375 0.246875 0.0125 0.0296875
1 0.41328125 0.2640625 0.01328125 0.0296875
1 0.41875 0.2515625 0.01328125 0.02578125
1 0.4390625 0.265625 0.01328125 0.0328125
1 0.42890625 0.3046875 0.01796875 0.03671875
1 0.43515625 0.33046875 0.01953125 0.03828125
1 0.46328125 0.30625 0.01640625 0.0359375
1 0.4578125 0.27734375 0.01484375 0.028125
1 0.44375 0.24921875 0.0140625 0.02578125
1 0.45625 0.23984375 0.01328125 0.02734375
1 0.48046875 0.27109375 0.01484375 0.0359375
1 0.49375 0.25859375 0.01328125 0.028125
1 0.5015625 0.2453125 0.0125 0.0296875
1 0.521875 0.25546875 0.01484375 0.0359375
1 0.5046875 0.2984375 0.01484375 0.03671875
1 0.49375 0.33046875 0.0203125 0.04375
1 0.4453125 0.4171875 0.02734375 0.0609375
1 0.5171875 0.41953125 0.02734375 0.059375
1 0.52578125 0.37109375 0.01953125 0.05390625
1 0.59140625 0.42578125 0.0265625 0.0609375
1 0.5578125 0.27734375 0.0171875 0.034375
1 0.5546875 0.2375 0.01328125 0.02578125
1 0.5515625 0.2234375 0.01171875 0.02265625
1 0.559375 0.2046875 0.01171875 0.02578125
1 0.5609375 0.25625 0.0140625 0.03125
1 0.5734375 0.25234375 0.01328125 0.0296875
1 0.58515625 0.234375 0.0140625 0.02734375
1 0.5953125 0.2109375 0.0125 0.02734375
1 0.6109375 0.2140625 0.0125 0.02734375
1 0.609375 0.2328125 0.01328125 0.0296875
1 0.61953125 0.2578125 0.0125 0.034375
1 0.61640625 0.2921875 0.01640625 0.04375
1 0.584375 0.3265625 0.0234375 0.04140625
1 0.62890625 0.33359375 0.01953125 0.04375
1 0.6390625 0.2234375 0.01015625 0.02265625
1 0.65078125 0.234375 0.0125 0.0296875
1 0.6671875 0.228125 0.0140625 0.0296875
1 0.653125 0.265625 0.01640625 0.0328125
1 0.6875 0.25234375 0.01484375 0.0328125
1 0.665625 0.33046875 0.0203125 0.04375
1 0.66484375 0.3609375 0.0171875 0.04296875
1 0.63515625 0.39140625 0.025 0.0484375
1 0.64375 0.4359375 0.02578125 0.0640625
1 0.71328125 0.396875 0.02265625 0.0515625
1 0.7015625 0.28828125 0.01484375 0.0359375
1 0.70859375 0.28203125 0.0125 0.0296875
1 0.7140625 0.25078125 0.01328125 0.0328125
1 0.72421875 0.2328125 0.01328125 0.0296875
1 0.7546875 0.24296875 0.0140625 0.02578125
1 0.75078125 0.26875 0.0140625 0.03984375
1 0.7390625 0.28046875 0.0140625 0.03984375
1 0.78046875 0.246875 0.0125 0.0296875
1 0.81171875 0.259375 0.01171875 0.0328125
1 0.83984375 0.25625 0.0125 0.03125
1 0.90390625 0.2734375 0.01171875 0.0328125
1 0.86484375 0.28671875 0.0125 0.0359375
1 0.90234375 0.3125 0.0125 0.0359375
1 0.8953125 0.33828125 0.01328125 0.04296875
1 0.89375 0.36328125 0.01484375 0.04375
1 0.8671875 0.33828125 0.01484375 0.04296875
1 0.83046875 0.2796875 0.01328125 0.04140625
1 0.8234375 0.31640625 0.01484375 0.03828125
1 0.83984375 0.340625 0.0171875 0.046875
1 0.8796875 0.39765625 0.0203125 0.05
1 0.87578125 0.45234375 0.0265625 0.059375
1 0.8359375 0.41015625 0.0234375 0.05546875
1 0.78671875 0.3046875 0.0140625 0.03671875
1 0.7859375 0.27578125 0.01328125 0.034375
1 0.80078125 0.340625 0.0171875 0.046875
1 0.784375 0.3578125 0.0203125 0.05234375
1 0.815625 0.43671875 0.02421875 0.05703125
1 0.75859375 0.43125 0.0296875 0.0515625
1 0.78984375 0.51953125 0.03046875 0.06796875
1 0.6859375 0.50546875 0.034375 0.08359375