1 0.9 0.55234375 0.0265625 0.05234375
1 0.840625 0.6015625 0.021875 0.04609375
1 0.815625 0.58125 0.021875 0.04296875
1 0.7625 0.56015625 0.028125 0.05546875
1 0.86015625 0.54296875 0.0203125 0.04609375
1 0.93203125 0.596875 0.01640625 0.04296875
1 0.64921875 0.55546875 0.01484375 0.02734375
1 0.5578125 0.55703125 0.01796875 0.03671875
1 0.54921875 0.57265625 0.01484375 0.025
1 0.49140625 0.56640625 0.01328125 0.025
1 0.4703125 0.5828125 0.01015625 0.021875
1 0.45703125 0.578125 0.01015625 0.01875
1 0.4015625 0.56640625 0.01015625 0.01875
1 0.27578125 0.57421875 0.021875 0.03984375
1 0.43828125 0.56640625 0.01015625 0.025
1 0.41328125 0.56015625 0.01015625 0.01875
1 0.02890625 0.57421875 0.01484375 0.02734375
1 0.07734375 0.596875 0.01484375 0.025
1 0.1 0.5890625 0.01328125 0.02734375
1 0.115625 0.57421875 0.01171875 0.03359375
1 0.128125 0.57421875 0.01328125 0.02734375
1 0.16796875 0.5796875 0.01328125 0.02734375