1 0.0984375 0.4140625 0.04375 0.0703125
1 0.015625 0.440625 0.0296875 0.0578125
1 0.1984375 0.42578125 0.0375 0.0578125
1 0.25 0.45703125 0.05546875 0.07890625
1 0.32890625 0.42734375 0.04296875 0.0609375
1 0.346875 0.4796875 0.05390625 0.06875
1 0.36015625 0.32265625 0.0296875 0.04140625
1 0.47421875 0.3234375 0.02890625 0.04453125
1 0.575 0.4140625 0.02734375 0.04296875
1 0.66171875 0.4296875 0.03515625 0.06171875
1 0.6734375 0.40390625 0.0328125 0.04140625
1 0.759375 0.4703125 0.0421875 0.0640625
1 0.82890625 0.43046875 0.04140625 0.0609375
1 0.86328125 0.44296875 0.0484375 0.06953125