1 0.23046875 0.3953125 0.053125 0.09296875
1 0.3671875 0.20703125 0.0265625 0.05625
1 0.5359375 0.1953125 0.01796875 0.040625
1 0.62265625 0.22421875 0.02265625 0.04296875
1 0.6671875 0.20078125 0.01796875 0.034375
1 0.7046875 0.20703125 0.01953125 0.0390625
1 0.74453125 0.21796875 0.0203125 0.0390625
1 0.66171875 0.253125 0.02265625 0.05390625
1 0.6734375 0.2328125 0.01953125 0.04296875
1 0.75078125 0.28203125 0.02265625 0.04765625
1 0.759375 0.26796875 0.0203125 0.040625
1 0.75078125 0.365625 0.0296875 0.0796875
1 0.8234375 0.26640625 0.021875 0.05390625
1 0.8109375 0.40703125 0.0296875 0.07734375
1 0.9078125 0.39765625 0.03203125 0.07109375