1 0.1796875 0.31953125 0.04296875 0.08125
1 0.22265625 0.328125 0.05390625 0.08125
1 0.32734375 0.29140625 0.0375 0.06484375
1 0.3671875 0.3140625 0.04296875 0.06875
1 0.396875 0.4171875 0.05859375 0.10546875
1 0.4703125 0.4578125 0.078125 0.1296875
1 0.4421875 0.30390625 0.0375 0.0484375
1 0.4984375 0.3015625 0.0375 0.0609375
1 0.528125 0.275 0.03203125 0.05703125
1 0.5578125 0.36015625 0.05390625 0.0890625
1 0.5921875 0.28359375 0.03203125 0.05703125
1 0.61640625 0.26953125 0.0265625 0.05234375
1 0.66640625 0.28125 0.0296875 0.05234375
1 0.69296875 0.33828125 0.03984375 0.06875
1 0.65 0.403125 0.05625 0.1015625
1 0.66875 0.51640625 0.078125 0.14140625
1 0.85 0.44296875 0.05859375 0.12578125
1 0.79765625 0.36875 0.03984375 0.08125
1 0.77109375 0.31953125 0.0296875 0.07265625
1 0.84296875 0.32421875 0.0296875 0.05703125
1 0.859375 0.35390625 0.0296875 0.0609375
1 0.90859375 0.41328125 0.0484375 0.08125
1 0.915625 0.3296875 0.03515625 0.06875
1 0.97890625 0.35234375 0.0375 0.07265625
1 0.8984375 0.59296875 0.09140625 0.190625