1 0.42890625 0.20078125 0.01796875 0.046875
1 0.46328125 0.20546875 0.02265625 0.0484375
1 0.6125 0.1109375 0.021875 0.03046875
1 0.6515625 0.125 0.0140625 0.03046875
1 0.753125 0.14765625 0.01484375 0.0375
1 0.77109375 0.14921875 0.01796875 0.03359375
1 0.82578125 0.26015625 0.01796875 0.06171875
1 0.89296875 0.25390625 0.02578125 0.0453125
1 0.871875 0.18828125 0.01640625 0.040625
1 0.8921875 0.22109375 0.01640625 0.0484375
1 0.9421875 0.19140625 0.01484375 0.03359375
1 0.92109375 0.25546875 0.01953125 0.0515625
1 0.62578125 0.1453125 0.01640625 0.03203125