1 0.26796875 0.25625 0.028125 0.0546875
1 0.3078125 0.23359375 0.0203125 0.04921875
1 0.3453125 0.22890625 0.0296875 0.05859375
1 0.40859375 0.2015625 0.01484375 0.04296875
1 0.43671875 0.23984375 0.0203125 0.0453125
1 0.440625 0.17890625 0.01953125 0.03359375
1 0.4515625 0.14453125 0.01640625 0.03125
1 0.47734375 0.178125 0.01953125 0.04296875
1 0.53984375 0.175 0.01640625 0.04140625
1 0.553125 0.18984375 0.0171875 0.0390625
1 0.60703125 0.13984375 0.0171875 0.04140625
1 0.62265625 0.128125 0.0125 0.03359375
1 0.66015625 0.16953125 0.0171875 0.04140625
1 0.66015625 0.22578125 0.02109375 0.04921875
1 0.609375 0.22109375 0.025 0.046875
1 0.62578125 0.26484375 0.0203125 0.0453125
1 0.6203125 0.325 0.03125 0.07421875
1 0.65859375 0.2984375 0.0265625 0.04921875
1 0.675 0.375 0.03203125 0.06484375
1 0.72734375 0.21953125 0.025 0.05859375
1 0.803125 0.2546875 0.02578125 0.05078125
1 0.865625 0.2703125 0.02265625 0.0546875
1 0.9203125 0.24765625 0.01953125 0.0453125