1 0.184375 0.47734375 0.04453125 0.084375
1 0.346875 0.26171875 0.01796875 0.03515625
1 0.36640625 0.26171875 0.01875 0.04453125
1 0.42265625 0.21875 0.01796875 0.03828125
1 0.45078125 0.2359375 0.021875 0.03359375
1 0.52578125 0.18359375 0.01640625 0.03515625
1 0.48828125 0.19296875 0.0203125 0.03984375
1 0.45234375 0.18671875 0.01796875 0.03125
1 0.4578125 0.14921875 0.01015625 0.01640625
1 0.46640625 0.16015625 0.01796875 0.03125
1 0.49453125 0.0953125 0.01015625 0.021875
1 0.534375 0.07421875 0.01875 0.025
1 0.63359375 0.08671875 0.02109375 0.03359375
1 0.65390625 0.10625 0.01875 0.0296875
1 0.6609375 0.08359375 0.01328125 0.025
1 0.7015625 0.08046875 0.0140625 0.028125
1 0.7671875 0.10390625 0.01640625 0.03515625
1 0.88359375 0.20859375 0.0171875 0.03515625
1 0.5609375 0.28125 0.0234375 0.0484375
1 0.55625 0.23203125 0.02265625 0.03828125
1 0.490625 0.30625 0.03046875 0.04453125
1 0.43046875 0.2703125 0.0265625 0.04453125