1 0.015625 0.525 0.0265625 0.0984375
1 0.0546875 0.54609375 0.040625 0.08125
1 0.09765625 0.51484375 0.05625 0.08671875
1 0.15546875 0.51875 0.053125 0.071875
1 0.15 0.2921875 0.05234375 0.071875
1 0.25 0.4890625 0.04921875 0.08359375
1 0.31875 0.4953125 0.04140625 0.08359375
1 0.40859375 0.484375 0.040625 0.0765625
1 0.4625 0.48828125 0.04140625 0.07421875
1 0.5484375 0.50625 0.0453125 0.07890625
1 0.6234375 0.4796875 0.05703125 0.08671875
1 0.8234375 0.36015625 0.11953125 0.20859375
1 0.8578125 0.08828125 0.1078125 0.16640625