1 0.07890625 0.4109375 0.03125 0.0640625
1 0.08359375 0.3703125 0.0296875 0.0640625
1 0.15546875 0.34296875 0.03046875 0.06171875
1 0.1671875 0.375 0.0359375 0.078125
1 0.19375 0.396875 0.04375 0.0796875
1 0.1890625 0.31328125 0.0296875 0.05625
1 0.24140625 0.28828125 0.03046875 0.06171875
1 0.2765625 0.27734375 0.0296875 0.06328125
1 0.296875 0.2625 0.0296875 0.06328125
1 0.30625 0.3203125 0.03828125 0.07265625
1 0.33203125 0.35390625 0.03984375 0.07578125
1 0.375 0.39609375 0.0484375 0.10078125
1 0.46328125 0.4421875 0.05390625 0.10078125