1 0.11953125 0.54375 0.03203125 0.05390625
1 0.2859375 0.60625 0.059375 0.1
1 0.334375 0.60234375 0.05 0.08125
1 0.41953125 0.6296875 0.0875 0.12890625
1 0.5390625 0.7234375 0.0984375 0.15390625
1 0.44296875 0.5796875 0.04140625 0.06796875
1 0.53125 0.59921875 0.0453125 0.07734375
1 0.525 0.56015625 0.0515625 0.0609375
1 0.5875 0.61484375 0.05859375 0.0890625
1 0.68828125 0.46015625 0.084375 0.096875
1 0.81484375 0.79140625 0.14375 0.24921875
1 0.8046875 0.6671875 0.10390625 0.15078125
1 0.96953125 0.66328125 0.06015625 0.13828125