1 0.2625 0.2359375 0.02109375 0.0515625
1 0.33203125 0.159375 0.01328125 0.03515625
1 0.14140625 0.2421875 0.0171875 0.0421875
1 0.41328125 0.23203125 0.01640625 0.03359375
1 0.4578125 0.23046875 0.0171875 0.040625
1 0.56953125 0.175 0.01328125 0.0390625
1 0.56953125 0.2015625 0.01640625 0.0390625
1 0.67734375 0.18046875 0.01640625 0.0390625
1 0.68828125 0.22734375 0.0171875 0.04453125
1 0.63125 0.22890625 0.0203125 0.04453125
1 0.63515625 0.26875 0.01796875 0.04921875
1 0.95234375 0.24609375 0.0171875 0.040625