1 0.08671875 0.315625 0.04609375 0.0953125
1 0.12734375 0.37734375 0.05390625 0.0875
1 0.24296875 0.3609375 0.059375 0.10390625
1 0.34375 0.36328125 0.04765625 0.0875
1 0.44609375 0.38125 0.04609375 0.07890625
1 0.5421875 0.371875 0.04453125 0.08203125
1 0.5734375 0.378125 0.0328125 0.06796875
1 0.66328125 0.39765625 0.040625 0.0625
1 0.734375 0.39453125 0.0390625 0.06796875
1 0.7703125 0.39765625 0.02265625 0.04609375
1 0.79375 0.3890625 0.0390625 0.084375
1 0.865625 0.37265625 0.0296875 0.06796875
1 0.89921875 0.371875 0.04453125 0.09296875
1 0.9265625 0.3796875 0.04296875 0.08203125