1 0.05078125 0.7546875 0.05859375 0.09453125
1 0.046875 0.68515625 0.046875 0.06796875
1 0.05546875 0.634375 0.03203125 0.05
1 0.1109375 0.64375 0.0484375 0.07421875
1 0.18671875 0.75 0.06328125 0.09765625
1 0.16484375 0.71171875 0.04296875 0.06796875
1 0.15859375 0.6734375 0.03359375 0.05625
1 0.253125 0.67890625 0.03671875 0.07421875
1 0.2765625 0.7265625 0.05 0.09140625
1 0.31796875 0.78984375 0.06015625 0.09453125
1 0.296875 0.65390625 0.0296875 0.07109375
1 0.32265625 0.65859375 0.03203125 0.0625
1 0.35703125 0.68359375 0.03984375 0.0828125
1 0.4 0.70859375 0.05 0.09140625
1 0.4546875 0.721875 0.03984375 0.0765625
1 0.4625 0.65703125 0.03515625 0.07109375
1 0.50703125 0.69375 0.03359375 0.0625
1 0.55546875 0.69375 0.03203125 0.05625
1 0.26484375 0.53828125 0.0296875 0.059375
1 0.671875 0.81484375 0.06015625 0.109375
1 0.71328125 0.76640625 0.05 0.09453125
1 0.73203125 0.6984375 0.03359375 0.059375
1 0.75078125 0.7015625 0.03203125 0.07109375
1 0.825 0.79296875 0.053125 0.10078125
1 0.83359375 0.746875 0.04296875 0.06796875
1 0.8421875 0.71328125 0.03515625 0.053125
1 0.8640625 0.70859375 0.03203125 0.05625