1 0.0171875 0.3671875 0.03203125 0.0703125
1 0.078125 0.43984375 0.07890625 0.115625
1 0.11640625 0.45078125 0.046875 0.09765625
1 0.10859375 0.36796875 0.06015625 0.08828125
1 0.19140625 0.4 0.046875 0.08828125
1 0.0984375 0.55234375 0.09296875 0.14765625
1 0.07578125 0.8421875 0.146875 0.2640625
1 0.265625 0.48984375 0.06796875 0.10390625
1 0.29921875 0.55 0.0890625 0.15625
1 0.346875 0.41015625 0.053125 0.0921875
1 0.36640625 0.37421875 0.04296875 0.07578125
1 0.4875 0.33203125 0.0359375 0.07578125
1 0.54453125 0.36015625 0.04375 0.084375
1 0.58828125 0.34609375 0.03984375 0.07578125
1 0.6765625 0.37109375 0.0546875 0.10234375
1 0.525 0.678125 0.109375 0.17578125
1 0.73359375 0.62578125 0.10390625 0.15625
1 0.8421875 0.428125 0.065625 0.11171875
1 0.89375 0.43125 0.084375 0.15390625