1 0.21015625 0.471875 0.04375 0.0796875
1 0.30625 0.23828125 0.01875 0.04140625
1 0.32421875 0.18203125 0.01328125 0.02265625
1 0.3390625 0.2109375 0.0109375 0.03125
1 0.4109375 0.16328125 0.01171875 0.01875
1 0.42578125 0.17421875 0.0125 0.02421875
1 0.4375 0.22890625 0.0203125 0.0296875
1 0.45 0.18046875 0.01953125 0.0296875
1 0.453125 0.146875 0.01328125 0.02734375
1 0.4953125 0.21171875 0.0203125 0.0328125
1 0.4890625 0.32890625 0.02265625 0.0328125
1 0.559375 0.31328125 0.02421875 0.05390625
1 0.5984375 0.325 0.02265625 0.05546875
1 0.6359375 0.34765625 0.0265625 0.05
1 0.6421875 0.24765625 0.01875 0.0359375
1 0.58203125 0.24765625 0.0203125 0.04296875
1 0.6609375 0.31015625 0.0203125 0.0359375
1 0.70078125 0.25625 0.02109375 0.0359375
1 0.68125 0.2140625 0.01640625 0.034375
1 0.62734375 0.20390625 0.0171875 0.034375
1 0.659375 0.18203125 0.015625 0.0359375
1 0.5859375 0.178125 0.01640625 0.02734375
1 0.52109375 0.175 0.02109375 0.0328125
1 0.49921875 0.16171875 0.0171875 0.0296875
1 0.47734375 0.14765625 0.01328125 0.02578125
1 0.52421875 0.103125 0.01171875 0.0296875
1 0.58515625 0.1125 0.01328125 0.03125
1 0.56640625 0.146875 0.015625 0.034375
1 0.62578125 0.14140625 0.0125 0.03125
1 0.6015625 0.12265625 0.01484375 0.02734375
1 0.60703125 0.06015625 0.0125 0.02421875
1 0.65546875 0.10625 0.0125 0.02265625
1 0.68359375 0.103125 0.01171875 0.02265625
1 0.69921875 0.12109375 0.01171875 0.02109375
1 0.6671875 0.121875 0.009375 0.02578125
1 0.6359375 0.1203125 0.01484375 0.02578125
1 0.52265625 0.13671875 0.0171875 0.02421875
1 0.53828125 0.13984375 0.01171875 0.02421875
1 0.77578125 0.13828125 0.01171875 0.02421875
1 0.75625 0.1578125 0.0109375 0.0328125
1 0.77421875 0.18984375 0.0125 0.03125
1 0.77265625 0.27109375 0.02265625 0.04453125
1 0.81171875 0.2546875 0.01953125 0.0328125
1 0.80546875 0.21640625 0.01328125 0.03984375
1 0.82109375 0.22109375 0.01640625 0.04140625
1 0.80546875 0.18515625 0.01875 0.02421875
1 0.91796875 0.16953125 0.01484375 0.03125
1 0.9375 0.20234375 0.0109375 0.03125
1 0.89375 0.1953125 0.01875 0.02421875
1 0.865625 0.2109375 0.01953125 0.03125
1 0.84765625 0.20625 0.0125 0.04296875
1 0.87109375 0.29375 0.0203125 0.04453125
1 0.89375 0.23203125 0.01484375 0.046875
1 0.91640625 0.25390625 0.015625 0.04140625
1 0.9125 0.36328125 0.025 0.05
1 0.85234375 0.371875 0.0203125 0.046875
1 0.79375 0.396875 0.03046875 0.0515625
1 0.88671875 0.4453125 0.03125 0.065625
1 0.7375 0.18125 0.01640625 0.03828125
1 0.61640625 0.10546875 0.01171875 0.02734375
1 0.8328125 0.19609375 0.01484375 0.0359375
1 0.82734375 0.17421875 0.01484375 0.03125
1 0.878125 0.159375 0.0125 0.0328125
1 0.8671875 0.1859375 0.0125 0.0328125
1 0.546875 0.1703125 0.01640625 0.0328125
1 0.71015625 0.1734375 0.01484375 0.02578125