1 0.159375 0.35078125 0.13125 0.21328125
1 0.18125 0.746875 0.196875 0.29765625
1 0.271875 0.64921875 0.0765625 0.1265625
1 0.32265625 0.634375 0.05390625 0.1
1 0.4234375 0.6296875 0.0875 0.1390625
1 0.46875 0.6859375 0.0359375 0.06328125
1 0.45703125 0.64609375 0.03671875 0.08125
1 0.51953125 0.86953125 0.1953125 0.2609375
1 0.60234375 0.6609375 0.06640625 0.1078125
1 0.6515625 0.6953125 0.09921875 0.17109375
1 0.75859375 0.69921875 0.06953125 0.11796875
1 0.84140625 0.69609375 0.06171875 0.0859375
1 0.71875 0.684375 0.05546875 0.084375
1 0.94140625 0.35859375 0.1125 0.209375