1 0.11484375 0.5890625 0.06640625 0.09375
1 0.06875 0.5453125 0.04609375 0.06875
1 0.06015625 0.4984375 0.03359375 0.05
1 0.03984375 0.4859375 0.02890625 0.05
1 0.01484375 0.5171875 0.025 0.06875
1 0.11328125 0.465625 0.03125 0.053125
1 0.12734375 0.50625 0.03359375 0.053125
1 0.16015625 0.5296875 0.04609375 0.06875
1 0.15546875 0.475 0.03125 0.040625
1 0.21328125 0.4984375 0.03984375 0.0625
1 0.20546875 0.453125 0.03125 0.046875
1 0.26171875 0.5421875 0.05625 0.0875
1 0.25078125 0.63359375 0.07265625 0.12578125
1 0.25078125 0.4671875 0.02734375 0.04375
1 0.2625 0.44375 0.025 0.040625
1 0.30234375 0.4578125 0.03359375 0.04375
1 0.31953125 0.453125 0.02265625 0.040625
1 0.35 0.50625 0.04140625 0.071875
1 0.37578125 0.5828125 0.05234375 0.1
1 0.359375 0.446875 0.02734375 0.046875
1 0.37578125 0.4765625 0.02734375 0.04375
1 0.41328125 0.4734375 0.02734375 0.04375
1 0.440625 0.478125 0.02734375 0.053125
1 0.45625 0.45 0.02890625 0.053125
1 0.48046875 0.4625 0.02734375 0.059375
1 0.47890625 0.534375 0.05 0.084375
1 0.53203125 0.496875 0.03984375 0.059375
1 0.53828125 0.459375 0.02265625 0.046875
1 0.58359375 0.471875 0.0375 0.059375
1 0.63671875 0.490625 0.04375 0.071875
1 0.61953125 0.4703125 0.03125 0.05
1 0.678125 0.4796875 0.03515625 0.06875
1 0.86171875 0.32265625 0.11484375 0.18203125