1 0.04140625 0.6140625 0.078125 0.12734375
1 0.16328125 0.6953125 0.121875 0.18359375
1 0.1390625 0.5515625 0.0640625 0.0796875
1 0.1625 0.5046875 0.04921875 0.06796875
1 0.29140625 0.27109375 0.0359375 0.05
1 0.2375 0.61796875 0.07109375 0.1125
1 0.28984375 0.5515625 0.05546875 0.0859375
1 0.3140625 0.50859375 0.06015625 0.0765625
1 0.5859375 0.49140625 0.046875 0.06484375
1 0.6421875 0.54296875 0.053125 0.09140625
1 0.7203125 0.57421875 0.07109375 0.1125
1 0.7625 0.54296875 0.04921875 0.0796875
1 0.71796875 0.49375 0.04453125 0.07109375
1 0.8578125 0.68515625 0.10703125 0.15703125
1 0.91328125 0.58125 0.07109375 0.109375
1 0.9421875 0.48359375 0.0578125 0.0796875