1 0.1640625 0.33671875 0.03671875 0.05859375
1 0.278125 0.25 0.01640625 0.03515625
1 0.29375 0.26171875 0.0234375 0.03515625
1 0.2984375 0.23046875 0.01875 0.03671875
1 0.359375 0.253125 0.02109375 0.03828125
1 0.34296875 0.234375 0.01484375 0.03046875
1 0.37421875 0.27265625 0.01953125 0.03671875
1 0.38046875 0.225 0.01953125 0.0421875
1 0.365625 0.18359375 0.015625 0.03359375
1 0.3921875 0.18828125 0.01484375 0.03203125
1 0.403125 0.19375 0.01796875 0.03671875
1 0.4109375 0.16953125 0.01875 0.03515625
1 0.44375 0.18828125 0.02421875 0.0453125
1 0.4375 0.2171875 0.021875 0.04375
1 0.4609375 0.2265625 0.0203125 0.0421875
1 0.45 0.15078125 0.0140625 0.03359375
1 0.43984375 0.14921875 0.0140625 0.03359375
1 0.4640625 0.15078125 0.015625 0.03671875
1 0.47578125 0.17734375 0.01796875 0.03984375
1 0.4890625 0.159375 0.015625 0.03515625
1 0.503125 0.1796875 0.01875 0.0421875
1 0.51171875 0.15703125 0.01328125 0.03671875
1 0.515625 0.1359375 0.01796875 0.025
1 0.50546875 0.1171875 0.01328125 0.0265625
1 0.53046875 0.11640625 0.0140625 0.028125
1 0.56015625 0.1125 0.0140625 0.028125
1 0.5671875 0.12265625 0.0140625 0.028125
1 0.58125 0.134375 0.01640625 0.03203125
1 0.571875 0.16015625 0.02109375 0.03671875
1 0.60390625 0.15390625 0.01875 0.03359375
1 0.58984375 0.1078125 0.01796875 0.03203125
1 0.59609375 0.0921875 0.015625 0.03046875
1 0.61796875 0.0921875 0.01328125 0.03046875
1 0.61328125 0.12578125 0.01171875 0.03046875
1 0.6421875 0.1296875 0.01171875 0.025
1 0.646875 0.11171875 0.01171875 0.0265625
1 0.640625 0.0921875 0.0140625 0.03046875
1 0.67109375 0.0953125 0.0140625 0.03046875
1 0.69453125 0.09453125 0.01484375 0.03203125
1 0.5390625 0.18515625 0.02109375 0.0421875
1 0.50546875 0.28671875 0.0296875 0.06171875
1 0.54296875 0.328125 0.03125 0.05703125
1 0.5578125 0.24609375 0.025 0.046875
1 0.60703125 0.31015625 0.03125 0.06875
1 0.6015625 0.2765625 0.0234375 0.0453125
1 0.628125 0.19375 0.02109375 0.04375
1 0.65234375 0.16015625 0.0203125 0.03984375
1 0.6734375 0.153125 0.01640625 0.03828125
1 0.696875 0.1765625 0.01953125 0.03828125
1 0.67109375 0.19921875 0.02109375 0.046875
1 0.7265625 0.23671875 0.0265625 0.0515625
1 0.71640625 0.22265625 0.01953125 0.04375
1 0.72734375 0.1859375 0.0203125 0.04375
1 0.721875 0.165625 0.015625 0.03046875
1 0.746875 0.13515625 0.015625 0.03046875
1 0.746875 0.11484375 0.01640625 0.03203125
1 0.75234375 0.21015625 0.02578125 0.0515625
1 0.77578125 0.1953125 0.01875 0.046875
1 0.7765625 0.14765625 0.01953125 0.0484375
1 0.765625 0.12734375 0.01484375 0.03359375
1 0.79609375 0.14140625 0.01953125 0.0421875
1 0.82734375 0.13515625 0.01640625 0.03671875
1 0.82890625 0.10546875 0.015625 0.0265625
1 0.859375 0.140625 0.01484375 0.03671875
1 0.86328125 0.11796875 0.0109375 0.025
1 0.8484375 0.16875 0.02109375 0.03984375
1 0.82890625 0.2015625 0.02109375 0.0515625
1 0.80546875 0.2328125 0.0203125 0.046875
1 0.7828125 0.2640625 0.03125 0.06328125
1 0.74296875 0.3296875 0.03984375 0.08359375
1 0.684375 0.31328125 0.0359375 0.075
1 0.81640625 0.34453125 0.0390625 0.0671875
1 0.8328125 0.29453125 0.0265625 0.0671875
1 0.87265625 0.2625 0.02109375 0.053125
1 0.89453125 0.34609375 0.034375 0.0703125
1 0.9 0.29296875 0.0296875 0.05703125
1 0.90859375 0.24609375 0.0234375 0.05
1 0.9203125 0.2109375 0.0140625 0.03359375
1 0.878125 0.203125 0.01640625 0.0453125
1 0.896875 0.17109375 0.01796875 0.03515625
1 0.884375 0.14921875 0.015625 0.03046875
1 0.88984375 0.1296875 0.01484375 0.028125
1 0.925 0.15078125 0.01640625 0.03671875