1 0.11953125 0.5140625 0.03984375 0.07421875
1 0.21015625 0.3265625 0.0171875 0.03125
1 0.2375 0.34921875 0.01875 0.03984375
1 0.2640625 0.37265625 0.0203125 0.0375
1 0.26796875 0.2984375 0.015625 0.03046875
1 0.30234375 0.315625 0.0171875 0.02734375
1 0.31640625 0.35 0.01875 0.0328125
1 0.33515625 0.32109375 0.0171875 0.03125
1 0.33671875 0.284375 0.0171875 0.03046875
1 0.36328125 0.33515625 0.01953125 0.034375
1 0.39296875 0.31953125 0.0203125 0.034375
1 0.38984375 0.2875 0.0171875 0.0328125
1 0.375 0.25078125 0.0140625 0.02578125
1 0.4109375 0.2484375 0.0125 0.02421875
1 0.42890625 0.25 0.0140625 0.02421875
1 0.4359375 0.33046875 0.021875 0.0359375
1 0.41640625 0.3046875 0.01640625 0.03046875
1 0.45703125 0.2953125 0.01484375 0.02265625
1 0.46484375 0.25078125 0.01484375 0.02265625
1 0.453125 0.23125 0.01171875 0.021875
1 0.45546875 0.22265625 0.0125 0.01875
1 0.49453125 0.25234375 0.01484375 0.02578125
1 0.49921875 0.2375 0.01328125 0.0203125
1 0.54453125 0.21328125 0.0125 0.02265625
1 0.55859375 0.20703125 0.01484375 0.021875
1 0.5296875 0.25859375 0.015625 0.03046875
1 0.54453125 0.271875 0.01640625 0.03046875
1 0.56484375 0.2546875 0.01484375 0.02890625
1 0.5890625 0.2375 0.01328125 0.02578125
1 0.590625 0.20859375 0.01328125 0.02421875
1 0.59609375 0.19609375 0.0125 0.02265625
1 0.61640625 0.2015625 0.0125 0.02421875
1 0.62734375 0.2125 0.01171875 0.02421875
1 0.62578125 0.2296875 0.01171875 0.02421875
1 0.6609375 0.19765625 0.0125 0.02265625
1 0.66328125 0.21796875 0.01171875 0.02265625
1 0.6734375 0.21171875 0.01171875 0.02265625
1 0.4875 0.31484375 0.01640625 0.03125
1 0.465625 0.38984375 0.025 0.0484375
1 0.53359375 0.40078125 0.02578125 0.04609375
1 0.52578125 0.34296875 0.02265625 0.0390625
1 0.571875 0.4453125 0.03203125 0.065625
1 0.62421875 0.45546875 0.0328125 0.065625
1 0.60546875 0.34921875 0.0203125 0.0390625
1 0.5890625 0.31484375 0.01875 0.034375
1 0.62265625 0.2890625 0.01640625 0.02890625
1 0.64453125 0.34921875 0.02265625 0.04140625
1 0.66171875 0.2609375 0.01484375 0.02890625
1 0.665625 0.29921875 0.021875 0.03984375
1 0.6953125 0.2359375 0.0140625 0.0328125
1 0.69453125 0.284375 0.01875 0.0328125
1 0.6828125 0.34375 0.02265625 0.0515625
1 0.7140625 0.3859375 0.02734375 0.04765625
1 0.690625 0.528125 0.03359375 0.06484375
1 0.79453125 0.553125 0.03203125 0.071875
1 0.8328125 0.4578125 0.028125 0.05625
1 0.778125 0.4078125 0.0265625 0.04453125
1 0.91953125 0.45703125 0.02734375 0.0546875
1 0.84453125 0.40078125 0.02265625 0.04453125
1 0.92578125 0.390625 0.0203125 0.0390625
1 0.91171875 0.31015625 0.015625 0.03046875
1 0.92890625 0.29765625 0.01640625 0.03046875
1 0.92890625 0.26015625 0.0125 0.02734375
1 0.88984375 0.26640625 0.01484375 0.03125
1 0.8828125 0.30546875 0.01328125 0.034375
1 0.865625 0.32421875 0.01640625 0.0359375
1 0.83984375 0.29921875 0.01484375 0.03125
1 0.84765625 0.26015625 0.0171875 0.0328125
1 0.87265625 0.24453125 0.01171875 0.02421875
1 0.8375 0.2453125 0.0140625 0.02265625
1 0.80859375 0.26015625 0.01328125 0.02421875
1 0.8015625 0.228125 0.0125 0.02734375
1 0.78671875 0.284375 0.02109375 0.0359375
1 0.76875 0.2765625 0.01875 0.0375
1 0.7765625 0.25234375 0.01328125 0.02890625
1 0.77265625 0.2265625 0.01484375 0.02890625
1 0.728125 0.24453125 0.01328125 0.0328125
1 0.72734375 0.228125 0.01328125 0.02265625
1 0.7375 0.22578125 0.0109375 0.02421875
1 0.80234375 0.34921875 0.01953125 0.0359375
1 0.803125 0.32578125 0.0171875 0.02734375