1 0.0625 0.4203125 0.03359375 0.08359375
1 0.0875 0.428125 0.0453125 0.0953125
1 0.31484375 0.196875 0.025 0.053125
1 0.32265625 0.24140625 0.02109375 0.04140625
1 0.3625 0.22265625 0.0265625 0.05546875
1 0.39140625 0.20390625 0.02109375 0.04375
1 0.515625 0.28828125 0.028125 0.05546875
1 0.5484375 0.28984375 0.028125 0.06484375
1 0.8484375 0.47734375 0.053125 0.1234375
1 0.62421875 0.2796875 0.0328125 0.06171875
1 0.6046875 0.17578125 0.0265625 0.0515625
1 0.5796875 0.146875 0.0234375 0.04375
1 0.61328125 0.125 0.02109375 0.04375
1 0.65 0.13359375 0.02578125 0.046875
1 0.66171875 0.19609375 0.034375 0.05546875
1 0.6984375 0.19375 0.02265625 0.04375