1 0.07734375 0.36328125 0.03984375 0.07890625
1 0.275 0.19609375 0.01875 0.03515625
1 0.29921875 0.203125 0.01875 0.0421875
1 0.3109375 0.18828125 0.02265625 0.0453125
1 0.40625 0.17578125 0.02578125 0.0609375
1 0.48984375 0.17890625 0.03046875 0.0578125
1 0.50546875 0.1578125 0.02265625 0.0546875
1 0.540625 0.15 0.0234375 0.0453125
1 0.5703125 0.1640625 0.025 0.0515625
1 0.57265625 0.28046875 0.03046875 0.0609375
1 0.628125 0.25859375 0.034375 0.06640625
1 0.68203125 0.28671875 0.04453125 0.08984375
1 0.7875 0.22734375 0.02890625 0.0640625
1 0.59921875 0.2421875 0.02421875 0.05