1 0.14609375 0.39140625 0.065625 0.12578125
1 0.2953125 0.3828125 0.08046875 0.14296875
1 0.43984375 0.37265625 0.078125 0.1296875
1 0.54140625 0.365625 0.0765625 0.1296875
1 0.65 0.35 0.05859375 0.1046875
1 0.7875 0.3546875 0.0671875 0.115625
1 0.90234375 0.3390625 0.06953125 0.1328125
1 0.86171875 0.146875 0.06328125 0.11875
1 0.77890625 0.15234375 0.05859375 0.115625
1 0.6828125 0.134375 0.06328125 0.10859375
1 0.6046875 0.1203125 0.06328125 0.12265625
1 0.50234375 0.12265625 0.05859375 0.1046875
1 0.40234375 0.10703125 0.0671875 0.12265625
1 0.2984375 0.11875 0.07421875 0.1328125
1 0.19140625 0.1 0.06953125 0.13671875
1 0.10859375 0.10703125 0.078125 0.1296875