1 0.33125 0.19140625 0.02109375 0.03125
1 0.34453125 0.16796875 0.0203125 0.040625
1 0.48671875 0.19140625 0.0328125 0.06328125
1 0.55625 0.1890625 0.0203125 0.05078125
1 0.57734375 0.2296875 0.028125 0.0546875
1 0.6171875 0.1859375 0.02421875 0.04921875
1 0.64453125 0.2265625 0.02421875 0.04921875
1 0.6890625 0.23203125 0.025 0.05234375
1 0.7515625 0.2796875 0.025 0.05625
1 0.76953125 0.24765625 0.02421875 0.05625
1 0.8296875 0.153125 0.02265625 0.04921875
1 0.82578125 0.24765625 0.02265625 0.059375
1 0.82265625 0.31015625 0.02890625 0.07578125
1 0.91171875 0.32890625 0.034375 0.0875
1 0.93203125 0.28359375 0.03515625 0.07578125