1 0.9078125 0.85703125 0.175 0.2859375
1 0.7203125 0.37578125 0.13515625 0.22578125
1 0.5765625 0.56796875 0.07265625 0.13515625
1 0.64140625 0.5015625 0.0625 0.11640625
1 0.35625 0.29921875 0.1078125 0.2140625
1 0.44609375 0.4453125 0.05234375 0.1015625
1 0.5046875 0.3875 0.03515625 0.06796875
1 0.56015625 0.3875 0.0296875 0.05234375
1 0.5734375 0.3515625 0.02734375 0.04921875
1 0.51015625 0.33046875 0.0296875 0.06015625
1 0.86875 0.42265625 0.0375 0.0640625
1 0.90625 0.35703125 0.02265625 0.0453125
1 0.94375 0.35546875 0.0328125 0.05625
1 0.975 0.3796875 0.0296875 0.06015625
1 0.95703125 0.55 0.0859375 0.20625
1 0.2625 0.42265625 0.05 0.07109375
1 0.21484375 0.42265625 0.03984375 0.07109375
1 0.18359375 0.44765625 0.0421875 0.06796875
1 0.1828125 0.55234375 0.0953125 0.15
1 0.0640625 0.7390625 0.12265625 0.2515625
1 0.02109375 0.434375 0.0375 0.08671875
1 0.04375 0.4 0.0375 0.05625
1 0.0703125 0.38125 0.03515625 0.05625
1 0.09765625 0.41328125 0.0453125 0.06796875
1 0.14765625 0.37578125 0.0453125 0.06796875