1 0.0578125 0.30234375 0.0171875 0.04296875
1 0.03515625 0.45234375 0.028125 0.078125
1 0.18125 0.37421875 0.08125 0.18671875
1 0.36875 0.27265625 0.08046875 0.22734375
1 0.2546875 0.4203125 0.0265625 0.05703125
1 0.259375 0.5015625 0.03203125 0.078125
1 0.5359375 0.30546875 0.065625 0.17265625
1 0.62890625 0.3375 0.04296875 0.1078125
1 0.6546875 0.38515625 0.0546875 0.1328125
1 0.73359375 0.37578125 0.0546875 0.15703125
1 0.8046875 0.46640625 0.046875 0.1109375
1 0.88046875 0.36484375 0.04921875 0.10234375