1 0.1265625 0.3640625 0.040625 0.08671875
1 0.278125 0.21953125 0.02109375 0.03125
1 0.309375 0.228125 0.01796875 0.03671875
1 0.3375 0.18125 0.015625 0.03359375
1 0.334375 0.2359375 0.01875 0.03515625
1 0.36796875 0.18828125 0.01328125 0.03515625
1 0.37578125 0.16015625 0.01328125 0.028125
1 0.3734375 0.23046875 0.01953125 0.0390625
1 0.40234375 0.1984375 0.01796875 0.03359375
1 0.41953125 0.20078125 0.02109375 0.03515625
1 0.4015625 0.23515625 0.01640625 0.03359375
1 0.42109375 0.2484375 0.02109375 0.03671875
1 0.44609375 0.203125 0.02421875 0.0390625
1 0.41484375 0.16484375 0.01640625 0.0296875
1 0.44296875 0.1640625 0.015625 0.03125
1 0.48203125 0.1859375 0.021875 0.03515625
1 0.48671875 0.14609375 0.0125 0.0296875
1 0.5015625 0.11953125 0.01015625 0.02421875
1 0.52265625 0.13359375 0.01484375 0.01875
1 0.55234375 0.1265625 0.01328125 0.0203125
1 0.51328125 0.153125 0.015625 0.028125
1 0.52109375 0.18046875 0.01875 0.03515625
1 0.54375 0.15859375 0.015625 0.03515625
1 0.56484375 0.15625 0.01796875 0.0390625
1 0.55703125 0.184375 0.015625 0.03125
1 0.59140625 0.16015625 0.01640625 0.03515625
1 0.60625 0.14609375 0.01796875 0.0296875
1 0.60078125 0.11796875 0.015625 0.028125
1 0.6328125 0.11328125 0.01484375 0.021875
1 0.6484375 0.10546875 0.0125 0.02578125
1 0.634375 0.15078125 0.01484375 0.028125
1 0.65859375 0.15 0.01484375 0.02578125
1 0.6875 0.10625 0.0125 0.02421875
1 0.6953125 0.12421875 0.01640625 0.02578125
1 0.7140625 0.109375 0.0125 0.02578125
1 0.6203125 0.209375 0.02109375 0.040625
1 0.57109375 0.24375 0.02421875 0.05
1 0.64375 0.24140625 0.021875 0.05390625
1 0.67265625 0.21796875 0.02578125 0.05
1 0.66875 0.1796875 0.01796875 0.040625
1 0.71328125 0.18125 0.01796875 0.03671875
1 0.73046875 0.14609375 0.01484375 0.03671875
1 0.75234375 0.13125 0.01484375 0.0296875
1 0.778125 0.13359375 0.01328125 0.021875
1 0.80078125 0.14375 0.01328125 0.028125
1 0.82265625 0.13203125 0.01328125 0.028125
1 0.87890625 0.11328125 0.01640625 0.03359375
1 0.93046875 0.1109375 0.01796875 0.03359375
1 0.90703125 0.17109375 0.01484375 0.03125
1 0.93984375 0.16796875 0.01171875 0.02421875
1 0.95 0.184375 0.01640625 0.02421875
1 0.896875 0.18828125 0.01640625 0.03125
1 0.87578125 0.18984375 0.01796875 0.03515625
1 0.86171875 0.13984375 0.0125 0.0203125
1 0.846875 0.15 0.021875 0.02578125
1 0.8296875 0.178125 0.01796875 0.03359375
1 0.79453125 0.16953125 0.01796875 0.02421875
1 0.8125 0.19140625 0.021875 0.03515625
1 0.79453125 0.21015625 0.021875 0.04296875
1 0.75703125 0.19609375 0.015625 0.03671875
1 0.73984375 0.18125 0.01640625 0.03359375
1 0.73984375 0.24140625 0.01875 0.0390625
1 0.76796875 0.24609375 0.02109375 0.03671875
1 0.696875 0.25859375 0.02734375 0.05
1 0.7015625 0.31953125 0.03671875 0.06875
1 0.7546875 0.36640625 0.03359375 0.0515625
1 0.79453125 0.303125 0.02578125 0.04609375
1 0.83515625 0.2453125 0.01953125 0.04609375
1 0.8453125 0.22109375 0.01484375 0.03515625
1 0.93203125 0.34921875 0.025 0.05703125
1 0.93984375 0.2609375 0.01484375 0.03671875
1 0.93046875 0.21796875 0.01875 0.0390625
1 0.89921875 0.24453125 0.01875 0.0484375
1 0.90546875 0.2140625 0.01640625 0.03515625