1 0.1109375 0.4578125 0.09609375 0.14375
1 0.2796875 0.49453125 0.09296875 0.13515625
1 0.246875 0.3421875 0.05625 0.09453125
1 0.31171875 0.29765625 0.0453125 0.0765625
1 0.3625 0.34375 0.06640625 0.1
1 0.4296875 0.24765625 0.04140625 0.06796875
1 0.4625 0.28046875 0.04765625 0.065625
1 0.52734375 0.26015625 0.04140625 0.06796875
1 0.54609375 0.38671875 0.065625 0.08359375
1 0.6296875 0.296875 0.05703125 0.0890625
1 0.66171875 0.50625 0.09609375 0.15859375
1 0.803125 0.55625 0.1109375 0.1515625
1 0.9203125 0.46328125 0.0890625 0.140625
1 0.8703125 0.28984375 0.05234375 0.08515625
1 0.77265625 0.27109375 0.03828125 0.0625
1 0.70546875 0.40234375 0.06171875 0.103125