1 0.04609375 0.4109375 0.040625 0.06796875
1 0.0765625 0.415625 0.0421875 0.07265625
1 0.13203125 0.47890625 0.06171875 0.1171875
1 0.21875 0.51015625 0.08125 0.153125
1 0.2984375 0.3734375 0.0265625 0.046875
1 0.3390625 0.4125 0.03828125 0.06171875
1 0.384375 0.6515625 0.10859375 0.22890625
1 0.4171875 0.41484375 0.03203125 0.06640625
1 0.43671875 0.44140625 0.04375 0.07734375
1 0.5171875 0.4203125 0.02578125 0.05390625
1 0.54765625 0.4265625 0.028125 0.05703125
1 0.5859375 0.46015625 0.03828125 0.07734375
1 0.62421875 0.51640625 0.0609375 0.11796875
1 0.6078125 0.440625 0.0296875 0.05703125
1 0.6421875 0.4375 0.03359375 0.06640625
1 0.7 0.5 0.05390625 0.096875
1 0.70703125 0.42109375 0.03984375 0.0734375
1 0.8359375 0.56640625 0.08046875 0.14375
1 0.82421875 0.47578125 0.03828125 0.07109375
1 0.9265625 0.484375 0.0578125 0.10078125