1 0.07734375 0.684375 0.05390625 0.08046875
1 0.12265625 0.73359375 0.0625 0.1
1 0.05 0.821875 0.07890625 0.11640625
1 0.21875 0.68203125 0.05 0.08046875
1 0.34375 0.8515625 0.06640625 0.125
1 0.34765625 0.75390625 0.05859375 0.08046875
1 0.38125 0.696875 0.0375 0.06640625
1 0.49140625 0.696875 0.04140625 0.0609375
1 0.52734375 0.75703125 0.05 0.08046875
1 0.53984375 0.84296875 0.0625 0.096875
1 0.575 0.94609375 0.09140625 0.096875
1 0.675 0.715625 0.04140625 0.05859375
1 0.75 0.54140625 0.04140625 0.06640625
1 0.73203125 0.771875 0.04765625 0.071875
1 0.78984375 0.70390625 0.04609375 0.075
1 0.82578125 0.83203125 0.06015625 0.103125
1 0.86171875 0.75859375 0.04765625 0.08359375