1 0.078125 0.63828125 0.15546875 0.409375
1 0.184375 0.5171875 0.0375 0.0765625
1 0.2375 0.5296875 0.03671875 0.0765625
1 0.2953125 0.5859375 0.09296875 0.2109375
1 0.359375 0.56484375 0.05390625 0.11796875
1 0.41484375 0.49296875 0.05625 0.0890625
1 0.415625 0.38125 0.04375 0.090625
1 0.484375 0.54140625 0.02734375 0.05859375
1 0.5796875 0.6671875 0.1609375 0.384375
1 0.71484375 0.59609375 0.0421875 0.096875
1 0.7015625 0.5546875 0.04765625 0.08203125
1 0.6640625 0.553125 0.03359375 0.071875
1 0.76875 0.6046875 0.0578125 0.12890625
1 0.80625 0.5734375 0.0359375 0.078125
1 0.86328125 0.615625 0.053125 0.103125
1 0.9453125 0.6671875 0.10703125 0.2375