1 0.20078125 0.36875 0.03671875 0.07421875
1 0.309375 0.2390625 0.0203125 0.03984375
1 0.32109375 0.2140625 0.0171875 0.02734375
1 0.35078125 0.18203125 0.015625 0.0328125
1 0.3625 0.196875 0.01484375 0.034375
1 0.41015625 0.2265625 0.01875 0.034375
1 0.43203125 0.18828125 0.015625 0.02734375
1 0.4125 0.17265625 0.015625 0.034375
1 0.45390625 0.1921875 0.01640625 0.0359375
1 0.46640625 0.2296875 0.02109375 0.03828125
1 0.4515625 0.15703125 0.01484375 0.03125
1 0.46875 0.14140625 0.01328125 0.03125
1 0.4765625 0.165625 0.01640625 0.02734375
1 0.503125 0.1625 0.01640625 0.03125
1 0.496875 0.140625 0.01171875 0.0296875
1 0.509375 0.14296875 0.0125 0.03125
1 0.54765625 0.1859375 0.01953125 0.03984375
1 0.55859375 0.196875 0.0171875 0.034375
1 0.53125 0.134375 0.01171875 0.02734375
1 0.5390625 0.13984375 0.01171875 0.02109375
1 0.54921875 0.146875 0.01171875 0.02421875
1 0.56875 0.1546875 0.01640625 0.0328125
1 0.58671875 0.18515625 0.01875 0.03828125
1 0.59140625 0.15390625 0.01640625 0.03828125
1 0.59140625 0.12421875 0.0125 0.03125
1 0.60078125 0.13359375 0.0125 0.0296875
1 0.61328125 0.11015625 0.01484375 0.03125
1 0.63125 0.1453125 0.015625 0.034375
1 0.6375 0.13046875 0.015625 0.0296875
1 0.6671875 0.13203125 0.009375 0.0296875
1 0.6734375 0.121875 0.01171875 0.02578125
1 0.6875 0.13125 0.009375 0.02421875
1 0.70078125 0.13046875 0.01328125 0.02265625
1 0.49140625 0.32734375 0.03125 0.05703125
1 0.56484375 0.32421875 0.028125 0.0640625
1 0.59296875 0.3171875 0.03203125 0.0640625
1 0.58203125 0.26796875 0.02421875 0.0515625
1 0.6265625 0.23671875 0.02109375 0.0484375
1 0.63359375 0.1859375 0.01640625 0.0296875
1 0.64765625 0.2671875 0.0234375 0.04296875
1 0.65078125 0.1640625 0.01640625 0.03125
1 0.66875 0.1953125 0.02109375 0.04140625
1 0.6796875 0.22265625 0.01953125 0.04140625
1 0.6671875 0.3171875 0.0203125 0.04296875
1 0.6984375 0.32265625 0.03046875 0.06875
1 0.72734375 0.23828125 0.02265625 0.04140625
1 0.7109375 0.1828125 0.0171875 0.034375
1 0.7375 0.18984375 0.01875 0.04140625
1 0.75546875 0.1640625 0.01484375 0.034375
1 0.76875 0.19375 0.01875 0.04140625
1 0.75390625 0.09140625 0.01484375 0.034375
1 0.7953125 0.190625 0.0171875 0.0359375
1 0.77578125 0.16953125 0.01328125 0.034375
1 0.74453125 0.16328125 0.01484375 0.0296875
1 0.80390625 0.21875 0.015625 0.03984375
1 0.81875 0.25234375 0.02109375 0.04453125
1 0.78203125 0.30546875 0.0265625 0.05546875
1 0.8015625 0.371875 0.03203125 0.07734375
1 0.853125 0.37578125 0.028125 0.05390625
1 0.90390625 0.428125 0.0328125 0.06875
1 0.828125 0.2265625 0.01953125 0.03828125
1 0.81875 0.203125 0.01328125 0.0359375
1 0.82890625 0.18671875 0.0125 0.02734375
1 0.8484375 0.19765625 0.01953125 0.03984375
1 0.86953125 0.22109375 0.0203125 0.04140625
1 0.86796875 0.18515625 0.015625 0.02734375
1 0.87734375 0.17421875 0.01171875 0.02421875
1 0.87421875 0.15546875 0.0109375 0.02109375
1 0.88125 0.20625 0.015625 0.0328125
1 0.8890625 0.23984375 0.0171875 0.0484375
1 0.8671875 0.2859375 0.0265625 0.05703125
1 0.91796875 0.3375 0.02265625 0.03984375
1 0.925 0.2546875 0.01953125 0.03984375
1 0.9390625 0.22109375 0.0125 0.03125
1 0.94140625 0.19375 0.0125 0.02734375
1 0.9203125 0.18046875 0.01328125 0.0328125