1 0.015625 0.4234375 0.021875 0.04453125
1 0.2390625 0.33046875 0.01640625 0.03515625
1 0.2671875 0.3390625 0.01484375 0.0375
1 0.29921875 0.34921875 0.015625 0.0359375
1 0.29140625 0.30625 0.015625 0.0359375
1 0.340625 0.36171875 0.01953125 0.03359375
1 0.3828125 0.3390625 0.01328125 0.025
1 0.375 0.3125 0.01484375 0.025
1 0.35625 0.29296875 0.0140625 0.0265625
1 0.40859375 0.33828125 0.01640625 0.03046875
1 0.43203125 0.3453125 0.01796875 0.03515625
1 0.4703125 0.3 0.015625 0.025
1 0.43671875 0.30234375 0.01640625 0.0296875
1 0.41328125 0.2921875 0.015625 0.03046875
1 0.396875 0.25625 0.0140625 0.0265625
1 0.4296875 0.25859375 0.01171875 0.02265625
1 0.446875 0.2625 0.01171875 0.028125
1 0.46015625 0.24375 0.009375 0.0234375
1 0.47265625 0.2328125 0.0109375 0.01796875
1 0.47578125 0.26484375 0.01328125 0.0234375
1 0.5078125 0.25703125 0.01171875 0.028125
1 0.53671875 0.24609375 0.01328125 0.03046875
1 0.52109375 0.24140625 0.0125 0.02265625
1 0.55234375 0.22265625 0.0125 0.0234375
1 0.5640625 0.24296875 0.0125 0.028125
1 0.578125 0.23828125 0.01171875 0.0265625
1 0.571875 0.21640625 0.01171875 0.01640625
1 0.61328125 0.19921875 0.0140625 0.0234375
1 0.61328125 0.22421875 0.0109375 0.02109375
1 0.52109375 0.30703125 0.01328125 0.03359375
1 0.553125 0.278125 0.01484375 0.03046875
1 0.60703125 0.246875 0.01171875 0.01953125
1 0.62734375 0.2125 0.00703125 0.01640625
1 0.6390625 0.2234375 0.0125 0.01953125
1 0.65546875 0.20390625 0.0109375 0.025
1 0.50234375 0.384375 0.021875 0.05
1 0.54375 0.396875 0.02421875 0.05
1 0.54140625 0.35703125 0.025 0.03515625
1 0.609375 0.41796875 0.02890625 0.05703125
1 0.59609375 0.31484375 0.01953125 0.0375
1 0.63515625 0.2984375 0.015625 0.03515625
1 0.63984375 0.25078125 0.0140625 0.0234375
1 0.6734375 0.22578125 0.009375 0.0234375
1 0.6859375 0.225 0.009375 0.01640625
1 0.6796875 0.26171875 0.01328125 0.0265625
1 0.6453125 0.3296875 0.0171875 0.03359375
1 0.6609375 0.38046875 0.0203125 0.040625
1 0.61328125 0.36484375 0.02265625 0.0421875
1 0.68359375 0.32109375 0.015625 0.03046875
1 0.72109375 0.2859375 0.015625 0.03046875
1 0.7015625 0.2515625 0.015625 0.03046875
1 0.6703125 0.4421875 0.02890625 0.05703125
1 0.63828125 0.40859375 0.01875 0.03515625
1 0.71484375 0.496875 0.0328125 0.06953125
1 0.8296875 0.51015625 0.025 0.0625
1 0.9109375 0.47421875 0.02578125 0.0546875
1 0.8421875 0.44921875 0.02421875 0.0546875
1 0.77578125 0.4296875 0.02890625 0.06015625
1 0.7359375 0.39140625 0.02578125 0.04609375
1 0.68984375 0.35546875 0.0234375 0.03203125
1 0.809375 0.36015625 0.0203125 0.0359375
1 0.85234375 0.39375 0.0203125 0.04453125
1 0.91328125 0.39140625 0.015625 0.03515625
1 0.9234375 0.35 0.01640625 0.0375
1 0.9203125 0.3125 0.0125 0.02109375
1 0.9328125 0.2984375 0.0109375 0.0234375
1 0.93359375 0.27265625 0.01328125 0.0234375
1 0.89140625 0.27109375 0.0140625 0.03359375
1 0.86953125 0.309375 0.01484375 0.03515625
1 0.8703125 0.36015625 0.01953125 0.03359375
1 0.84609375 0.30625 0.015625 0.03203125
1 0.8078125 0.3265625 0.01640625 0.028125
1 0.80703125 0.29453125 0.0140625 0.03046875
1 0.7609375 0.278125 0.01484375 0.028125
1 0.8515625 0.275 0.0140625 0.025
1 0.86875 0.24765625 0.01171875 0.0265625
1 0.84296875 0.25390625 0.0171875 0.025
1 0.81015625 0.2390625 0.01484375 0.02265625
1 0.81953125 0.271875 0.01328125 0.0296875
1 0.7796875 0.23515625 0.01796875 0.0265625
1 0.7765625 0.2546875 0.0140625 0.02109375
1 0.73359375 0.234375 0.01171875 0.02265625
1 0.74296875 0.21796875 0.0125 0.025
1 0.74765625 0.26328125 0.01328125 0.0234375
1 0.73046875 0.25859375 0.0125 0.02265625
1 0.7515625 0.24140625 0.0109375 0.01953125