1 0.403125 0.32421875 0.02890625 0.0546875
1 0.63515625 0.409375 0.02578125 0.046875
1 0.68125 0.39296875 0.0265625 0.04921875
1 0.69296875 0.33984375 0.03046875 0.053125
1 0.7484375 0.3359375 0.028125 0.053125
1 0.8296875 0.33046875 0.03359375 0.053125
1 0.921875 0.45 0.02890625 0.05
1 0.95390625 0.4671875 0.03203125 0.05
1 0.9171875 0.59609375 0.053125 0.09140625
1 0.846875 0.5453125 0.0421875 0.06953125
1 0.790625 0.475 0.03671875 0.059375
1 0.70625 0.4875 0.03125 0.059375
1 0.740625 0.5171875 0.046875 0.0828125
1 0.74765625 0.58125 0.05859375 0.09921875
1 0.8328125 0.66796875 0.07734375 0.10859375
1 0.8796875 0.83046875 0.10234375 0.190625
1 0.375 0.80859375 0.10859375 0.17109375
1 0.12421875 0.79296875 0.08828125 0.165625
1 0.325 0.6234375 0.06484375 0.10625
1 0.3796875 0.575 0.05234375 0.08359375
1 0.4 0.52421875 0.04765625 0.0796875
1 0.4375 0.49453125 0.0453125 0.0671875
1 0.4703125 0.46796875 0.03125 0.053125
1 0.46953125 0.628125 0.07265625 0.13359375
1 0.52109375 0.603125 0.053125 0.10078125
1 0.525 0.525 0.04296875 0.06953125
1 0.5375 0.484375 0.0375 0.05078125
1 0.53671875 0.45234375 0.0296875 0.05078125
1 0.3140625 0.4484375 0.0375 0.05625
1 0.27265625 0.4609375 0.0390625 0.059375
1 0.2359375 0.509375 0.04375 0.06484375
1 0.2515625 0.44765625 0.0328125 0.05625
1 0.15 0.546875 0.0515625 0.07421875
1 0.1796875 0.471875 0.040625 0.053125
1 0.11875 0.4984375 0.046875 0.065625
1 0.103125 0.44140625 0.03671875 0.05234375
1 0.0546875 0.52265625 0.053125 0.08046875
1 0.0328125 0.58125 0.0640625 0.08984375
1 0.02265625 0.47265625 0.03984375 0.0609375
1 0.0484375 0.4390625 0.03125 0.05