1 0.05859375 0.5796875 0.03671875 0.0546875
1 0.109375 0.6203125 0.05 0.078125
1 0.11328125 0.57109375 0.034375 0.0546875
1 0.175 0.81328125 0.1078125 0.14140625
1 0.19921875 0.6296875 0.04453125 0.08671875
1 0.1828125 0.55234375 0.034375 0.04609375
1 0.2234375 0.56328125 0.0265625 0.04609375
1 0.25 0.59140625 0.034375 0.0609375
1 0.259375 0.54609375 0.03046875 0.04609375
1 0.30390625 0.55234375 0.03046875 0.040625
1 0.32890625 0.61875 0.05390625 0.0578125
1 0.37421875 0.58125 0.040625 0.0578125
1 0.434375 0.58671875 0.03046875 0.05234375
1 0.45546875 0.55625 0.034375 0.04921875
1 0.4609375 0.45078125 0.02890625 0.04609375
1 0.4375 0.68671875 0.0671875 0.1125
1 0.55 0.69765625 0.0578125 0.10703125
1 0.584375 0.6328125 0.0578125 0.0984375
1 0.5234375 0.5609375 0.03046875 0.04609375
1 0.7046875 0.6390625 0.0484375 0.0921875
1 0.70078125 0.5984375 0.03671875 0.06953125
1 0.72421875 0.57109375 0.02890625 0.0609375
1 0.76640625 0.6 0.04453125 0.071875
1 0.80859375 0.57109375 0.0328125 0.06640625