1 0.06015625 0.35859375 0.0578125 0.04453125
1 0.12734375 0.346875 0.04921875 0.0390625
1 0.221875 0.3328125 0.0421875 0.03046875
1 0.23359375 0.43828125 0.1140625 0.08515625
1 0.28046875 0.3953125 0.08203125 0.06328125
1 0.33828125 0.34765625 0.06328125 0.04453125
1 0.3984375 0.3265625 0.053125 0.03515625
1 0.75078125 0.434375 0.0921875 0.07421875
1 0.66640625 0.3796875 0.06796875 0.06015625
1 0.646875 0.35703125 0.05078125 0.03671875
1 0.59609375 0.33984375 0.04921875 0.040625
1 0.8140625 0.33046875 0.0453125 0.03359375
1 0.8421875 0.33671875 0.05078125 0.0375
1 0.93046875 0.36484375 0.071875 0.0453125