1 0.34765625 0.20859375 0.01640625 0.03046875
1 0.40703125 0.23125 0.02109375 0.040625
1 0.4328125 0.2125 0.01640625 0.03046875
1 0.45 0.2171875 0.01875 0.040625
1 0.5140625 0.21328125 0.01875 0.0390625
1 0.525 0.18984375 0.015625 0.03359375
1 0.54765625 0.190625 0.01640625 0.0390625
1 0.59453125 0.159375 0.0171875 0.0375
1 0.6328125 0.13984375 0.01484375 0.02890625
1 0.678125 0.18359375 0.01640625 0.03359375
1 0.65078125 0.25625 0.02109375 0.04453125
1 0.7203125 0.19375 0.01875 0.040625
1 0.73515625 0.29609375 0.02421875 0.059375
1 0.853125 0.22734375 0.01640625 0.040625
1 0.859375 0.2015625 0.01484375 0.03203125
1 0.9078125 0.225 0.015625 0.0390625
1 0.88203125 0.28125 0.0171875 0.05234375
1 0.86015625 0.33671875 0.02109375 0.059375
1 0.9296875 0.26796875 0.0203125 0.04765625
1 0.965625 0.24375 0.01640625 0.02890625