1 0.21015625 0.45546875 0.04375 0.10078125
1 0.24453125 0.378125 0.04375 0.09921875
1 0.28671875 0.25625 0.01796875 0.04296875
1 0.30078125 0.18359375 0.01640625 0.0328125
1 0.33359375 0.2859375 0.01875 0.04921875
1 0.43125 0.28515625 0.021875 0.04765625
1 0.390625 0.19453125 0.01640625 0.028125
1 0.42734375 0.2203125 0.0140625 0.03125
1 0.453125 0.23046875 0.0171875 0.03828125
1 0.4578125 0.14296875 0.01171875 0.025
1 0.45234375 0.190625 0.01640625 0.03125
1 0.47578125 0.203125 0.01484375 0.0296875
1 0.52578125 0.20859375 0.0171875 0.0328125
1 0.51171875 0.1765625 0.01484375 0.0265625
1 0.48515625 0.16953125 0.01484375 0.021875
1 0.475 0.15390625 0.0140625 0.0234375
1 0.48828125 0.134375 0.0140625 0.021875
1 0.53203125 0.13828125 0.01484375 0.025
1 0.56484375 0.153125 0.0125 0.028125
1 0.58515625 0.165625 0.01484375 0.0296875
1 0.578125 0.11484375 0.0140625 0.025
1 0.6984375 0.096875 0.01171875 0.03125
1 0.7171875 0.05703125 0.0140625 0.028125
1 0.4859375 0.32421875 0.02578125 0.04296875
1 0.61640625 0.24921875 0.0171875 0.03984375
1 0.66640625 0.26484375 0.0265625 0.04921875
1 0.7234375 0.2828125 0.0265625 0.053125
1 0.78046875 0.30859375 0.0296875 0.04453125
1 0.88125 0.23125 0.02109375 0.04921875
1 0.85625 0.19921875 0.01796875 0.03828125
1 0.80703125 0.18515625 0.01953125 0.03671875
1 0.81953125 0.12578125 0.01328125 0.0328125
1 0.7625 0.10625 0.01875 0.03125
1 0.75625 0.1515625 0.0171875 0.03125
1 0.76875 0.1734375 0.0171875 0.0296875
1 0.71484375 0.1859375 0.01875 0.04140625
1 0.7203125 0.159375 0.01328125 0.03125
1 0.68984375 0.15859375 0.0171875 0.0328125