1 0.3671875 0.371875 0.0953125 0.14609375
1 0.50078125 0.43046875 0.02734375 0.0421875
1 0.53125 0.5296875 0.02734375 0.04609375
1 0.60625 0.5125 0.0265625 0.04375
1 0.18515625 0.415625 0.02734375 0.04296875
1 0.12734375 0.4328125 0.0640625 0.07734375
1 0.01875 0.4953125 0.0359375 0.06796875
1 0.68359375 0.6125 0.05546875 0.06875
1 0.66171875 0.5875 0.03515625 0.0609375
1 0.6484375 0.55703125 0.03515625 0.05625
1 0.71640625 0.49296875 0.03125 0.05078125
1 0.771875 0.53828125 0.0296875 0.0546875
1 0.83828125 0.51796875 0.03203125 0.05859375
1 0.85546875 0.5890625 0.05 0.065625
1 0.8578125 0.72890625 0.1015625 0.15625
1 0.96171875 0.609375 0.0484375 0.08046875