1 0.184375 0.4609375 0.04296875 0.07890625
1 0.16796875 0.278125 0.02421875 0.0453125
1 0.2671875 0.26875 0.0203125 0.0421875
1 0.30703125 0.22421875 0.015625 0.03046875
1 0.32421875 0.23359375 0.01640625 0.03359375
1 0.34375 0.225 0.015625 0.03515625
1 0.3578125 0.19453125 0.02265625 0.03828125
1 0.3890625 0.1953125 0.0140625 0.02734375
1 0.38046875 0.2109375 0.015625 0.03515625
1 0.41640625 0.21875 0.01953125 0.03515625
1 0.46875 0.20625 0.0140625 0.03984375
1 0.4609375 0.18671875 0.01171875 0.03203125
1 0.4765625 0.1859375 0.01875 0.03671875
1 0.58515625 0.10390625 0.01796875 0.03984375
1 0.60546875 0.05703125 0.01328125 0.03046875
1 0.63828125 0.14140625 0.0125 0.02578125
1 0.653125 0.14375 0.0125 0.02109375
1 0.65546875 0.1203125 0.0109375 0.02578125
1 0.66015625 0.07734375 0.009375 0.01953125
1 0.72578125 0.0828125 0.0109375 0.02421875
1 0.73203125 0.08203125 0.0125 0.02578125
1 0.746875 0.078125 0.01015625 0.02734375
1 0.75859375 0.071875 0.01015625 0.01796875
1 0.7609375 0.090625 0.01328125 0.02109375
1 0.746875 0.14296875 0.01328125 0.02890625
1 0.82109375 0.2546875 0.0203125 0.04375
1 0.8890625 0.26171875 0.01875 0.03203125
1 0.91640625 0.26015625 0.01796875 0.0421875
1 0.86484375 0.19140625 0.01640625 0.03515625
1 0.9359375 0.190625 0.015625 0.03359375