1 0.04765625 0.634375 0.04375 0.06953125
1 0.028125 0.57734375 0.0359375 0.05078125
1 0.0546875 0.57734375 0.034375 0.0453125
1 0.11015625 0.64921875 0.05234375 0.07734375
1 0.0421875 0.8203125 0.0796875 0.15703125
1 0.1578125 0.575 0.028125 0.05078125
1 0.1921875 0.625 0.04765625 0.06171875
1 0.234375 0.6703125 0.06796875 0.0828125
1 0.20625 0.5734375 0.03203125 0.04296875
1 0.23125 0.56171875 0.0296875 0.03984375
1 0.253125 0.6296875 0.05390625 0.05859375
1 0.29375 0.61875 0.04375 0.0640625
1 0.31015625 0.58125 0.028125 0.0375
1 0.3703125 0.57734375 0.03203125 0.05078125
1 0.40234375 0.57890625 0.0203125 0.03203125
1 0.5609375 0.4984375 0.02578125 0.0265625
1 0.62890625 0.5984375 0.03828125 0.05078125
1 0.60078125 0.5734375 0.021875 0.0265625
1 0.63984375 0.54765625 0.02421875 0.0296875
1 0.67578125 0.5703125 0.028125 0.03203125
1 0.71875 0.57890625 0.034375 0.04296875
1 0.6796875 0.63359375 0.04375 0.05625
1 0.75078125 0.7 0.0703125 0.11484375
1 0.82890625 0.64921875 0.05390625 0.071875
1 0.81171875 0.5890625 0.0359375 0.04765625
1 0.7890625 0.58125 0.0296875 0.053125
1 0.78671875 0.5546875 0.02578125 0.0375
1 0.84765625 0.575 0.03984375 0.06171875
1 0.88203125 0.57734375 0.03203125 0.05078125
1 0.953125 0.58515625 0.034375 0.0453125
1 0.92421875 0.63828125 0.03984375 0.06171875
1 0.9171875 0.56953125 0.02578125 0.05625
1 0.890625 0.67890625 0.05390625 0.071875
1 0.96875 0.7890625 0.06171875 0.19765625