1 0.1875 0.53828125 0.08203125 0.1359375
1 0.209375 0.48203125 0.05859375 0.10625
1 0.178125 0.4171875 0.03671875 0.06484375
1 0.22109375 0.42578125 0.03515625 0.059375
1 0.19765625 0.37890625 0.025 0.04140625
1 0.1609375 0.36953125 0.021875 0.04140625
1 0.14296875 0.39375 0.0203125 0.03515625
1 0.1328125 0.37109375 0.021875 0.04453125
1 0.07890625 0.4109375 0.03828125 0.0828125
1 0.2640625 0.37734375 0.021875 0.04453125
1 0.28828125 0.40390625 0.0234375 0.05625
1 0.31015625 0.40234375 0.0265625 0.053125
1 0.41953125 0.328125 0.01796875 0.053125
1 0.46953125 0.37734375 0.021875 0.03828125
1 0.52109375 0.390625 0.021875 0.04140625
1 0.525 0.440625 0.0265625 0.06484375
1 0.55 0.4234375 0.0296875 0.053125
1 0.575 0.40078125 0.0203125 0.05
1 0.6078125 0.4453125 0.03203125 0.05625
1 0.61640625 0.39609375 0.0203125 0.03515625
1 0.59921875 0.3890625 0.01484375 0.03828125
1 0.67265625 0.3328125 0.03203125 0.04453125
1 0.67421875 0.46328125 0.03515625 0.0625
1 0.715625 0.45546875 0.0484375 0.0828125
1 0.653125 0.51953125 0.053125 0.109375
1 0.83984375 0.553125 0.09296875 0.165625
1 0.90234375 0.48828125 0.06171875 0.10078125