1 0.09140625 0.2484375 0.015625 0.0421875
1 0.11484375 0.2453125 0.01328125 0.02734375
1 0.16796875 0.2578125 0.02265625 0.04609375
1 0.21640625 0.22734375 0.0203125 0.04375
1 0.2796875 0.20703125 0.0171875 0.03671875
1 0.2609375 0.38828125 0.03984375 0.09375
1 0.34765625 0.2375 0.0359375 0.0640625
1 0.403125 0.1046875 0.01328125 0.0296875
1 0.43515625 0.09609375 0.00703125 0.0203125
1 0.44609375 0.17265625 0.015625 0.0328125
1 0.46328125 0.175 0.0234375 0.0609375
1 0.509375 0.090625 0.01171875 0.03515625
1 0.5203125 0.071875 0.00859375 0.021875
1 0.55 0.0703125 0.01015625 0.02421875
1 0.5765625 0.084375 0.01171875 0.02578125
1 0.5875 0.071875 0.009375 0.021875
1 0.6484375 0.06875 0.01171875 0.02421875
1 0.62578125 0.20390625 0.02578125 0.04375
1 0.6625 0.1609375 0.01953125 0.04609375
1 0.6875 0.15078125 0.021875 0.0515625
1 0.68984375 0.08046875 0.01171875 0.021875
1 0.76796875 0.14296875 0.01875 0.040625
1 0.78671875 0.125 0.0125 0.03671875
1 0.80859375 0.09609375 0.0125 0.02734375
1 0.846875 0.1515625 0.0140625 0.0421875
1 0.86953125 0.14921875 0.01328125 0.03828125
1 0.90703125 0.1828125 0.0125 0.03125
1 0.90546875 0.2125 0.01953125 0.04375
1 0.93203125 0.16953125 0.01015625 0.02734375
1 0.9375 0.184375 0.01171875 0.03515625
1 0.71015625 0.09296875 0.01171875 0.02734375
1 0.73515625 0.0734375 0.01171875 0.0296875
1 0.64453125 0.078125 0.01015625 0.0203125
1 0.6109375 0.10390625 0.009375 0.0203125