1 0.8515625 0.6265625 0.1328125 0.2390625
1 0.8984375 0.38359375 0.03203125 0.04453125
1 0.64140625 0.3015625 0.021875 0.0359375
1 0.734375 0.51484375 0.08125 0.134375
1 0.671875 0.4671875 0.05546875 0.1046875
1 0.6140625 0.4328125 0.05546875 0.071875
1 0.609375 0.3671875 0.0375 0.059375
1 0.3578125 0.47890625 0.08359375 0.134375
1 0.35390625 0.40859375 0.059375 0.065625
1 0.40625 0.4015625 0.04609375 0.08671875
1 0.43046875 0.3640625 0.0375 0.071875
1 0.459375 0.3640625 0.028125 0.059375
1 0.30234375 0.3734375 0.028125 0.04765625
1 0.2796875 0.38984375 0.03359375 0.05703125
1 0.21484375 0.42265625 0.04375 0.075
1 0.2125 0.6046875 0.1390625 0.22421875
1 0.0625 0.5078125 0.0578125 0.0953125
1 0.1578125 0.44609375 0.05 0.06875
1 0.1859375 0.38515625 0.0296875 0.04140625
1 0.18515625 0.34609375 0.028125 0.0359375
1 0.225 0.365625 0.02421875 0.0390625
1 0.15625 0.34765625 0.02578125 0.0328125
1 0.13984375 0.38671875 0.0296875 0.0390625
1 0.1125 0.365625 0.021875 0.0328125
1 0.090625 0.42265625 0.0296875 0.05703125
1 0.0296875 0.440625 0.03984375 0.05703125
1 0.0328125 0.396875 0.021875 0.04140625
1 0.01953125 0.38828125 0.01953125 0.0359375
1 0.04296875 0.35546875 0.0140625 0.02421875
1 0.07265625 0.37734375 0.021875 0.04453125
1 0.090625 0.3609375 0.0140625 0.0296875
1 0.13046875 0.303125 0.01796875 0.0265625
1 0.240625 0.32421875 0.015625 0.0265625
1 0.28125 0.32421875 0.01796875 0.0265625
1 0.31015625 0.31171875 0.01171875 0.02109375
1 0.334375 0.359375 0.028125 0.04453125
1 0.35703125 0.35703125 0.02578125 0.04453125
1 0.33203125 0.32109375 0.015625 0.0265625
1 0.34375 0.31015625 0.01171875 0.01796875
1 0.35390625 0.31796875 0.015625 0.01484375
1 0.384375 0.32109375 0.01015625 0.02109375
1 0.37265625 0.28515625 0.0140625 0.01484375