1 0.03203125 0.465625 0.0421875 0.08359375
1 0.1234375 0.6171875 0.08828125 0.16796875
1 0.21875 0.5484375 0.06015625 0.10234375
1 0.24453125 0.50625 0.04296875 0.075
1 0.2796875 0.45546875 0.03515625 0.05546875
1 0.409375 0.25234375 0.0296875 0.059375
1 0.47421875 0.46796875 0.040625 0.06875
1 0.503125 0.5125 0.04140625 0.08359375
1 0.471875 0.61953125 0.071875 0.09609375
1 0.4921875 0.73203125 0.09140625 0.1828125
1 0.634375 0.4375 0.0296875 0.07109375
1 0.659375 0.43671875 0.03203125 0.06484375
1 0.72109375 0.5015625 0.05 0.09375
1 0.82421875 0.5453125 0.07109375 0.13125
1 0.79921875 0.4140625 0.0375 0.07109375
1 0.86796875 0.44453125 0.0375 0.07734375
1 0.89140625 0.40234375 0.040625 0.0734375
1 0.95 0.4734375 0.06015625 0.1
1 0.98046875 0.4375 0.0390625 0.09765625