1 0.1515625 0.56953125 0.07890625 0.11484375
1 0.1328125 0.4953125 0.05390625 0.0796875
1 0.0703125 0.45078125 0.0359375 0.06171875
1 0.0453125 0.4359375 0.0421875 0.06484375
1 0.01171875 0.38671875 0.02109375 0.03984375
1 0.08125 0.36484375 0.0171875 0.0234375
1 0.0984375 0.359375 0.01640625 0.028125
1 0.096875 0.4140625 0.02890625 0.0453125
1 0.1265625 0.421875 0.03515625 0.046875
1 0.17578125 0.453125 0.04375 0.0734375
1 0.165625 0.346875 0.0265625 0.04296875
1 0.13046875 0.35859375 0.01640625 0.0234375
1 0.2046875 0.378125 0.02109375 0.0296875
1 0.23203125 0.4359375 0.03359375 0.0515625
1 0.23125 0.5015625 0.0421875 0.06328125
1 0.3078125 0.55390625 0.07265625 0.1046875
1 0.325 0.48828125 0.0375 0.06015625
1 0.25703125 0.40703125 0.01875 0.03359375
1 0.27109375 0.415625 0.025 0.03515625
1 0.3015625 0.4046875 0.01875 0.03671875
1 0.30703125 0.38515625 0.01640625 0.0234375
1 0.3359375 0.41328125 0.02265625 0.03671875
1 0.33203125 0.37421875 0.0140625 0.021875
1 0.36484375 0.440625 0.02734375 0.0453125
1 0.42109375 0.51640625 0.0453125 0.0703125
1 0.52734375 0.534375 0.04765625 0.08515625
1 0.3625 0.375 0.01484375 0.0296875
1 0.4078125 0.3828125 0.0140625 0.01796875
1 0.421875 0.39921875 0.01640625 0.028125
1 0.4078125 0.42109375 0.025 0.03515625
1 0.4234375 0.43515625 0.03125 0.03984375
1 0.4546875 0.42109375 0.01875 0.03203125
1 0.45859375 0.3890625 0.0125 0.01796875
1 0.48828125 0.38671875 0.0140625 0.0234375
1 0.49921875 0.39765625 0.01875 0.025
1 0.53203125 0.434375 0.02890625 0.04140625
1 0.50546875 0.43984375 0.0234375 0.04296875
1 0.4859375 0.440625 0.0265625 0.0484375
1 0.46484375 0.4359375 0.0203125 0.03203125
1 0.5515625 0.38515625 0.0125 0.0265625
1 0.5546875 0.40078125 0.01484375 0.025
1 0.56796875 0.4046875 0.01640625 0.0296875
1 0.58203125 0.4203125 0.02109375 0.03671875
1 0.59296875 0.396875 0.01640625 0.0265625
1 0.5515625 0.4234375 0.01875 0.0265625
1 0.540625 0.4734375 0.03359375 0.053125
1 0.6 0.478125 0.0296875 0.053125
1 0.6265625 0.47890625 0.03515625 0.06484375
1 0.62265625 0.43671875 0.02734375 0.03671875
1 0.6484375 0.41484375 0.02109375 0.03359375
1 0.6734375 0.403125 0.0140625 0.0265625
1 0.6734375 0.4625 0.03125 0.0546875
1 0.6984375 0.42734375 0.025 0.0453125
1 0.7265625 0.41953125 0.01484375 0.025
1 0.7515625 0.43359375 0.0203125 0.03671875
1 0.7328125 0.484375 0.0359375 0.06171875
1 0.7734375 0.45859375 0.0203125 0.03671875
1 0.79765625 0.434375 0.02734375 0.03828125
1 0.7859375 0.41484375 0.01640625 0.0265625
1 0.821875 0.4390625 0.01875 0.03515625
1 0.82421875 0.41953125 0.01640625 0.025
1 0.83984375 0.43515625 0.0171875 0.0296875
1 0.86328125 0.45859375 0.02109375 0.03984375
1 0.7984375 0.50078125 0.0421875 0.06796875
1 0.83125 0.496875 0.03515625 0.0703125
1 0.8875 0.4875 0.0375 0.05859375
1 0.8921875 0.45234375 0.02734375 0.04140625
1 0.9171875 0.48984375 0.025 0.06015625
1 0.94453125 0.48671875 0.0265625 0.06015625
1 0.934375 0.434375 0.01640625 0.028125
1 0.9453125 0.4328125 0.01484375 0.028125