1 0.10859375 0.55 0.04609375 0.1
1 0.21328125 0.26875 0.0109375 0.02578125
1 0.22578125 0.30546875 0.025 0.04375
1 0.27109375 0.24375 0.01640625 0.04765625
1 0.3046875 0.24765625 0.01640625 0.0375
1 0.325 0.23671875 0.01796875 0.04921875
1 0.34140625 0.22109375 0.01640625 0.0390625
1 0.36171875 0.26875 0.01875 0.04921875
1 0.39140625 0.25625 0.01484375 0.03359375
1 0.3828125 0.20078125 0.01640625 0.03203125
1 0.43828125 0.31328125 0.0203125 0.0578125
1 0.42578125 0.20859375 0.0140625 0.04765625
1 0.4390625 0.16796875 0.0125 0.03359375
1 0.46796875 0.253125 0.01875 0.05234375
1 0.4890625 0.1578125 0.0125 0.03359375
1 0.49609375 0.2171875 0.015625 0.04765625
1 0.515625 0.178125 0.01796875 0.0375
1 0.5453125 0.2328125 0.0171875 0.0390625
1 0.55859375 0.16796875 0.015625 0.0375
1 0.55078125 0.140625 0.01328125 0.03359375
1 0.5734375 0.1421875 0.0125 0.0375
1 0.5953125 0.13046875 0.01328125 0.03359375
1 0.61015625 0.1828125 0.015625 0.0375
1 0.621875 0.203125 0.01484375 0.040625
1 0.62734375 0.134375 0.01328125 0.03203125
1 0.65234375 0.15 0.0125 0.0359375
1 0.66484375 0.13359375 0.01328125 0.03359375
1 0.6546875 0.190625 0.01484375 0.0359375
1 0.71328125 0.1578125 0.01484375 0.03359375
1 0.5703125 0.3359375 0.01875 0.04375
1 0.5890625 0.40234375 0.01796875 0.07265625
1 0.60703125 0.309375 0.01875 0.05234375
1 0.6578125 0.4125 0.025 0.05625
1 0.7203125 0.4234375 0.02734375 0.0640625
1 0.78515625 0.4609375 0.02734375 0.08125
1 0.878125 0.484375 0.0203125 0.078125
1 0.890625 0.4015625 0.02109375 0.0609375
1 0.96171875 0.4515625 0.021875 0.06640625
1 0.6609375 0.259375 0.02265625 0.0578125
1 0.6953125 0.22109375 0.01796875 0.0421875
1 0.7109375 0.27734375 0.01640625 0.05625
1 0.7515625 0.3 0.02265625 0.0640625
1 0.740625 0.23828125 0.01796875 0.04609375
1 0.74609375 0.19921875 0.01484375 0.0421875
1 0.7703125 0.19140625 0.01328125 0.04765625
1 0.809375 0.19296875 0.015625 0.0375
1 0.784375 0.21953125 0.015625 0.0390625
1 0.7984375 0.25 0.01875 0.05234375
1 0.82265625 0.234375 0.0171875 0.04921875
1 0.81640625 0.30546875 0.0203125 0.0578125
1 0.84453125 0.22265625 0.01640625 0.04609375
1 0.8703125 0.23828125 0.015625 0.0421875
1 0.8828125 0.2234375 0.0109375 0.02734375
1 0.90703125 0.2328125 0.015625 0.03203125
1 0.903125 0.265625 0.01875 0.0421875
1 0.93203125 0.27578125 0.01484375 0.0421875
1 0.95546875 0.253125 0.01328125 0.0359375
1 0.9890625 0.26015625 0.01328125 0.0359375
1 0.86875 0.3234375 0.02109375 0.0609375
1 0.928125 0.33828125 0.015625 0.05625
1 0.9765625 0.37421875 0.01796875 0.05390625
1 0.8484375 0.3859375 0.01953125 0.05625
1 0.60390625 0.16015625 0.01484375 0.02890625
1 0.5796875 0.17890625 0.01328125 0.0421875
1 0.35859375 0.20234375 0.01640625 0.03203125
1 0.9765625 0.33828125 0.01484375 0.0421875
1 0.890625 0.3 0.01796875 0.04375
1 0.6890625 0.14453125 0.0140625 0.0359375
1 0.69375 0.15859375 0.015625 0.0359375