1 0.825 0.42421875 0.20625 0.334375
1 0.7578125 0.2265625 0.09609375 0.13203125
1 0.63828125 0.29453125 0.12421875 0.209375
1 0.56328125 0.31484375 0.065625 0.1546875
1 0.34375 0.35234375 0.06796875 0.13203125
1 0.36015625 0.23125 0.06015625 0.103125
1 0.4203125 0.2203125 0.03984375 0.08046875
1 0.47109375 0.271875 0.065625 0.13203125
1 0.54921875 0.215625 0.05 0.103125
1 0.50703125 0.20546875 0.04609375 0.07734375
1 0.609375 0.121875 0.0296875 0.0453125
1 0.590625 0.08671875 0.02578125 0.0453125
1 0.2953125 0.08828125 0.02578125 0.0421875
1 0.2828125 0.03046875 0.02578125 0.0421875
1 0.325 0.02421875 0.01796875 0.03515625
1 0.33828125 0.06875 0.0203125 0.0546875
1 0.36171875 0.1125 0.02421875 0.0515625
1 0.30078125 0.2203125 0.034375 0.07421875
1 0.32109375 0.13671875 0.0296875 0.0421875
1 0.415625 0.1140625 0.028125 0.0484375
1 0.44921875 0.09453125 0.021875 0.0421875
1 0.48828125 0.1125 0.02421875 0.0453125
1 0.5578125 0.0546875 0.02421875 0.03828125
1 0.56171875 0.01484375 0.02421875 0.02265625
1 0.528125 0.03359375 0.0203125 0.0484375
1 0.490625 0.046875 0.021875 0.0421875
1 0.503125 0.02421875 0.01796875 0.02890625
1 0.48125 0.01796875 0.01796875 0.02890625
1 0.45703125 0.03671875 0.021875 0.0421875
1 0.4171875 0.06875 0.01796875 0.0421875
1 0.4078125 0.05625 0.015625 0.03515625
1 0.3796875 0.02265625 0.0203125 0.03203125
1 0.36015625 0.053125 0.015625 0.03515625
1 0.3421875 0.01484375 0.0203125 0.02265625
1 0.440625 0.01953125 0.021875 0.03203125
1 0.41015625 0.1640625 0.0359375 0.0578125
1 0.465625 0.14609375 0.02421875 0.0484375
1 0.51171875 0.15625 0.028125 0.0484375
1 0.52109375 0.12890625 0.034375 0.0453125