1 0.96640625 0.1875 0.01640625 0.04375
1 0.74921875 0.12421875 0.01640625 0.03515625
1 0.60078125 0.0734375 0.0140625 0.03671875
1 0.5640625 0.15625 0.0140625 0.03515625
1 0.53671875 0.15625 0.01328125 0.02578125
1 0.5078125 0.15703125 0.015625 0.02734375
1 0.484375 0.1515625 0.0125 0.02265625
1 0.496875 0.07890625 0.01015625 0.02578125
1 0.48125 0.1953125 0.02421875 0.053125
1 0.43359375 0.1359375 0.0109375 0.02734375
1 0.42109375 0.171875 0.0140625 0.03359375
1 0.44609375 0.18046875 0.01640625 0.03203125
1 0.38203125 0.11171875 0.0109375 0.03359375
1 0.359375 0.17734375 0.01796875 0.0453125
1 0.321875 0.20625 0.0234375 0.0515625
1 0.24921875 0.2453125 0.02265625 0.05
1 0.30859375 0.22890625 0.015625 0.03515625
1 0.2296875 0.2359375 0.01640625 0.03671875
1 0.153125 0.23671875 0.01640625 0.03828125
1 0.20078125 0.48046875 0.03984375 0.09140625
1 0.284375 0.47421875 0.04296875 0.1015625