1 0.184375 0.4734375 0.06171875 0.11484375
1 0.265625 0.26875 0.01796875 0.04453125
1 0.28046875 0.26875 0.02109375 0.0375
1 0.328125 0.24453125 0.0203125 0.0375
1 0.3359375 0.21484375 0.01953125 0.0375
1 0.35234375 0.209375 0.0171875 0.04140625
1 0.3640625 0.2203125 0.01953125 0.0359375
1 0.359375 0.25546875 0.02109375 0.04765625
1 0.3765625 0.27890625 0.025 0.04765625
1 0.40546875 0.290625 0.02578125 0.05078125
1 0.40546875 0.221875 0.0234375 0.04296875
1 0.39296875 0.19453125 0.01796875 0.03125
1 0.375 0.190625 0.0140625 0.03984375
1 0.4234375 0.19609375 0.01796875 0.0359375
1 0.4578125 0.18828125 0.01796875 0.034375
1 0.4828125 0.228125 0.0234375 0.04453125
1 0.465625 0.22578125 0.0171875 0.04453125
1 0.47421875 0.15234375 0.01796875 0.03125
1 0.4921875 0.16953125 0.0171875 0.0265625
1 0.496875 0.1359375 0.015625 0.03125
1 0.50703125 0.15 0.015625 0.0265625
1 0.52578125 0.18359375 0.0171875 0.03125
1 0.54296875 0.20390625 0.0234375 0.04296875
1 0.53046875 0.1671875 0.0171875 0.034375
1 0.5671875 0.16640625 0.01796875 0.0359375
1 0.58046875 0.15 0.0140625 0.0265625
1 0.58125 0.121875 0.0140625 0.0296875
1 0.6 0.165625 0.0203125 0.0375
1 0.6125 0.14140625 0.01328125 0.0265625
1 0.6140625 0.1203125 0.0109375 0.02265625
1 0.6265625 0.14765625 0.0171875 0.0296875
1 0.63515625 0.134375 0.015625 0.03125
1 0.65546875 0.13828125 0.01640625 0.0359375
1 0.66640625 0.12109375 0.01640625 0.034375
1 0.63046875 0.11328125 0.0125 0.02265625
1 0.56796875 0.2515625 0.02578125 0.04921875
1 0.52109375 0.303125 0.03046875 0.0640625
1 0.5609375 0.30859375 0.0328125 0.0609375
1 0.62265625 0.3546875 0.03984375 0.0609375
1 0.63984375 0.246875 0.025 0.05625
1 0.6421875 0.20625 0.021875 0.04453125
1 0.675 0.20078125 0.021875 0.04296875
1 0.6953125 0.25625 0.028125 0.059375
1 0.73359375 0.22578125 0.02578125 0.05078125
1 0.7390625 0.2984375 0.025 0.05078125
1 0.71875 0.1890625 0.0234375 0.03984375
1 0.7078125 0.153125 0.0171875 0.0296875
1 0.69765625 0.12265625 0.0171875 0.03125
1 0.728125 0.153125 0.0140625 0.0296875
1 0.740625 0.17578125 0.0171875 0.04296875
1 0.753125 0.19921875 0.01953125 0.04296875
1 0.7484375 0.1203125 0.01640625 0.03984375
1 0.775 0.1421875 0.01796875 0.0375
1 0.7859375 0.12265625 0.015625 0.034375
1 0.8015625 0.1359375 0.0171875 0.034375
1 0.7921875 0.16640625 0.0171875 0.0359375
1 0.81953125 0.165625 0.01796875 0.0375
1 0.79296875 0.2078125 0.02734375 0.04453125
1 0.78203125 0.240625 0.02578125 0.05078125
1 0.79921875 0.28125 0.028125 0.0625
1 0.87265625 0.30703125 0.0296875 0.0578125
1 0.8671875 0.26796875 0.02421875 0.04296875
1 0.86484375 0.21328125 0.0234375 0.05078125
1 0.8703125 0.1890625 0.0234375 0.0328125
1 0.8625 0.153125 0.02109375 0.0359375
1 0.8796875 0.153125 0.0171875 0.04296875
1 0.9125 0.175 0.01953125 0.04140625
1 0.92109375 0.16015625 0.01640625 0.03125
1 0.94609375 0.26015625 0.025 0.05234375
1 0.9515625 0.22421875 0.0203125 0.04140625
1 0.934375 0.2234375 0.01796875 0.0359375