1 0.1890625 0.41953125 0.04296875 0.08203125
1 0.278125 0.25 0.01328125 0.028125
1 0.290625 0.25234375 0.0171875 0.0390625
1 0.30859375 0.271875 0.0171875 0.0390625
1 0.315625 0.23984375 0.01875 0.0390625
1 0.334375 0.2765625 0.025 0.04296875
1 0.33671875 0.25 0.01953125 0.0390625
1 0.33125 0.21328125 0.01953125 0.03359375
1 0.39921875 0.26015625 0.021875 0.04609375
1 0.415625 0.2625 0.021875 0.05
1 0.3953125 0.221875 0.02109375 0.04453125
1 0.40703125 0.1890625 0.0171875 0.03203125
1 0.39921875 0.1765625 0.01484375 0.02890625
1 0.42265625 0.1796875 0.01875 0.0375
1 0.434375 0.22578125 0.021875 0.04453125
1 0.46484375 0.225 0.02265625 0.04296875
1 0.46640625 0.153125 0.0203125 0.034375
1 0.48046875 0.20390625 0.01953125 0.0390625
1 0.50234375 0.1875 0.01875 0.0359375
1 0.4421875 0.16328125 0.01484375 0.0265625
1 0.44453125 0.146875 0.0125 0.021875
1 0.49609375 0.128125 0.0140625 0.02890625
1 0.5140625 0.15078125 0.01484375 0.02890625
1 0.521875 0.12734375 0.0140625 0.028125
1 0.54765625 0.14375 0.01484375 0.0265625
1 0.56328125 0.16328125 0.021875 0.04296875
1 0.546875 0.20078125 0.01953125 0.04609375
1 0.58671875 0.1484375 0.015625 0.03046875
1 0.621875 0.1453125 0.01484375 0.03203125
1 0.590625 0.10859375 0.01171875 0.02890625
1 0.6015625 0.1078125 0.0140625 0.028125
1 0.62265625 0.1265625 0.01171875 0.021875
1 0.64453125 0.11796875 0.0171875 0.03359375
1 0.66484375 0.12265625 0.01484375 0.03203125
1 0.65625 0.16875 0.0203125 0.04296875
1 0.6234375 0.2 0.02109375 0.046875
1 0.60078125 0.24921875 0.028125 0.059375
1 0.55546875 0.259375 0.02578125 0.046875
1 0.53984375 0.3140625 0.03359375 0.05703125
1 0.490625 0.296875 0.034375 0.05234375
1 0.6640625 0.23828125 0.0234375 0.05
1 0.6703125 0.20390625 0.0203125 0.04453125
1 0.6875 0.16015625 0.0171875 0.0375
1 0.7203125 0.15234375 0.01953125 0.0390625
1 0.7390625 0.18671875 0.02109375 0.04296875
1 0.73984375 0.23125 0.021875 0.046875
1 0.71328125 0.26328125 0.0296875 0.05859375
1 0.71171875 0.2171875 0.0234375 0.03984375
1 0.70625 0.3125 0.0328125 0.06484375
1 0.75703125 0.3703125 0.03828125 0.06953125
1 0.78203125 0.29296875 0.03671875 0.059375
1 0.76640625 0.1546875 0.01953125 0.034375
1 0.75 0.1390625 0.0171875 0.0359375
1 0.78671875 0.140625 0.01640625 0.02890625
1 0.80390625 0.17265625 0.01484375 0.0375
1 0.8109375 0.2375 0.02265625 0.05234375
1 0.78359375 0.21171875 0.02109375 0.03984375
1 0.8265625 0.2140625 0.01953125 0.03984375
1 0.83984375 0.18203125 0.01640625 0.0359375
1 0.87578125 0.146875 0.01640625 0.03359375
1 0.884375 0.18515625 0.015625 0.034375
1 0.8828125 0.21875 0.02109375 0.0375
1 0.8828125 0.26171875 0.025 0.0484375
1 0.85625 0.31328125 0.02890625 0.0640625
1 0.92109375 0.2625 0.02421875 0.0625