1 0.1140625 0.51484375 0.13203125 0.28125
1 0.203125 0.61328125 0.04453125 0.09765625
1 0.25078125 0.590625 0.0375 0.07890625
1 0.240625 0.53515625 0.03203125 0.0484375
1 0.2703125 0.546875 0.02734375 0.0640625
1 0.2796875 0.51796875 0.02265625 0.0515625
1 0.3203125 0.521875 0.01640625 0.040625
1 0.3328125 0.54453125 0.02578125 0.0625
1 0.359375 0.51796875 0.02890625 0.06796875
1 0.39609375 0.52890625 0.021875 0.0484375
1 0.4359375 0.528125 0.0171875 0.04140625
1 0.4390625 0.5609375 0.021875 0.0484375
1 0.3890625 0.63359375 0.03828125 0.08515625
1 0.45625 0.62109375 0.03671875 0.07109375
1 0.47265625 0.5515625 0.0203125 0.0484375
1 0.5078125 0.5671875 0.01796875 0.04140625
1 0.52734375 0.565625 0.028125 0.065625
1 0.5296875 0.690625 0.04609375 0.090625
1 0.5921875 0.59296875 0.09140625 0.18203125
1 0.6625 0.57421875 0.03359375 0.0640625
1 0.7375 0.61796875 0.034375 0.0625
1 0.7640625 0.63125 0.0234375 0.053125
1 0.85390625 0.496875 0.08125 0.15546875