1 0.15703125 0.67734375 0.07421875 0.11015625
1 0.184375 0.58984375 0.07578125 0.11640625
1 0.125 0.57109375 0.0578125 0.09609375
1 0.125 0.5203125 0.05390625 0.06953125
1 0.2421875 0.4375 0.0359375 0.0609375
1 0.275 0.41875 0.04609375 0.06953125
1 0.34921875 0.46953125 0.0578125 0.084375
1 0.3796875 0.603125 0.05625 0.11328125
1 0.39765625 0.53203125 0.06015625 0.08125
1 0.36484375 0.52890625 0.04609375 0.07578125
1 0.4671875 0.621875 0.08984375 0.13359375
1 0.47421875 0.4140625 0.04375 0.05546875
1 0.52421875 0.38671875 0.03984375 0.046875
1 0.484375 0.3703125 0.0359375 0.04921875
1 0.49296875 0.33828125 0.0296875 0.04375
1 0.58125 0.3765625 0.03828125 0.05546875
1 0.5921875 0.45625 0.05234375 0.09921875
1 0.63203125 0.396875 0.04375 0.0609375
1 0.66796875 0.55234375 0.05234375 0.11640625
1 0.7296875 0.08125 0.1078125 0.1625
1 0.90078125 0.47265625 0.05390625 0.1078125
1 0.98125 0.4828125 0.034375 0.09921875
1 0.196875 0.190625 0.0296875 0.0609375
1 0.26328125 0.25859375 0.02578125 0.040625
1 0.3546875 0.26171875 0.0296875 0.040625
1 0.32109375 0.38203125 0.0296875 0.04921875
1 0.3328125 0.34140625 0.0296875 0.04375
1 0.37265625 0.34609375 0.0296875 0.040625
1 0.35625 0.40078125 0.03203125 0.05234375
1 0.275 0.34921875 0.0296875 0.05234375
1 0.225 0.415625 0.034375 0.05234375
1 0.18203125 0.40859375 0.0359375 0.04921875
1 0.165625 0.3578125 0.0203125 0.046875
1 0.14609375 0.34140625 0.02421875 0.04375
1 0.1078125 0.503125 0.04765625 0.05234375
1 0.08828125 0.45625 0.04765625 0.0578125
1 0.08203125 0.421875 0.0359375 0.046875
1 0.08671875 0.36328125 0.02578125 0.03515625
1 0.06875 0.359375 0.02578125 0.0375
1 0.05234375 0.353125 0.02421875 0.0375