1 0.24453125 0.46796875 0.0625 0.11796875
1 0.2953125 0.6671875 0.09921875 0.1765625
1 0.24921875 0.6375 0.065625 0.11328125
1 0.46953125 0.65546875 0.06796875 0.1484375
1 0.5046875 0.615625 0.04296875 0.08671875
1 0.55859375 0.61796875 0.0546875 0.07734375
1 0.63046875 0.6421875 0.05625 0.11328125
1 0.67265625 0.64140625 0.0609375 0.1390625
1 0.73828125 0.64609375 0.10390625 0.190625
1 0.85 0.62109375 0.07265625 0.0984375
1 0.92109375 0.61640625 0.03984375 0.0890625
1 0.96171875 0.65390625 0.07578125 0.12265625