1 0.059375 0.53515625 0.02265625 0.04921875
1 0.103125 0.53125 0.02421875 0.046875
1 0.1453125 0.5296875 0.03046875 0.0453125
1 0.1921875 0.534375 0.0234375 0.040625
1 0.24375 0.53828125 0.03046875 0.04765625
1 0.2921875 0.5421875 0.021875 0.0421875
1 0.334375 0.5421875 0.02578125 0.0375
1 0.39140625 0.53125 0.0265625 0.03984375
1 0.4453125 0.53203125 0.02578125 0.04296875
1 0.5015625 0.51953125 0.028125 0.046875
1 0.571875 0.525 0.028125 0.05234375
1 0.64140625 0.51796875 0.03125 0.0546875
1 0.7109375 0.53203125 0.03359375 0.0640625
1 0.778125 0.52421875 0.03203125 0.04765625
1 0.84375 0.5390625 0.034375 0.05234375
1 0.96875 0.525 0.03828125 0.06171875
1 0.15 0.865625 0.08359375 0.13828125