1 0.08046875 0.278125 0.02578125 0.05234375
1 0.29375 0.240625 0.01796875 0.0328125
1 0.28671875 0.225 0.01796875 0.03984375
1 0.3359375 0.1921875 0.01796875 0.03984375
1 0.3578125 0.19609375 0.01875 0.03828125
1 0.36015625 0.22421875 0.01796875 0.03828125
1 0.38359375 0.2375 0.02265625 0.0453125
1 0.33984375 0.228125 0.01875 0.03671875
1 0.38359375 0.2015625 0.01484375 0.03828125
1 0.39921875 0.20859375 0.015625 0.034375
1 0.38984375 0.1734375 0.0171875 0.034375
1 0.409375 0.171875 0.01171875 0.034375
1 0.428125 0.20390625 0.015625 0.03671875
1 0.4125 0.2421875 0.02578125 0.04375
1 0.45078125 0.24765625 0.02265625 0.05
1 0.45078125 0.20234375 0.0203125 0.03984375
1 0.4703125 0.20390625 0.02109375 0.04375
1 0.43203125 0.1609375 0.015625 0.0296875
1 0.4546875 0.16171875 0.01875 0.03828125
1 0.49140625 0.13828125 0.01171875 0.02578125
1 0.49375 0.15 0.01328125 0.02578125
1 0.50234375 0.15546875 0.01484375 0.02578125
1 0.50625 0.18671875 0.02109375 0.03671875
1 0.53125 0.1796875 0.02109375 0.03671875
1 0.51875 0.1515625 0.01484375 0.0296875
1 0.51015625 0.134375 0.01328125 0.02578125
1 0.5296875 0.1375 0.01328125 0.02109375
1 0.55703125 0.128125 0.015625 0.02421875
1 0.56171875 0.14140625 0.0140625 0.02578125
1 0.57578125 0.16171875 0.0140625 0.03125
1 0.56640625 0.18515625 0.0171875 0.04375
1 0.54453125 0.1609375 0.0171875 0.03671875
1 0.58515625 0.14296875 0.01484375 0.0328125
1 0.6015625 0.13984375 0.01328125 0.0296875
1 0.6140625 0.1671875 0.01484375 0.03671875
1 0.615625 0.1265625 0.01015625 0.02421875
1 0.621875 0.12734375 0.01328125 0.02578125
1 0.63359375 0.13828125 0.0140625 0.0328125
1 0.6484375 0.125 0.015625 0.034375
1 0.671875 0.1234375 0.01328125 0.02421875
1 0.66640625 0.11015625 0.0109375 0.01875
1 0.6921875 0.134375 0.01328125 0.0328125
1 0.69453125 0.11171875 0.01015625 0.02578125
1 0.70390625 0.12734375 0.01328125 0.02578125
1 0.71640625 0.11796875 0.0140625 0.03125
1 0.67734375 0.18671875 0.01875 0.03671875
1 0.6640625 0.14609375 0.01328125 0.02421875
1 0.6515625 0.1578125 0.01484375 0.03125
1 0.6015625 0.22890625 0.02578125 0.0484375
1 0.63203125 0.21015625 0.025 0.0484375
1 0.6484375 0.25078125 0.02578125 0.05390625
1 0.7015625 0.26015625 0.02578125 0.05234375
1 0.69140625 0.225 0.021875 0.05
1 0.71328125 0.184375 0.0171875 0.04140625
1 0.7265625 0.1859375 0.015625 0.03828125
1 0.74765625 0.17890625 0.01875 0.03828125
1 0.70859375 0.32578125 0.03359375 0.078125
1 0.76015625 0.38125 0.03203125 0.06796875
1 0.80625 0.2984375 0.028125 0.0625
1 0.7796875 0.2515625 0.0265625 0.0625
1 0.74375 0.24296875 0.021875 0.05234375
1 0.76640625 0.19765625 0.021875 0.04140625
1 0.7453125 0.153125 0.0171875 0.03125
1 0.77265625 0.1375 0.0140625 0.03125
1 0.79375 0.1375 0.0140625 0.028125
1 0.80078125 0.1484375 0.01171875 0.02578125
1 0.80546875 0.1703125 0.01171875 0.028125
1 0.81015625 0.2078125 0.01796875 0.03984375
1 0.82890625 0.203125 0.0171875 0.03828125
1 0.85390625 0.2234375 0.02109375 0.04375
1 0.83984375 0.265625 0.02265625 0.059375
1 0.8703125 0.23125 0.015625 0.03828125
1 0.84375 0.178125 0.01484375 0.03671875
1 0.8125 0.1421875 0.01484375 0.03125
1 0.8375 0.14765625 0.01171875 0.03125
1 0.85 0.1578125 0.01484375 0.034375
1 0.86875 0.15625 0.01484375 0.034375
1 0.88828125 0.165625 0.015625 0.03984375
1 0.88046875 0.190625 0.01484375 0.03828125
1 0.9015625 0.23203125 0.01875 0.03984375
1 0.91015625 0.21171875 0.015625 0.04140625
1 0.915625 0.190625 0.0171875 0.03125
1 0.92578125 0.15703125 0.01171875 0.03984375
1 0.96328125 0.18671875 0.0140625 0.04375
1 0.95078125 0.20859375 0.015625 0.04140625
1 0.95703125 0.234375 0.01796875 0.04140625
1 0.93671875 0.26328125 0.02265625 0.05
1 0.9265625 0.32265625 0.03125 0.0625