1 0.04921875 0.3703125 0.025 0.046875
1 0.26328125 0.24765625 0.015625 0.03671875
1 0.27265625 0.2625 0.01875 0.03515625
1 0.325 0.24296875 0.015625 0.03671875
1 0.35 0.2625 0.021875 0.0421875
1 0.3421875 0.24765625 0.01796875 0.03359375
1 0.325 0.2109375 0.0140625 0.03046875
1 0.34296875 0.2078125 0.01328125 0.03359375
1 0.3546875 0.225 0.01484375 0.03515625
1 0.35703125 0.19296875 0.01484375 0.03359375
1 0.38046875 0.18828125 0.01796875 0.03515625
1 0.4 0.2140625 0.0171875 0.03671875
1 0.38671875 0.25703125 0.021875 0.0421875
1 0.40546875 0.25859375 0.0234375 0.0484375
1 0.41953125 0.1875 0.01484375 0.03671875
1 0.44765625 0.18984375 0.015625 0.03515625
1 0.4546875 0.22734375 0.0171875 0.0421875
1 0.46796875 0.23046875 0.02265625 0.0453125
1 0.48359375 0.19453125 0.021875 0.03984375
1 0.475 0.1640625 0.01796875 0.03671875
1 0.45859375 0.1515625 0.01484375 0.03203125
1 0.484375 0.1328125 0.0109375 0.025
1 0.49375 0.153125 0.01484375 0.028125
1 0.51015625 0.1609375 0.01484375 0.03359375
1 0.5125 0.1890625 0.01875 0.03671875
1 0.5328125 0.18671875 0.01875 0.0453125
1 0.55078125 0.15859375 0.01484375 0.03203125
1 0.56484375 0.14765625 0.01328125 0.0265625
1 0.578125 0.16171875 0.01796875 0.03828125
1 0.55859375 0.11953125 0.015625 0.028125
1 0.50078125 0.2875 0.0265625 0.05546875
1 0.553125 0.2359375 0.02265625 0.05703125
1 0.58359375 0.2828125 0.02734375 0.06015625
1 0.59921875 0.27734375 0.02421875 0.0515625
1 0.58828125 0.14609375 0.015625 0.03046875
1 0.603125 0.13203125 0.01328125 0.0265625
1 0.59765625 0.11953125 0.0109375 0.021875
1 0.60859375 0.11328125 0.0125 0.025
1 0.61875 0.14296875 0.0140625 0.025
1 0.6390625 0.1375 0.01484375 0.03046875
1 0.64296875 0.115625 0.0140625 0.0265625
1 0.6765625 0.1109375 0.0171875 0.03046875
1 0.68046875 0.14453125 0.0140625 0.03203125
1 0.64765625 0.17890625 0.0203125 0.03359375
1 0.6484375 0.19921875 0.021875 0.03984375
1 0.61796875 0.20625 0.01953125 0.03984375
1 0.67421875 0.2515625 0.0234375 0.046875
1 0.63046875 0.30234375 0.03359375 0.065625
1 0.71640625 0.29140625 0.025 0.06328125
1 0.70703125 0.22578125 0.01953125 0.05
1 0.70078125 0.1765625 0.0171875 0.03828125
1 0.71796875 0.1671875 0.01796875 0.03984375
1 0.7046875 0.14140625 0.01796875 0.03828125
1 0.73515625 0.11875 0.015625 0.03359375
1 0.73125 0.19921875 0.01953125 0.046875
1 0.75625 0.234375 0.02265625 0.05390625
1 0.7703125 0.259375 0.02734375 0.05390625
1 0.7671875 0.20234375 0.021875 0.046875
1 0.74375 0.17421875 0.0171875 0.03671875
1 0.76328125 0.159375 0.01796875 0.03984375
1 0.7625 0.12578125 0.0171875 0.0265625
1 0.77734375 0.13671875 0.0171875 0.03828125
1 0.79765625 0.1625 0.0171875 0.04375
1 0.83359375 0.20546875 0.021875 0.05546875
1 0.846875 0.15 0.015625 0.03828125
1 0.8328125 0.153125 0.01484375 0.03515625
1 0.88359375 0.16953125 0.0171875 0.03359375
1 0.8890625 0.15234375 0.0140625 0.03046875
1 0.90078125 0.18671875 0.0140625 0.03203125
1 0.8890625 0.209375 0.0171875 0.04375
1 0.84296875 0.2703125 0.0234375 0.0484375
1 0.84765625 0.3171875 0.025 0.06875
1 0.91640625 0.25625 0.01796875 0.05
1 0.91484375 0.2171875 0.01875 0.03828125