1 0.109375 0.478125 0.0859375 0.1171875
1 0.21171875 0.5203125 0.103125 0.15546875
1 0.140625 0.37109375 0.0703125 0.096875
1 0.225 0.359375 0.04296875 0.0734375
1 0.25859375 0.384375 0.053125 0.08828125
1 0.32421875 0.3359375 0.04296875 0.07890625
1 0.42109375 0.4328125 0.05625 0.10859375
1 0.415625 0.359375 0.03125 0.05546875
1 0.46015625 0.359375 0.040625 0.0734375
1 0.5296875 0.403125 0.05078125 0.096875
1 0.50625 0.34921875 0.03125 0.06484375
1 0.5609375 0.32578125 0.03515625 0.0703125
1 0.5625 0.2203125 0.03125 0.05859375
1 0.6375 0.3625 0.0453125 0.0734375
1 0.67265625 0.43828125 0.0484375 0.090625
1 0.70234375 0.60703125 0.1 0.140625
1 0.87578125 0.22421875 0.0609375 0.1140625