1 0.190625 0.5890625 0.1953125 0.32421875
1 0.0796875 0.5046875 0.1140625 0.16171875
1 0.3109375 0.509375 0.04140625 0.071875
1 0.26484375 0.521875 0.03125 0.078125
1 0.01796875 0.4875 0.03125 0.084375
1 0.40859375 0.515625 0.07890625 0.12734375
1 0.496875 0.525 0.04765625 0.090625
1 0.5390625 0.5171875 0.0328125 0.0625
1 0.55 0.4984375 0.025 0.05625
1 0.4609375 0.5125 0.025 0.053125
1 0.66796875 0.5296875 0.09921875 0.15546875
1 0.73984375 0.521875 0.03515625 0.071875
1 0.775 0.528125 0.04765625 0.078125
1 0.8703125 0.528125 0.03125 0.065625
1 0.91796875 0.53125 0.0765625 0.13359375
1 0.97890625 0.5390625 0.04140625 0.0875
1 0.84609375 0.5109375 0.02890625 0.05