1 0.13203125 0.771875 0.06484375 0.07421875
1 0.26328125 0.84921875 0.08828125 0.1328125
1 0.309375 0.7375 0.06171875 0.0875
1 0.2265625 0.7234375 0.03828125 0.0640625
1 0.5140625 0.82421875 0.08515625 0.12265625
1 0.540625 0.76796875 0.0640625 0.0796875
1 0.5046875 0.6984375 0.05390625 0.06015625
1 0.48046875 0.6609375 0.0328125 0.04921875
1 0.378125 0.60546875 0.04609375 0.05
1 0.33671875 0.6578125 0.03828125 0.0453125
1 0.2890625 0.63828125 0.040625 0.05625
1 0.24140625 0.67265625 0.03984375 0.0453125
1 0.6703125 0.78203125 0.08125 0.103125
1 0.7703125 0.8046875 0.08359375 0.12265625
1 0.75390625 0.7234375 0.0671875 0.08984375
1 0.62421875 0.68046875 0.05390625 0.075
1 0.584375 0.63359375 0.03046875 0.0390625
1 0.95546875 0.67734375 0.05078125 0.06875