1 0.0421875 0.4953125 0.0796875 0.1296875
1 0.04375 0.44140625 0.05234375 0.05703125
1 0.2453125 0.3765625 0.05 0.06015625
1 0.2921875 0.303125 0.0296875 0.046875
1 0.2953125 0.41796875 0.03515625 0.05
1 0.3171875 0.4046875 0.0296875 0.04296875
1 0.3546875 0.43671875 0.0546875 0.053125
1 0.3703125 0.41171875 0.0296875 0.04296875
1 0.4625 0.41328125 0.03984375 0.06015625
1 0.5453125 0.41484375 0.1046875 0.1296875
1 0.775 0.5046875 0.075 0.0765625
1 0.64609375 0.5046875 0.0625 0.08984375
1 0.73359375 0.4265625 0.0375 0.046875
1 0.77109375 0.43984375 0.0328125 0.046875
1 0.81640625 0.43984375 0.0375 0.053125
1 0.83984375 0.4546875 0.0453125 0.06328125
1 0.8765625 0.5 0.05234375 0.06640625
1 0.9765625 0.48828125 0.0375 0.06328125
1 0.9765625 0.43828125 0.0375 0.05703125