1 0.94140625 0.2375 0.01875 0.040625
1 0.73671875 0.225 0.01953125 0.046875
1 0.675 0.16875 0.015625 0.04296875
1 0.675 0.21953125 0.0171875 0.046875
1 0.63046875 0.215625 0.01953125 0.04296875
1 0.6296875 0.2609375 0.01953125 0.040625
1 0.675 0.290625 0.021875 0.04453125
1 0.63828125 0.31171875 0.02578125 0.0640625
1 0.6375 0.11875 0.0140625 0.03125
1 0.5875 0.05703125 0.00859375 0.02109375
1 0.55234375 0.16796875 0.015625 0.0328125
1 0.54296875 0.18125 0.01640625 0.03671875
1 0.47109375 0.1359375 0.01171875 0.02734375
1 0.48671875 0.171875 0.01328125 0.0328125
1 0.41015625 0.2078125 0.01640625 0.03515625
1 0.45234375 0.21953125 0.01875 0.03125
1 0.46328125 0.18671875 0.015625 0.03125
1 0.328125 0.2171875 0.015625 0.0390625