1 0.0609375 0.38515625 0.0328125 0.0703125
1 0.31328125 0.23046875 0.01875 0.03515625
1 0.5703125 0.125 0.01484375 0.0296875
1 0.7796875 0.1265625 0.01796875 0.04296875
1 0.83203125 0.13046875 0.01796875 0.03515625
1 0.36953125 0.19296875 0.0203125 0.04296875
1 0.3328125 0.225 0.0171875 0.03359375
1 0.38828125 0.196875 0.01953125 0.0265625
1 0.425 0.18046875 0.01875 0.03515625
1 0.35703125 0.240625 0.02890625 0.0515625
1 0.38828125 0.259375 0.0234375 0.0484375
1 0.434375 0.23046875 0.021875 0.0484375
1 0.4453125 0.1875 0.01953125 0.04140625
1 0.47109375 0.2328125 0.0203125 0.0453125
1 0.5078125 0.3109375 0.02265625 0.04140625
1 0.5109375 0.1859375 0.01953125 0.03828125
1 0.53125 0.15 0.01875 0.03671875
1 0.55546875 0.16640625 0.02578125 0.05
1 0.565625 0.21484375 0.02265625 0.04296875
1 0.590625 0.16640625 0.02890625 0.046875
1 0.59375 0.1265625 0.015625 0.03984375
1 0.6171875 0.140625 0.02265625 0.04140625
1 0.6265625 0.2078125 0.0203125 0.0453125
1 0.5578125 0.3125 0.02421875 0.0546875
1 0.6046875 0.334375 0.03046875 0.06171875
1 0.60703125 0.2546875 0.0265625 0.06015625
1 0.67578125 0.26015625 0.02578125 0.04296875
1 0.6546875 0.196875 0.0203125 0.03984375
1 0.67421875 0.221875 0.021875 0.04296875
1 0.71015625 0.21171875 0.02421875 0.053125
1 0.7359375 0.15703125 0.0234375 0.053125
1 0.71328125 0.153125 0.0203125 0.04296875
1 0.72421875 0.275 0.0265625 0.05703125
1 0.77265625 0.26953125 0.04140625 0.06171875
1 0.76953125 0.22109375 0.0265625 0.0453125
1 0.7890625 0.19921875 0.03125 0.0515625
1 0.8125 0.15078125 0.01953125 0.04140625
1 0.8609375 0.16796875 0.01796875 0.03671875
1 0.83359375 0.21796875 0.0171875 0.04296875
1 0.88984375 0.196875 0.01953125 0.04296875
1 0.86328125 0.25078125 0.02578125 0.0515625
1 0.84453125 0.31328125 0.02578125 0.0765625
1 0.8953125 0.37734375 0.03359375 0.078125
1 0.9265625 0.23515625 0.02421875 0.05
1 0.6984375 0.16015625 0.015625 0.03671875
1 0.58359375 0.140625 0.021875 0.03515625
1 0.7734375 0.16328125 0.021875 0.046875
1 0.7890625 0.15546875 0.01875 0.0484375
1 0.40234375 0.21796875 0.01875 0.03671875
1 0.53046875 0.21015625 0.0203125 0.046875
1 0.7421875 0.20390625 0.02265625 0.0515625
1 0.896875 0.17109375 0.0125 0.03203125
1 0.9203125 0.26484375 0.0203125 0.053125
1 0.85 0.175 0.01953125 0.03984375