1 0.06640625 0.525 0.03359375 0.05
1 0.05859375 0.4796875 0.0265625 0.0453125
1 0.1015625 0.33984375 0.03359375 0.05
1 0.1375 0.47734375 0.03203125 0.0546875
1 0.1796875 0.46015625 0.03359375 0.05
1 0.190625 0.4375 0.025 0.03984375
1 0.19765625 0.5015625 0.03515625 0.05234375
1 0.22578125 0.4234375 0.025 0.0375
1 0.2453125 0.4734375 0.0265625 0.0578125
1 0.275 0.4828125 0.0296875 0.05
1 0.3078125 0.55625 0.0515625 0.07734375
1 0.32734375 0.51015625 0.03828125 0.075
1 0.31796875 0.45 0.03359375 0.03984375
1 0.31171875 0.35 0.0234375 0.03515625
1 0.38984375 0.4765625 0.0296875 0.05234375
1 0.37890625 0.4375 0.025 0.03984375
1 0.39765625 0.4390625 0.021875 0.04765625
1 0.46015625 0.43125 0.0234375 0.0375
1 0.46640625 0.4515625 0.0265625 0.04765625
1 0.4703125 0.49609375 0.04296875 0.0625
1 0.4953125 0.5453125 0.06015625 0.08984375
1 0.51015625 0.43359375 0.0234375 0.0328125
1 0.50078125 0.41484375 0.01796875 0.025
1 0.56328125 0.43125 0.0203125 0.0375
1 0.5828125 0.5109375 0.0484375 0.0828125
1 0.58203125 0.3578125 0.0265625 0.03515625
1 0.609375 0.4125 0.025 0.03984375
1 0.65703125 0.43125 0.0265625 0.0421875
1 0.6859375 0.33515625 0.021875 0.03984375
1 0.7203125 0.4921875 0.03984375 0.075
1 0.70703125 0.4671875 0.03359375 0.0546875
1 0.76171875 0.4640625 0.0296875 0.0578125
1 0.79765625 0.4859375 0.03515625 0.0578125
1 0.83984375 0.46484375 0.0296875 0.06015625
1 0.853125 0.4359375 0.0203125 0.0421875
1 0.91484375 0.45234375 0.03359375 0.0546875
1 0.9515625 0.4390625 0.0296875 0.05234375