1 0.0375 0.6375 0.06015625 0.1015625
1 0.03515625 0.56953125 0.03984375 0.05625
1 0.0265625 0.52265625 0.0375 0.05234375
1 0.05 0.52421875 0.025 0.04921875
1 0.1234375 0.73125 0.07734375 0.146875
1 0.1109375 0.5546875 0.0328125 0.05625
1 0.0984375 0.51875 0.02265625 0.0375
1 0.11875 0.51484375 0.02734375 0.0453125
1 0.1515625 0.546875 0.0375 0.0640625
1 0.1734375 0.50546875 0.02734375 0.04921875
1 0.20390625 0.490625 0.02265625 0.03359375
1 0.23125 0.5265625 0.0328125 0.0453125
1 0.28125 0.6578125 0.07265625 0.1203125
1 0.26015625 0.58046875 0.03984375 0.04921875
1 0.27109375 0.53203125 0.02734375 0.04140625
1 0.2421875 0.48515625 0.01484375 0.0296875
1 0.26875 0.4921875 0.02265625 0.0375
1 0.28125 0.4703125 0.02265625 0.0296875
1 0.29375 0.4828125 0.02265625 0.03359375
1 0.3203125 0.5359375 0.03984375 0.05625
1 0.3265625 0.490625 0.02734375 0.04140625
1 0.3484375 0.5109375 0.02734375 0.0453125
1 0.375 0.5203125 0.025 0.04140625
1 0.35859375 0.48515625 0.02265625 0.0296875
1 0.3890625 0.565625 0.05234375 0.0640625
1 0.42890625 0.51328125 0.02734375 0.04140625
1 0.4171875 0.490625 0.025 0.03359375
1 0.3875 0.4796875 0.025 0.04140625
1 0.44765625 0.4828125 0.0203125 0.03359375
1 0.4703125 0.4796875 0.0203125 0.03359375
1 0.4953125 0.4890625 0.0203125 0.0375
1 0.4734375 0.5453125 0.0328125 0.06796875
1 0.5046875 0.53359375 0.03515625 0.0453125
1 0.52734375 0.4890625 0.0203125 0.0375
1 0.55390625 0.4984375 0.02734375 0.04921875
1 0.6125 0.4921875 0.025 0.0453125
1 0.6359375 0.471875 0.02734375 0.04140625
1 0.8578125 0.31796875 0.06484375 0.09375