1 0.10859375 0.45546875 0.0265625 0.03984375
1 0.23203125 0.4453125 0.03671875 0.06015625
1 0.26171875 0.46875 0.03359375 0.053125
1 0.328125 0.4359375 0.0265625 0.03125
1 0.35859375 0.46796875 0.03359375 0.05546875
1 0.4203125 0.45078125 0.03984375 0.053125
1 0.44296875 0.54296875 0.0765625 0.1265625
1 0.4578125 0.43359375 0.021875 0.03984375
1 0.4890625 0.44453125 0.028125 0.03984375
1 0.59453125 0.50703125 0.06171875 0.10703125
1 0.67734375 0.4375 0.04140625 0.0625
1 0.71640625 0.5875 0.0796875 0.13125
1 0.89609375 0.5734375 0.078125 0.09765625
1 0.940625 0.4734375 0.0515625 0.09296875
1 0.8859375 0.384375 0.03203125 0.04921875
1 0.85546875 0.42890625 0.03203125 0.053125
1 0.82265625 0.44765625 0.03203125 0.046875