1 0.16640625 0.1890625 0.1703125 0.2703125
1 0.353125 0.125 0.0453125 0.07890625
1 0.39140625 0.1203125 0.0390625 0.06640625
1 0.4453125 0.1140625 0.03828125 0.06328125
1 0.5328125 0.07734375 0.03359375 0.05703125
1 0.57578125 0.0734375 0.03359375 0.04921875
1 0.59453125 0.046875 0.0296875 0.04296875
1 0.63046875 0.07578125 0.0296875 0.04765625
1 0.65859375 0.12265625 0.0328125 0.06796875
1 0.60078125 0.190625 0.06328125 0.08046875
1 0.74921875 0.209375 0.0578125 0.09609375
1 0.75546875 0.1421875 0.05234375 0.06640625
1 0.75234375 0.09296875 0.034375 0.06640625
1 0.70703125 0.0609375 0.0296875 0.05234375
1 0.66484375 0.065625 0.0265625 0.0328125
1 0.79921875 0.05 0.0296875 0.06484375
1 0.84453125 0.0421875 0.03046875 0.04921875
1 0.875 0.07734375 0.0328125 0.05703125
1 0.86015625 0.1421875 0.04296875 0.08828125
1 0.91015625 0.1578125 0.03984375 0.06328125
1 0.9140625 0.2953125 0.06328125 0.1109375
1 0.95859375 0.21875 0.0546875 0.10234375
1 0.94765625 0.10859375 0.03984375 0.06171875
1 0.93046875 0.06171875 0.03359375 0.05390625
1 0.98515625 0.0609375 0.0296875 0.06484375