1 0.03046875 0.6265625 0.0515625 0.07109375
1 0.04296875 0.70234375 0.0796875 0.09296875
1 0.10390625 0.66015625 0.0515625 0.0890625
1 0.0640625 0.81015625 0.08203125 0.121875
1 0.20546875 0.7203125 0.078125 0.12421875
1 0.2453125 0.79921875 0.08984375 0.121875
1 0.25078125 0.65234375 0.06171875 0.09140625
1 0.32421875 0.8609375 0.1046875 0.14921875
1 0.375 0.66640625 0.0703125 0.10234375
1 0.47578125 0.75 0.08828125 0.14453125
1 0.5453125 0.68359375 0.06015625 0.0953125
1 0.628125 0.834375 0.11640625 0.1796875
1 0.6921875 0.67578125 0.06171875 0.10234375
1 0.86484375 0.48203125 0.05 0.06640625
1 0.8046875 0.85234375 0.10703125 0.1625
1 0.94375 0.84453125 0.1125 0.2359375
1 0.8734375 0.7046875 0.0765625 0.1203125