1 0.2515625 0.21015625 0.02734375 0.0453125
1 0.2890625 0.18359375 0.0234375 0.04765625
1 0.4609375 0.18046875 0.0265625 0.05703125
1 0.49609375 0.1859375 0.0265625 0.05546875
1 0.5453125 0.1515625 0.025 0.05703125
1 0.5703125 0.11953125 0.01953125 0.0453125
1 0.60234375 0.121875 0.0265625 0.04921875
1 0.63203125 0.18046875 0.0265625 0.05703125
1 0.659375 0.14921875 0.021875 0.053125
1 0.68984375 0.27265625 0.03203125 0.0515625
1 0.7265625 0.27734375 0.02890625 0.0609375
1 0.815625 0.18046875 0.0265625 0.06953125
1 0.95546875 0.2265625 0.02734375 0.05703125