1 0.1421875 0.5265625 0.0453125 0.084375
1 0.2296875 0.34296875 0.01640625 0.03828125
1 0.2640625 0.34375 0.0203125 0.04453125
1 0.28203125 0.3765625 0.0234375 0.04453125
1 0.284375 0.31171875 0.01953125 0.03671875
1 0.33671875 0.359375 0.0234375 0.05234375
1 0.35625 0.32421875 0.01484375 0.0328125
1 0.353125 0.2953125 0.01484375 0.0328125
1 0.38203125 0.35 0.021875 0.04140625
1 0.41015625 0.334375 0.0203125 0.03828125
1 0.40703125 0.2953125 0.01953125 0.0296875
1 0.3921875 0.2609375 0.015625 0.028125
1 0.43984375 0.334375 0.02578125 0.046875
1 0.42578125 0.25859375 0.01484375 0.02421875
1 0.44375 0.26328125 0.015625 0.03125
1 0.471875 0.3078125 0.0203125 0.04296875
1 0.49921875 0.328125 0.01953125 0.03828125
1 0.46796875 0.265625 0.01171875 0.0359375
1 0.46015625 0.24140625 0.01171875 0.0296875
1 0.5046875 0.2671875 0.015625 0.0359375
1 0.52421875 0.271875 0.0171875 0.03671875
1 0.515625 0.25 0.01640625 0.0296875
1 0.54140625 0.25078125 0.0171875 0.03671875
1 0.546875 0.290625 0.015625 0.034375
1 0.575 0.26015625 0.015625 0.0328125
1 0.56875 0.24921875 0.01015625 0.02578125
1 0.553125 0.228125 0.01328125 0.03125
1 0.56796875 0.22109375 0.01171875 0.028125
1 0.59609375 0.221875 0.01640625 0.0328125
1 0.60234375 0.2078125 0.01171875 0.028125
1 0.59609375 0.253125 0.015625 0.0328125
1 0.63046875 0.25234375 0.0171875 0.034375
1 0.62109375 0.21796875 0.0109375 0.028125
1 0.634375 0.2234375 0.01484375 0.02265625
1 0.66796875 0.22890625 0.0140625 0.02109375
1 0.6671875 0.20625 0.01328125 0.034375
1 0.67890625 0.22421875 0.0171875 0.0296875
1 0.5359375 0.35859375 0.02421875 0.05546875
1 0.47890625 0.40390625 0.03203125 0.05859375
1 0.54921875 0.4078125 0.02734375 0.05
1 0.5921875 0.4546875 0.03125 0.07421875
1 0.6296875 0.46640625 0.03984375 0.07578125
1 0.6921875 0.54375 0.04296875 0.07265625
1 0.80703125 0.51640625 0.03515625 0.06953125
1 0.61015625 0.3609375 0.025 0.05234375
1 0.596875 0.32890625 0.0171875 0.03984375
1 0.62890625 0.3015625 0.0171875 0.03828125
1 0.6453125 0.3671875 0.0265625 0.05703125
1 0.6875 0.35859375 0.021875 0.05546875
1 0.71328125 0.403125 0.03046875 0.06875
1 0.778125 0.4296875 0.0296875 0.0609375
1 0.8328125 0.45546875 0.0296875 0.06875
1 0.91328125 0.46875 0.034375 0.06015625
1 0.8984375 0.4421875 0.0203125 0.04453125
1 0.84921875 0.390625 0.0234375 0.0484375
1 0.80703125 0.3609375 0.021875 0.05234375
1 0.7859375 0.296875 0.01953125 0.03828125
1 0.77265625 0.2875 0.01484375 0.03984375
1 0.7640625 0.265625 0.015625 0.02734375
1 0.77265625 0.23828125 0.01328125 0.0296875
1 0.72578125 0.253125 0.0171875 0.04140625
1 0.740625 0.2390625 0.0109375 0.02265625
1 0.728125 0.23515625 0.01328125 0.02578125
1 0.7015625 0.25 0.01796875 0.03828125
1 0.6671875 0.28203125 0.0171875 0.03984375
1 0.69609375 0.3 0.0203125 0.0328125
1 0.675 0.31796875 0.021875 0.04296875
1 0.80234375 0.24375 0.01640625 0.028125
1 0.8125 0.26484375 0.0171875 0.03125
1 0.83515625 0.25390625 0.0140625 0.028125
1 0.84375 0.271875 0.01953125 0.03671875
1 0.8375 0.3109375 0.01875 0.03828125
1 0.8609375 0.3359375 0.01875 0.03125
1 0.87578125 0.3234375 0.01796875 0.03984375
1 0.87109375 0.2609375 0.01484375 0.034375
1 0.89375 0.2859375 0.01796875 0.04296875
1 0.9125 0.353125 0.021875 0.04296875
1 0.90703125 0.3171875 0.0171875 0.0328125
1 0.91953125 0.30234375 0.01328125 0.0296875
1 0.92890625 0.275 0.015625 0.028125