1 0.15703125 0.259375 0.16796875 0.26328125
1 0.4890625 0.48828125 0.03984375 0.059375
1 0.54609375 0.51328125 0.03671875 0.07265625
1 0.59296875 0.475 0.03359375 0.059375
1 0.6203125 0.54296875 0.03984375 0.07734375
1 0.67109375 0.51171875 0.03671875 0.059375
1 0.7484375 0.6203125 0.04609375 0.0953125
1 0.76796875 0.5296875 0.03671875 0.06796875
1 0.71484375 0.4796875 0.02734375 0.05
1 0.77109375 0.48828125 0.03046875 0.040625
1 0.78203125 0.465625 0.02734375 0.040625
1 0.83671875 0.465625 0.02734375 0.059375
1 0.85078125 0.47734375 0.02421875 0.03671875
1 0.85390625 0.52265625 0.03046875 0.0546875
1 0.890625 0.56171875 0.04296875 0.07734375
1 0.96171875 0.54765625 0.03984375 0.06796875
1 0.9390625 0.49296875 0.03046875 0.059375
1 0.90390625 0.48828125 0.02734375 0.059375