1 0.04453125 0.49140625 0.078125 0.0921875
1 0.06953125 0.4296875 0.04296875 0.05
1 0.16171875 0.38203125 0.0375 0.046875
1 0.2140625 0.4109375 0.05390625 0.05859375
1 0.2484375 0.3703125 0.03046875 0.0453125
1 0.29296875 0.36796875 0.03515625 0.04765625
1 0.3328125 0.36171875 0.03359375 0.0375
1 0.3171875 0.4734375 0.07734375 0.0921875
1 0.3890625 0.4203125 0.0484375 0.05625
1 0.4390625 0.3640625 0.04296875 0.04921875
1 0.44921875 0.3375 0.02265625 0.0265625
1 0.55390625 0.34296875 0.0296875 0.0375
1 0.66328125 0.37890625 0.0359375 0.05
1 0.68984375 0.4296875 0.05390625 0.05859375
1 0.7078125 0.47578125 0.0703125 0.08359375
1 0.734375 0.353125 0.0359375 0.0421875
1 0.815625 0.3671875 0.03671875 0.04765625
1 0.8421875 0.3546875 0.03046875 0.0390625
1 0.89140625 0.39140625 0.05078125 0.07421875
1 0.94921875 0.37109375 0.0359375 0.0453125
1 0.97734375 0.4234375 0.0453125 0.09453125
1 0.95625 0.6765625 0.0875 0.184375