1 0.0296875 0.4640625 0.0296875 0.04921875
1 0.053125 0.47109375 0.03125 0.04140625
1 0.09140625 0.49765625 0.0421875 0.05625
1 0.11953125 0.50859375 0.05 0.07421875
1 0.1515625 0.44375 0.03125 0.0390625
1 0.17421875 0.4625 0.02890625 0.04296875
1 0.18515625 0.55234375 0.05 0.071875
1 0.29296875 0.48984375 0.0421875 0.05546875
1 0.34453125 0.503125 0.04375 0.05859375
1 0.41640625 0.52578125 0.05 0.0671875
1 0.57421875 0.5609375 0.0421875 0.05859375
1 0.53203125 0.4453125 0.02421875 0.03671875
1 0.5953125 0.4640625 0.02421875 0.0453125
1 0.70703125 0.4203125 0.02734375 0.04453125
1 0.9546875 0.5921875 0.08203125 0.13359375