1 0.04375 0.54140625 0.040625 0.0703125
1 0.02265625 0.51796875 0.0359375 0.06171875
1 0.15625 0.5 0.04375 0.06796875
1 0.1828125 0.5375 0.04921875 0.07421875
1 0.20078125 0.5140625 0.0390625 0.065625
1 0.28515625 0.52578125 0.0375 0.0765625
1 0.2671875 0.496875 0.03046875 0.053125
1 0.30390625 0.5234375 0.02734375 0.06796875
1 0.48359375 0.29375 0.07109375 0.10234375
1 0.421875 0.515625 0.02890625 0.065625
1 0.47109375 0.46484375 0.02578125 0.0578125
1 0.50078125 0.52734375 0.03046875 0.06796875
1 0.515625 0.540625 0.03203125 0.0640625
1 0.53203125 0.4765625 0.02890625 0.0640625
1 0.55546875 0.5234375 0.0359375 0.059375
1 0.5953125 0.52890625 0.03203125 0.0703125
1 0.66953125 0.52578125 0.04375 0.08046875
1 0.73828125 0.5359375 0.0390625 0.0640625
1 0.925 0.54609375 0.0421875 0.0875
1 0.9765625 0.57734375 0.03515625 0.0875