1 0.0171875 0.3421875 0.034375 0.0875
1 0.090625 0.37578125 0.0765625 0.11796875
1 0.2484375 0.40703125 0.07890625 0.10703125
1 0.25703125 0.321875 0.04609375 0.0796875
1 0.3671875 0.33203125 0.05234375 0.08359375
1 0.38515625 0.2859375 0.0453125 0.071875
1 0.46640625 0.35 0.0546875 0.08671875
1 0.45234375 0.29140625 0.03984375 0.06015625
1 0.553125 0.2984375 0.04375 0.0703125
1 0.596875 0.2875 0.03359375 0.06796875
1 0.76796875 0.46328125 0.10390625 0.1734375
1 0.8265625 0.384375 0.06484375 0.11796875
1 0.875 0.328125 0.0546875 0.08359375
1 0.978125 0.3703125 0.04375 0.1234375
1 0.965625 0.55390625 0.0609375 0.16796875