1 0.06640625 0.45390625 0.0484375 0.075
1 0.16328125 0.46015625 0.04609375 0.06953125
1 0.24765625 0.45078125 0.040625 0.0625
1 0.221875 0.40078125 0.0234375 0.0453125
1 0.29375 0.41015625 0.025 0.04921875
1 0.3265625 0.45859375 0.040625 0.07734375
1 0.36328125 0.4296875 0.02734375 0.04921875
1 0.421875 0.45 0.0421875 0.071875
1 0.49453125 0.421875 0.02890625 0.05234375
1 0.5203125 0.40546875 0.02265625 0.04296875
1 0.50859375 0.38046875 0.01953125 0.03359375
1 0.528125 0.3625 0.0171875 0.03203125
1 0.5484375 0.37890625 0.0171875 0.03359375
1 0.49375 0.35625 0.015625 0.03046875
1 0.50078125 0.315625 0.01484375 0.028125
1 0.4515625 0.29453125 0.0171875 0.028125
1 0.45 0.37734375 0.01875 0.03203125
1 0.4234375 0.3984375 0.02109375 0.028125
1 0.40234375 0.37890625 0.0234375 0.03359375
1 0.36796875 0.37578125 0.0234375 0.03203125
1 0.35546875 0.39375 0.02734375 0.0375
1 0.79296875 0.48515625 0.03671875 0.0625
1 0.675 0.39140625 0.01953125 0.03046875
1 0.684375 0.3734375 0.01171875 0.02421875