1 0.19453125 0.48515625 0.04375 0.07734375
1 0.12421875 0.2359375 0.021875 0.02890625
1 0.26796875 0.23203125 0.02109375 0.034375
1 0.34609375 0.24453125 0.01953125 0.03984375
1 0.340625 0.20078125 0.015625 0.034375
1 0.35703125 0.2125 0.0109375 0.02890625
1 0.37109375 0.21171875 0.01328125 0.02734375
1 0.41015625 0.2328125 0.01953125 0.0359375
1 0.46796875 0.21796875 0.01953125 0.034375
1 0.440625 0.184375 0.01953125 0.02578125
1 0.39140625 0.17265625 0.01171875 0.01875
1 0.3953125 0.19765625 0.015625 0.0171875
1 0.4390625 0.1515625 0.01640625 0.02734375
1 0.5078125 0.19453125 0.0203125 0.034375
1 0.75625 0.353125 0.03359375 0.04609375
1 0.6796875 0.27890625 0.0234375 0.04296875
1 0.6296875 0.25625 0.02734375 0.0375
1 0.62890625 0.20390625 0.02109375 0.03984375
1 0.66640625 0.23203125 0.02109375 0.0375
1 0.59375 0.253125 0.02109375 0.04296875
1 0.53515625 0.221875 0.01171875 0.02734375
1 0.7859375 0.33828125 0.0234375 0.0515625
1 0.7546875 0.2953125 0.0234375 0.034375
1 0.71953125 0.24921875 0.02109375 0.034375
1 0.82421875 0.36484375 0.01953125 0.053125
1 0.9109375 0.39921875 0.02890625 0.04296875
1 0.88203125 0.26171875 0.01796875 0.04296875
1 0.92734375 0.30078125 0.028125 0.04140625
1 0.84765625 0.23515625 0.015625 0.02421875
1 0.496875 0.13828125 0.0125 0.01875
1 0.53671875 0.146875 0.0125 0.02890625
1 0.6 0.12265625 0.009375 0.02265625
1 0.6125 0.11171875 0.0109375 0.02734375
1 0.67578125 0.115625 0.01171875 0.02578125
1 0.6890625 0.12734375 0.0109375 0.03125
1 0.66796875 0.140625 0.01328125 0.02421875
1 0.653125 0.1296875 0.009375 0.01875
1 0.65546875 0.109375 0.0125 0.01875
1 0.61796875 0.17109375 0.01484375 0.02265625
1 0.684375 0.19453125 0.015625 0.02734375
1 0.71171875 0.12421875 0.01328125 0.02578125
1 0.7640625 0.134375 0.0125 0.0203125
1 0.809375 0.1546875 0.0125 0.034375
1 0.828125 0.1921875 0.01171875 0.02734375
1 0.85859375 0.19921875 0.01328125 0.02734375
1 0.871875 0.17109375 0.01484375 0.0328125
1 0.90703125 0.1703125 0.0125 0.034375
1 0.85 0.15703125 0.01484375 0.02265625
1 0.8328125 0.16875 0.015625 0.0203125
1 0.8984375 0.21796875 0.01484375 0.02734375
1 0.94765625 0.21171875 0.01171875 0.02734375
1 0.7625 0.18671875 0.015625 0.02265625
1 0.94296875 0.17890625 0.0125 0.0203125
1 0.56640625 0.13984375 0.01171875 0.02578125
1 0.58125 0.13046875 0.01171875 0.0203125
1 0.51953125 0.1375 0.01171875 0.0171875
1 0.471875 0.1828125 0.01484375 0.015625
1 0.6203125 0.14296875 0.01328125 0.02734375
1 0.7828125 0.1703125 0.01171875 0.0203125
1 0.70859375 0.19296875 0.01640625 0.03984375
1 0.725 0.20390625 0.0234375 0.04296875
1 0.58203125 0.20078125 0.01640625 0.02734375
1 0.84609375 0.2140625 0.015625 0.0359375
1 0.92578125 0.25234375 0.0234375 0.04453125
1 0.9390625 0.19921875 0.01171875 0.03125
1 0.5078125 0.16171875 0.01171875 0.02421875
1 0.48515625 0.16328125 0.01171875 0.0171875
1 0.515625 0.18125 0.01640625 0.02890625
1 0.55078125 0.14296875 0.01328125 0.02734375