1 0.0390625 0.49140625 0.075 0.16875
1 0.13046875 0.43203125 0.078125 0.11796875
1 0.10390625 0.38984375 0.06484375 0.08203125
1 0.21640625 0.37421875 0.046875 0.06875
1 0.271875 0.42890625 0.06328125 0.09765625
1 0.29921875 0.37421875 0.0484375 0.05546875
1 0.33671875 0.39765625 0.05 0.07109375
1 0.40859375 0.378125 0.03984375 0.0625
1 0.43359375 0.271875 0.05 0.06875
1 0.6546875 0.38125 0.03984375 0.0640625
1 0.66796875 0.49296875 0.096875 0.1421875
1 0.7421875 0.73359375 0.3015625 0.4625
1 0.68828125 0.4140625 0.05 0.078125
1 0.746875 0.3875 0.03671875 0.06015625
1 0.77421875 0.421875 0.0515625 0.07109375
1 0.796875 0.2625 0.05 0.07578125
1 0.840625 0.44453125 0.05859375 0.09296875
1 0.94609375 0.4765625 0.06796875 0.1
1 0.94140625 0.23671875 0.06015625 0.08671875