1 0.17578125 0.46640625 0.04765625 0.09375
1 0.23046875 0.334375 0.01484375 0.03203125
1 0.25859375 0.34140625 0.01953125 0.0421875
1 0.2875 0.3015625 0.0171875 0.0375
1 0.28046875 0.3703125 0.02109375 0.04296875
1 0.33203125 0.35625 0.01953125 0.04609375
1 0.35078125 0.31640625 0.01640625 0.03359375
1 0.34921875 0.2890625 0.0171875 0.03046875
1 0.38671875 0.31875 0.01328125 0.03515625
1 0.40234375 0.328125 0.02109375 0.0375
1 0.40234375 0.2953125 0.01640625 0.03515625
1 0.39921875 0.27265625 0.015625 0.0265625
1 0.38984375 0.25546875 0.01484375 0.03046875
1 0.43125 0.29921875 0.0203125 0.04296875
1 0.42109375 0.26171875 0.01484375 0.02890625
1 0.4359375 0.26328125 0.015625 0.03515625
1 0.46484375 0.2953125 0.015625 0.028125
1 0.4625 0.25859375 0.015625 0.03203125
1 0.4515625 0.24453125 0.0140625 0.0265625
1 0.459375 0.234375 0.01328125 0.025
1 0.49140625 0.3140625 0.01953125 0.0390625
1 0.4875 0.26484375 0.01640625 0.03359375
1 0.496875 0.25234375 0.0125 0.025
1 0.5078125 0.27578125 0.015625 0.03359375
1 0.509375 0.24140625 0.0125 0.03046875
1 0.521875 0.24453125 0.015625 0.0375
1 0.5546875 0.21875 0.0125 0.025
1 0.56171875 0.23671875 0.0140625 0.0265625
1 0.5671875 0.2546875 0.0125 0.03203125
1 0.590625 0.2390625 0.01171875 0.02890625
1 0.5890625 0.21953125 0.01171875 0.0234375
1 0.6 0.2046875 0.01328125 0.0265625
1 0.61171875 0.21640625 0.0125 0.025
1 0.625 0.246875 0.0140625 0.03046875
1 0.6515625 0.2109375 0.01484375 0.03046875
1 0.65703125 0.22734375 0.0125 0.028125
1 0.66796875 0.225 0.0125 0.02890625
1 0.52421875 0.3546875 0.02578125 0.05703125
1 0.4953125 0.37578125 0.0265625 0.0625
1 0.53671875 0.396875 0.03046875 0.0515625
1 0.57890625 0.3796875 0.028125 0.0546875
1 0.5828125 0.32578125 0.0203125 0.04609375
1 0.5421875 0.27578125 0.015625 0.03203125
1 0.6 0.42109375 0.02578125 0.06171875
1 0.625 0.45234375 0.0375 0.07421875
1 0.6515625 0.36484375 0.02578125 0.0484375
1 0.63125 0.33515625 0.0234375 0.04609375
1 0.61796875 0.3015625 0.01953125 0.04296875
1 0.653125 0.27578125 0.01875 0.0375
1 0.67734375 0.3484375 0.02109375 0.05859375
1 0.6890625 0.50703125 0.040625 0.08203125
1 0.70546875 0.39765625 0.03046875 0.05546875
1 0.76640625 0.41953125 0.02890625 0.05546875
1 0.78046875 0.490625 0.03515625 0.0671875
1 0.82421875 0.434375 0.025 0.0625
1 0.8375 0.3703125 0.02421875 0.0515625
1 0.79296875 0.3578125 0.0234375 0.0484375
1 0.89609375 0.46171875 0.0328125 0.0640625
1 0.8890625 0.3921875 0.0265625 0.053125
1 0.9015625 0.35078125 0.01875 0.040625
1 0.87578125 0.32578125 0.021875 0.04609375
1 0.84453125 0.3328125 0.01953125 0.04296875
1 0.81640625 0.30390625 0.021875 0.04453125
1 0.79140625 0.29765625 0.01875 0.0375
1 0.7953125 0.2734375 0.01796875 0.0359375
1 0.790625 0.24609375 0.01640625 0.03203125
1 0.76328125 0.26171875 0.015625 0.03203125
1 0.759375 0.23671875 0.01484375 0.02890625
1 0.7390625 0.2828125 0.0171875 0.0390625
1 0.7296875 0.26328125 0.0125 0.02890625
1 0.74609375 0.2609375 0.0125 0.03046875
1 0.7296875 0.23203125 0.0140625 0.03203125
1 0.71015625 0.25 0.015625 0.03359375
1 0.69375 0.3015625 0.01953125 0.0375
1 0.6875 0.25 0.015625 0.03359375
1 0.81875 0.25625 0.01484375 0.03515625
1 0.83046875 0.2703125 0.0140625 0.0359375
1 0.84921875 0.2546875 0.01328125 0.0375
1 0.86796875 0.27421875 0.0171875 0.0375
1 0.90546875 0.30546875 0.01484375 0.028125
1 0.909375 0.2796875 0.01328125 0.0234375