1 0.40625 0.8640625 0.23359375 0.26640625
1 0.284375 0.8390625 0.18515625 0.29453125
1 0.21484375 0.696875 0.15 0.2
1 0.2125 0.596875 0.1125 0.128125
1 0.24375 0.55859375 0.07109375 0.1109375
1 0.22109375 0.48359375 0.075 0.09453125
1 0.53828125 0.5109375 0.06484375 0.13359375
1 0.59453125 0.51953125 0.06484375 0.1
1 0.65078125 0.54140625 0.09375 0.13359375
1 0.525 0.4609375 0.0625 0.078125
1 0.575 0.2625 0.04609375 0.08046875
1 0.78125 0.4609375 0.05390625 0.09453125
1 0.74296875 0.4625 0.04765625 0.096875
1 0.83203125 0.68359375 0.11484375 0.23359375
1 0.815625 0.6015625 0.10234375 0.146875
1 0.93359375 0.47109375 0.06640625 0.11953125
1 0.88828125 0.453125 0.06015625 0.11640625
1 0.83515625 0.40546875 0.05390625 0.1