1 0.1828125 0.4703125 0.05078125 0.10390625
1 0.6015625 0.2015625 0.01640625 0.03203125
1 0.615625 0.21015625 0.01796875 0.0296875
1 0.6296875 0.221875 0.021875 0.03125
1 0.65234375 0.21171875 0.00859375 0.025
1 0.66328125 0.2234375 0.01796875 0.03125
1 0.6703125 0.2296875 0.01484375 0.0296875
1 0.740625 0.2328125 0.01640625 0.0296875
1 0.5453125 0.21640625 0.0171875 0.03359375
1 0.55859375 0.25703125 0.01484375 0.03125
1 0.5875 0.23671875 0.02265625 0.03203125
1 0.54140625 0.28203125 0.01796875 0.0453125
1 0.38828125 0.25 0.01640625 0.02265625
1 0.44921875 0.2421875 0.015625 0.02421875
1 0.509375 0.28828125 0.02109375 0.03828125
1 0.4953125 0.2671875 0.021875 0.0296875
1 0.421875 0.2828125 0.01796875 0.04375
1 0.40546875 0.29375 0.01640625 0.03671875
1 0.3515625 0.2921875 0.01328125 0.0390625
1 0.284375 0.29921875 0.015625 0.03359375
1 0.22265625 0.33828125 0.01171875 0.03125
1 0.25625 0.3421875 0.01640625 0.04375
1 0.29375 0.3578125 0.0171875 0.04375
1 0.315625 0.3859375 0.0203125 0.04765625
1 0.3515625 0.32421875 0.0171875 0.03125
1 0.378125 0.3328125 0.0140625 0.03125
1 0.40390625 0.3296875 0.01640625 0.03125
1 0.4421875 0.33515625 0.02109375 0.040625
1 0.4625 0.30546875 0.01640625 0.03515625
1 0.5015625 0.32109375 0.025 0.040625
1 0.5875 0.321875 0.02734375 0.0421875
1 0.625 0.2875 0.03125 0.04375
1 0.49453125 0.38125 0.025 0.0578125
1 0.5359375 0.39296875 0.02578125 0.05625
1 0.60234375 0.42265625 0.0359375 0.06171875
1 0.63828125 0.3296875 0.0234375 0.03359375
1 0.6484375 0.36875 0.02734375 0.04921875
1 0.68125 0.34296875 0.021875 0.0421875
1 0.65703125 0.4359375 0.03515625 0.06875
1 0.70078125 0.46796875 0.03671875 0.07890625
1 0.7359375 0.40234375 0.03515625 0.04375
1 0.75703125 0.440625 0.03203125 0.053125
1 0.76875 0.2453125 0.01796875 0.03203125
1 0.696875 0.25390625 0.0140625 0.03125
1 0.66484375 0.26640625 0.0171875 0.03515625
1 0.71328125 0.28203125 0.01484375 0.0421875
1 0.7359375 0.27734375 0.01875 0.0265625
1 0.75703125 0.28515625 0.01875 0.0421875
1 0.79453125 0.2421875 0.01640625 0.0296875
1 0.8234375 0.25859375 0.02109375 0.03359375
1 0.8015625 0.29296875 0.02265625 0.03203125
1 0.834375 0.30625 0.01875 0.0390625
1 0.84921875 0.26328125 0.015625 0.040625
1 0.85625 0.253125 0.01484375 0.04765625
1 0.80625 0.33671875 0.01796875 0.0421875
1 0.7875 0.359375 0.021875 0.0421875
1 0.8484375 0.365625 0.025 0.0546875
1 0.80234375 0.48046875 0.0296875 0.0703125
1 0.878125 0.28203125 0.0171875 0.03671875
1 0.86796875 0.3203125 0.01796875 0.0390625
1 0.91640625 0.26484375 0.0203125 0.03828125
1 0.875 0.3921875 0.0234375 0.04609375
1 0.90234375 0.359375 0.01640625 0.05078125
1 0.91640625 0.31015625 0.01640625 0.02265625
1 0.89375 0.45703125 0.03125 0.06875
1 0.5078125 0.246875 0.02109375 0.02265625
1 0.7265625 0.25234375 0.01875 0.03828125
1 0.8046875 0.27109375 0.01640625 0.03671875
1 0.91484375 0.32578125 0.01875 0.06484375
1 0.83203125 0.44453125 0.02734375 0.06328125
1 0.56484375 0.24140625 0.01171875 0.03125
1 0.4640625 0.2671875 0.01953125 0.03515625
1 0.4359375 0.303125 0.01953125 0.0390625