1 0.15390625 0.39375 0.05234375 0.103125
1 0.33984375 0.18203125 0.01875 0.03671875
1 0.38359375 0.19375 0.01875 0.0328125
1 0.39453125 0.21171875 0.01796875 0.04296875
1 0.42109375 0.215625 0.0203125 0.03515625
1 0.45234375 0.22890625 0.02109375 0.0328125
1 0.38984375 0.1625 0.01328125 0.02890625
1 0.478125 0.165625 0.01640625 0.03515625
1 0.4484375 0.17578125 0.01328125 0.02109375
1 0.5203125 0.19296875 0.02265625 0.0390625
1 0.55078125 0.1953125 0.01875 0.03671875
1 0.57890625 0.12734375 0.015625 0.02890625
1 0.625 0.2578125 0.03125 0.05234375
1 0.7921875 0.21328125 0.02109375 0.040625
1 0.8671875 0.121875 0.01640625 0.040625
1 0.8203125 0.26328125 0.02109375 0.05234375
1 0.93046875 0.26875 0.01875 0.03515625