1 0.56171875 0.3484375 0.0296875 0.04765625
1 0.63984375 0.46015625 0.04296875 0.0703125
1 0.7421875 0.44765625 0.0453125 0.06484375
1 0.80703125 0.52265625 0.06015625 0.1046875
1 0.84453125 0.4671875 0.03828125 0.075
1 0.8984375 0.475 0.053125 0.08984375
1 0.9609375 0.4765625 0.0515625 0.0875
1 0.97578125 0.55390625 0.0484375 0.1078125
1 0.49921875 0.5109375 0.071875 0.1078125
1 0.4265625 0.6 0.11015625 0.16484375
1 0.37265625 0.5234375 0.06484375 0.09765625
1 0.375 0.46015625 0.03359375 0.06484375
1 0.32734375 0.47109375 0.03828125 0.0578125
1 0.2640625 0.4703125 0.05859375 0.0796875
1 0.23046875 0.4984375 0.0546875 0.07734375
1 0.16015625 0.53125 0.0796875 0.09765625
1 0.15546875 0.48125 0.0546875 0.07265625
1 0.1 0.51015625 0.053125 0.0953125
1 0.05234375 0.4421875 0.0484375 0.075
1 0.02265625 0.4953125 0.04140625 0.11484375