1 0.03359375 0.16640625 0.06328125 0.1390625
1 0.12734375 0.37578125 0.1046875 0.19921875
1 0.17578125 0.2265625 0.0453125 0.06484375
1 0.221875 0.196875 0.03359375 0.06484375
1 0.44296875 0.11953125 0.06015625 0.134375
1 0.49765625 0.37421875 0.09140625 0.16640625
1 0.4203125 0.53359375 0.13671875 0.18125
1 0.4015625 0.18671875 0.0703125 0.1140625
1 0.54765625 0.15078125 0.08203125 0.11171875
1 0.64296875 0.2 0.06328125 0.10703125
1 0.66640625 0.16015625 0.05 0.0921875
1 0.74296875 0.1640625 0.053125 0.109375
1 0.84453125 0.14140625 0.2046875 0.27890625
1 0.95234375 0.10546875 0.06796875 0.1265625