1 0.0421875 0.5828125 0.04453125 0.11328125
1 0.21171875 0.30234375 0.01875 0.0453125
1 0.2734375 0.26015625 0.015625 0.04921875
1 0.3234375 0.2484375 0.0171875 0.03828125
1 0.3296875 0.21796875 0.0234375 0.046875
1 0.34453125 0.2421875 0.015625 0.046875
1 0.365625 0.21875 0.0125 0.03125
1 0.365625 0.2015625 0.0125 0.03359375
1 0.38125 0.2859375 0.02109375 0.05078125
1 0.4046875 0.19921875 0.015625 0.0421875
1 0.4109375 0.25078125 0.01875 0.046875
1 0.446875 0.31640625 0.02109375 0.059375
1 0.44765625 0.1984375 0.015625 0.03984375
1 0.48203125 0.26640625 0.0234375 0.0609375
1 0.4875 0.17890625 0.01640625 0.05078125
1 0.5078125 0.1609375 0.01796875 0.03515625
1 0.50703125 0.2140625 0.01953125 0.05078125
1 0.4671875 0.175 0.01640625 0.0453125
1 0.54296875 0.16953125 0.0171875 0.03515625
1 0.56171875 0.23671875 0.0203125 0.04375
1 0.565625 0.15 0.0234375 0.0453125
1 0.5578125 0.16796875 0.0140625 0.03828125
1 0.5875 0.14140625 0.015625 0.0421875
1 0.584375 0.21171875 0.01796875 0.03828125
1 0.59453125 0.16875 0.01171875 0.05078125
1 0.603125 0.1375 0.01484375 0.03984375
1 0.640625 0.13125 0.01484375 0.03828125
1 0.6359375 0.21328125 0.02109375 0.0421875
1 0.675 0.134375 0.0171875 0.0453125
1 0.66640625 0.1890625 0.015625 0.0421875
1 0.7 0.140625 0.02109375 0.03984375
1 0.69375 0.1625 0.01640625 0.03828125
1 0.72109375 0.16015625 0.0171875 0.046875
1 0.621875 0.30234375 0.02109375 0.06328125
1 0.56484375 0.3625 0.025 0.05078125
1 0.61875 0.38046875 0.0234375 0.0578125
1 0.66484375 0.42109375 0.0265625 0.05625
1 0.66640625 0.26640625 0.025 0.05390625
1 0.71875 0.22734375 0.0203125 0.0453125
1 0.7171875 0.303125 0.01875 0.046875
1 0.74765625 0.2125 0.01484375 0.05390625
1 0.7859375 0.1796875 0.015625 0.0453125
1 0.8140625 0.19921875 0.015625 0.03828125
1 0.78515625 0.22265625 0.01875 0.03671875
1 0.771875 0.2953125 0.0203125 0.05234375
1 0.7359375 0.4046875 0.02734375 0.05390625
1 0.80546875 0.4640625 0.02734375 0.08203125
1 0.81953125 0.3109375 0.0171875 0.059375
1 0.8296875 0.22890625 0.01640625 0.04921875
1 0.87578125 0.246875 0.01640625 0.04921875
1 0.865625 0.35546875 0.0234375 0.06484375
1 0.8953125 0.4359375 0.01640625 0.0609375
1 0.86328125 0.5375 0.03671875 0.103125
1 0.90859375 0.25 0.01328125 0.0421875
1 0.89375 0.2890625 0.015625 0.05078125
1 0.9234375 0.3390625 0.0140625 0.0453125
1 0.9375 0.2796875 0.0140625 0.0421875
1 0.95234375 0.26953125 0.0171875 0.0421875
1 0.98515625 0.271875 0.01953125 0.046875
1 0.97578125 0.3171875 0.01328125 0.03984375
1 0.96484375 0.39296875 0.02265625 0.059375
1 0.9578125 0.45703125 0.02421875 0.05390625
1 0.75859375 0.24375 0.02734375 0.0578125
1 0.79296875 0.26484375 0.01796875 0.03671875
1 0.61640625 0.18828125 0.0140625 0.046875
1 0.6265625 0.1625 0.0203125 0.03828125
1 0.4265625 0.1859375 0.01484375 0.03359375