1 0.24375 0.58828125 0.10078125 0.1265625
1 0.47578125 0.56015625 0.1203125 0.15703125
1 0.71328125 0.70078125 0.17890625 0.23828125
1 0.6671875 0.50625 0.06484375 0.10546875
1 0.778125 0.45703125 0.05234375 0.071875
1 0.8921875 0.51796875 0.08515625 0.11875
1 0.81484375 0.4171875 0.0328125 0.053125
1 0.8453125 0.39921875 0.02578125 0.04140625
1 0.8546875 0.38046875 0.02109375 0.03046875
1 0.88046875 0.3859375 0.01875 0.028125
1 0.8984375 0.36171875 0.0171875 0.028125
1 0.9328125 0.4546875 0.053125 0.06953125
1 0.95078125 0.421875 0.03671875 0.04375
1 0.9359375 0.4046875 0.028125 0.03046875
1 0.92578125 0.39921875 0.021875 0.03046875
1 0.93828125 0.3703125 0.0171875 0.025
1 0.95234375 0.38671875 0.025 0.0296875
1 0.959375 0.3609375 0.02109375 0.03046875
1 0.83671875 0.37109375 0.01875 0.025
1 0.8234375 0.384375 0.025 0.03203125
1 0.79375 0.38828125 0.0203125 0.0359375
1 0.7984375 0.365625 0.01875 0.0265625
1 0.765625 0.3953125 0.02109375 0.03359375
1 0.7671875 0.37890625 0.0171875 0.02421875
1 0.7671875 0.3453125 0.0171875 0.0265625
1 0.74375 0.34453125 0.01484375 0.0203125
1 0.73671875 0.40078125 0.028125 0.04140625
1 0.709375 0.4234375 0.0328125 0.046875
1 0.65078125 0.42578125 0.04375 0.0546875
1 0.63359375 0.40234375 0.025 0.0375
1 0.68671875 0.38828125 0.02265625 0.0359375
1 0.7125 0.37421875 0.01484375 0.02265625
1 0.6796875 0.3703125 0.01171875 0.01875
1 0.6734375 0.3703125 0.01328125 0.01875
1 0.62890625 0.38203125 0.01171875 0.0171875
1 0.6078125 0.37734375 0.01484375 0.02109375
1 0.615625 0.37265625 0.0109375 0.0171875
1 0.58515625 0.38203125 0.01484375 0.02265625
1 0.575 0.37578125 0.015625 0.01875
1 0.10078125 0.46640625 0.05390625 0.05859375
1 0.0828125 0.44140625 0.03828125 0.05078125
1 0.04375 0.4375 0.03984375 0.04765625
1 0.05 0.40234375 0.02578125 0.03203125
1 0.0796875 0.403125 0.025 0.03046875
1 0.1296875 0.39296875 0.02421875 0.03203125
1 0.1859375 0.40234375 0.03203125 0.03828125
1 0.22578125 0.40234375 0.01875 0.03359375
1 0.246875 0.4796875 0.0671875 0.084375
1 0.25 0.415625 0.028125 0.04140625
1 0.24609375 0.3859375 0.021875 0.028125
1 0.303125 0.4265625 0.034375 0.05078125
1 0.28515625 0.42265625 0.02421875 0.03984375
1 0.29296875 0.38828125 0.01796875 0.025
1 0.30859375 0.39375 0.02265625 0.03046875
1 0.3328125 0.4015625 0.02578125 0.03203125
1 0.32421875 0.38203125 0.01484375 0.02265625
1 0.35859375 0.3859375 0.01484375 0.02265625
1 0.37578125 0.39765625 0.025 0.03203125
1 0.41171875 0.4359375 0.05234375 0.07734375
1 0.40859375 0.38515625 0.02265625 0.0296875
1 0.384375 0.38046875 0.01484375 0.0203125
1 0.42265625 0.3796875 0.01328125 0.02109375
1 0.43671875 0.396875 0.02578125 0.03828125
1 0.46171875 0.396875 0.0203125 0.03046875
1 0.47890625 0.38828125 0.01796875 0.0296875
1 0.47421875 0.35078125 0.015625 0.01875
1 0.515625 0.40078125 0.02109375 0.03046875
1 0.503125 0.459375 0.05234375 0.0734375
1 0.55625 0.4203125 0.03203125 0.04921875
1 0.5421875 0.384375 0.01171875 0.02265625
1 0.5640625 0.39296875 0.01796875 0.02421875
1 0.54765625 0.371875 0.0140625 0.02109375
1 0.5140625 0.38515625 0.015625 0.01875
1 0.50234375 0.3796875 0.0140625 0.02265625
1 0.5171875 0.37578125 0.01015625 0.01875