1 0.228125 0.3921875 0.05078125 0.09921875
1 0.5328125 0.20078125 0.025 0.04609375
1 0.58671875 0.1765625 0.0203125 0.0390625
1 0.6234375 0.209375 0.0203125 0.053125
1 0.65859375 0.25 0.02890625 0.059375
1 0.67578125 0.22734375 0.0171875 0.0375
1 0.6734375 0.190625 0.0140625 0.0328125
1 0.71328125 0.21484375 0.01796875 0.04765625
1 0.74453125 0.2078125 0.015625 0.0375
1 0.74140625 0.27890625 0.03046875 0.053125
1 0.79765625 0.26875 0.021875 0.05625
1 0.821875 0.27265625 0.021875 0.04765625
1 0.75 0.3796875 0.034375 0.08046875
1 0.8390625 0.37421875 0.0265625 0.0765625
1 0.90546875 0.4578125 0.04765625 0.08671875