1 0.74609375 0.471875 0.0546875 0.0796875
1 0.53984375 0.5796875 0.0328125 0.05625
1 0.48671875 0.6046875 0.0328125 0.05390625
1 0.43203125 0.61953125 0.0390625 0.0609375
1 0.365625 0.61484375 0.046875 0.05625
1 0.37421875 0.57265625 0.0359375 0.0515625
1 0.40078125 0.56796875 0.0265625 0.0515625
1 0.446875 0.57421875 0.028125 0.04453125
1 0.490625 0.5609375 0.03125 0.0375
1 0.5234375 0.55625 0.021875 0.0421875
1 0.55625 0.5484375 0.021875 0.03515625
1 0.49453125 0.5234375 0.0203125 0.0328125
1 0.4796875 0.490625 0.01875 0.0328125
1 0.45078125 0.5296875 0.0234375 0.03984375
1 0.40703125 0.5296875 0.0234375 0.03515625
1 0.40703125 0.490625 0.0203125 0.0328125
1 0.42734375 0.484375 0.0140625 0.03515625
1 0.3703125 0.5328125 0.025 0.0375
1 0.32421875 0.53984375 0.0265625 0.0421875
1 0.275 0.56796875 0.0375 0.0515625
1 0.20390625 0.57265625 0.0421875 0.0703125
1 0.12109375 0.5515625 0.0359375 0.05625
1 0.084375 0.59140625 0.046875 0.0796875
1 0.02109375 0.54140625 0.0328125 0.06328125
1 0.03203125 0.47421875 0.0328125 0.046875
1 0.08828125 0.4953125 0.0296875 0.0515625
1 0.1484375 0.4984375 0.034375 0.04453125
1 0.20234375 0.534375 0.0328125 0.04921875
1 0.259375 0.5296875 0.028125 0.04453125
1 0.29921875 0.5 0.0234375 0.0421875
1 0.3390625 0.5 0.021875 0.0375
1 0.3609375 0.47890625 0.015625 0.0328125
1 0.37109375 0.465625 0.0171875 0.03046875
1 0.3828125 0.48203125 0.015625 0.03046875
1 0.3453125 0.4609375 0.015625 0.03046875
1 0.32421875 0.4765625 0.0140625 0.0234375
1 0.28125 0.47421875 0.01875 0.0328125
1 0.27890625 0.4484375 0.0140625 0.0234375
1 0.27109375 0.44140625 0.0140625 0.0234375
1 0.259375 0.425 0.0125 0.0234375
1 0.29609375 0.44375 0.0171875 0.028125
1 0.309375 0.45078125 0.015625 0.0234375
1 0.24453125 0.47421875 0.0203125 0.0328125
1 0.23515625 0.45390625 0.0171875 0.02578125
1 0.234375 0.428125 0.01875 0.02578125
1 0.2 0.49375 0.03125 0.03515625
1 0.19296875 0.4765625 0.0203125 0.0328125
1 0.19609375 0.45546875 0.0171875 0.0234375
1 0.20078125 0.43046875 0.0171875 0.02578125
1 0.2109375 0.40234375 0.01875 0.03046875
1 0.17578125 0.3765625 0.0140625 0.02109375
1 0.14375 0.4609375 0.025 0.03515625
1 0.15625 0.43203125 0.015625 0.028125
1 0.1671875 0.42265625 0.0125 0.0234375
1 0.16796875 0.3921875 0.0078125 0.01875
1 0.16015625 0.3734375 0.0109375 0.01875
1 0.14609375 0.38359375 0.0140625 0.02109375
1 0.13359375 0.40234375 0.0140625 0.02109375
1 0.12578125 0.415625 0.0171875 0.028125
1 0.10859375 0.428125 0.0171875 0.03046875
1 0.0984375 0.4515625 0.01875 0.03046875
1 0.071875 0.46796875 0.025 0.03984375
1 0.03984375 0.44453125 0.0203125 0.03046875
1 0.06171875 0.428125 0.0171875 0.03046875
1 0.0703125 0.4109375 0.015625 0.028125
1 0.0921875 0.39765625 0.015625 0.02578125
1 0.10703125 0.38125 0.0140625 0.02578125
1 0.11953125 0.3671875 0.0140625 0.02109375
1 0.08671875 0.36484375 0.0171875 0.02109375
1 0.0625 0.3765625 0.0125 0.02578125
1 0.0484375 0.40234375 0.021875 0.02578125
1 0.009375 0.42578125 0.015625 0.03515625
1 0.00859375 0.49375 0.0140625 0.05390625
1 0.00859375 0.38359375 0.0140625 0.03046875
1 0.02265625 0.371875 0.0171875 0.03046875
1 0.0421875 0.3546875 0.015625 0.028125
1 0.00859375 0.35078125 0.0140625 0.02578125