1 0.07578125 0.58203125 0.05234375 0.0765625
1 0.08984375 0.4984375 0.03828125 0.0625
1 0.1890625 0.425 0.04765625 0.06796875
1 0.32578125 0.465625 0.03984375 0.06796875
1 0.33515625 0.5734375 0.04921875 0.08203125
1 0.37109375 0.38828125 0.03671875 0.06015625
1 0.4578125 0.46328125 0.04765625 0.06796875
1 0.5546875 0.40859375 0.03984375 0.0625
1 0.6296875 0.51796875 0.0421875 0.06796875
1 0.58828125 0.596875 0.05625 0.07890625
1 0.72890625 0.42734375 0.0578125 0.084375
1 0.92265625 0.5953125 0.06328125 0.0984375
1 0.95 0.459375 0.0453125 0.0875