1 0.18359375 0.371875 0.04921875 0.08828125
1 0.28203125 0.21953125 0.0140625 0.03671875
1 0.32734375 0.16953125 0.01640625 0.02734375
1 0.3078125 0.22109375 0.01640625 0.03984375
1 0.3296875 0.2296875 0.0203125 0.0328125
1 0.34375 0.18984375 0.015625 0.03984375
1 0.3671875 0.19375 0.0171875 0.04140625
1 0.34921875 0.23984375 0.01796875 0.03984375
1 0.41484375 0.16015625 0.0140625 0.0296875
1 0.42109375 0.1359375 0.01953125 0.0328125
1 0.3890625 0.1859375 0.01640625 0.0328125
1 0.41796875 0.22421875 0.02109375 0.03984375
1 0.44375 0.15625 0.01796875 0.03125
1 0.4578125 0.15234375 0.015625 0.03828125
1 0.46640625 0.12890625 0.0140625 0.02578125
1 0.5078125 0.115625 0.01640625 0.0296875
1 0.4890625 0.13203125 0.01796875 0.03828125
1 0.46015625 0.1984375 0.01640625 0.03984375
1 0.4703125 0.16875 0.02109375 0.03671875
1 0.50234375 0.18125 0.021875 0.03671875
1 0.48359375 0.221875 0.0234375 0.04140625
1 0.49296875 0.278125 0.0203125 0.04296875
1 0.52578125 0.11953125 0.015625 0.02734375
1 0.546875 0.125 0.015625 0.02734375
1 0.55625 0.14765625 0.0203125 0.034375
1 0.5234375 0.15625 0.0140625 0.03125
1 0.55390625 0.17421875 0.01953125 0.03671875
1 0.57265625 0.1125 0.0125 0.034375
1 0.5921875 0.0984375 0.0125 0.02734375
1 0.553125 0.27890625 0.02578125 0.05546875
1 0.58515625 0.16484375 0.015625 0.03125
1 0.6125 0.10390625 0.0125 0.02421875
1 0.63203125 0.096875 0.01328125 0.034375
1 0.6203125 0.13671875 0.01328125 0.02734375
1 0.61484375 0.2296875 0.02109375 0.0609375
1 0.66640625 0.0953125 0.015625 0.02421875
1 0.65625 0.11171875 0.0171875 0.02265625
1 0.68828125 0.0890625 0.0125 0.02578125
1 0.6875 0.1125 0.015625 0.034375
1 0.7140625 0.0953125 0.0109375 0.02421875
1 0.6953125 0.15390625 0.015625 0.03125
1 0.68359375 0.1640625 0.01796875 0.03671875
1 0.67265625 0.2375 0.021875 0.05234375
1 0.60234375 0.3171875 0.02734375 0.05859375
1 0.67421875 0.334375 0.034375 0.07265625
1 0.7203125 0.284375 0.021875 0.05234375
1 0.72890625 0.2125 0.0234375 0.03671875
1 0.7328125 0.128125 0.015625 0.034375
1 0.7453125 0.1234375 0.015625 0.02734375
1 0.78125 0.125 0.015625 0.03125
1 0.74921875 0.16484375 0.02109375 0.03125
1 0.771875 0.21953125 0.01953125 0.03984375
1 0.7890625 0.1453125 0.01953125 0.03828125
1 0.80703125 0.14609375 0.01328125 0.03671875
1 0.79296875 0.19375 0.01796875 0.03828125
1 0.78359375 0.28515625 0.021875 0.0609375
1 0.74375 0.3625 0.02890625 0.065625
1 0.815625 0.3859375 0.0296875 0.06796875
1 0.81875 0.24375 0.0234375 0.05390625
1 0.87109375 0.25234375 0.021875 0.05703125
1 0.84453125 0.303125 0.025 0.05859375
1 0.88359375 0.2171875 0.0140625 0.046875
1 0.92265625 0.209375 0.015625 0.034375
1 0.92109375 0.271875 0.01796875 0.0484375
1 0.91171875 0.340625 0.01796875 0.05703125
1 0.8921875 0.4171875 0.0328125 0.08515625
1 0.76171875 0.175 0.021875 0.0453125
1 0.7171875 0.1796875 0.01640625 0.03984375
1 0.66171875 0.1296875 0.0203125 0.03828125
1 0.59609375 0.125 0.01328125 0.04140625
1 0.55234375 0.13984375 0.0171875 0.03984375
1 0.3734375 0.246875 0.01640625 0.04296875
1 0.5640625 0.23515625 0.02421875 0.046875
1 0.4109375 0.1953125 0.01796875 0.0328125