1 0.0453125 0.62734375 0.06171875 0.09140625
1 0.06171875 0.5671875 0.04375 0.06875
1 0.03203125 0.51015625 0.034375 0.0609375
1 0.0515625 0.49921875 0.02265625 0.046875
1 0.08828125 0.49921875 0.025 0.046875
1 0.12890625 0.540625 0.03125 0.0453125
1 0.1578125 0.5328125 0.02734375 0.0515625
1 0.1109375 0.6375 0.07109375 0.11328125
1 0.21328125 0.57421875 0.040625 0.06171875
1 0.22265625 0.53828125 0.028125 0.04765625
1 0.2640625 0.56953125 0.03828125 0.06171875
1 0.33125 0.61796875 0.04921875 0.08046875
1 0.31328125 0.58125 0.0296875 0.0453125
1 0.33125 0.56015625 0.02421875 0.04765625
1 0.36640625 0.57578125 0.021875 0.040625
1 0.403125 0.62734375 0.04140625 0.07109375
1 0.4296875 0.615625 0.02734375 0.05703125
1 0.425 0.58046875 0.02734375 0.05
1 0.396875 0.58515625 0.0296875 0.04296875
1 0.59375 0.46640625 0.02890625 0.0421875
1 0.53359375 0.61796875 0.046875 0.0828125
1 0.5046875 0.615625 0.03046875 0.06796875
1 0.553125 0.85625 0.1078125 0.209375
1 0.596875 0.6609375 0.04140625 0.0828125
1 0.653125 0.63046875 0.03984375 0.06640625
1 0.84609375 0.7671875 0.0859375 0.1390625
1 0.9046875 0.9265625 0.11484375 0.1453125
1 0.940625 0.809375 0.06953125 0.11015625