0 0.62890625 0.296875 0.1234375 0.22109375
0 0.76640625 0.25234375 0.1875 0.2921875
0 0.90234375 0.3015625 0.11640625 0.228125
0 0.98828125 0.28828125 0.02265625 0.12265625
0 0.47578125 0.296875 0.040625 0.0609375
0 0.38046875 0.31015625 0.04453125 0.0640625
0 0.3015625 0.29921875 0.02265625 0.03828125
0 0.27421875 0.30546875 0.02890625 0.05703125
0 0.24296875 0.31328125 0.03359375 0.06953125
0 0.41796875 0.31015625 0.01875 0.0328125
0 0.4 0.29921875 0.0203125 0.04375
0 0.36796875 0.28671875 0.03515625 0.0546875
1 0.1328125 0.25546875 0.16171875 0.32578125