1 0.16875 0.478125 0.059375 0.10703125
1 0.13046875 0.74765625 0.08984375 0.16015625
1 0.42265625 0.7421875 0.0859375 0.1125
1 0.5765625 0.75234375 0.07578125 0.115625
1 0.5578125 0.8484375 0.09609375 0.13046875
1 0.66875 0.884375 0.08359375 0.1546875
1 0.77578125 0.84453125 0.0734375 0.13984375
1 0.85390625 0.77734375 0.08359375 0.11875
1 0.865625 0.87421875 0.10234375 0.16328125
1 0.95703125 0.8265625 0.0859375 0.121875
1 0.27109375 0.9375 0.11015625 0.125
1 0.1296875 0.934375 0.1078125 0.0828125