1 0.20703125 0.4234375 0.040625 0.071875
1 0.26328125 0.26796875 0.015625 0.02734375
1 0.29296875 0.25 0.01484375 0.02890625
1 0.31796875 0.25625 0.0125 0.03046875
1 0.328125 0.27578125 0.0171875 0.02890625
1 0.34921875 0.28125 0.02109375 0.03046875
1 0.31328125 0.22890625 0.01640625 0.03046875
1 0.33828125 0.225 0.01640625 0.034375
1 0.38046875 0.2765625 0.0203125 0.04453125
1 0.41015625 0.28828125 0.01875 0.04453125
1 0.434375 0.25234375 0.02265625 0.02734375
1 0.46953125 0.23203125 0.01875 0.0375
1 0.3859375 0.20390625 0.01640625 0.02890625
1 0.428125 0.18671875 0.0171875 0.02578125
1 0.41171875 0.17734375 0.01171875 0.02421875
1 0.45625 0.15625 0.01484375 0.0328125
1 0.475 0.1640625 0.01484375 0.03046875
1 0.51484375 0.18671875 0.0125 0.02890625
1 0.48671875 0.203125 0.015625 0.03046875
1 0.5484375 0.19375 0.01328125 0.0359375
1 0.54296875 0.17734375 0.0171875 0.0375
1 0.52734375 0.1546875 0.0125 0.02890625
1 0.5203125 0.13828125 0.01171875 0.03046875
1 0.509375 0.128125 0.009375 0.0203125
1 0.55859375 0.1484375 0.0125 0.02734375
1 0.42734375 0.2234375 0.01953125 0.02734375
1 0.6 0.16484375 0.015625 0.0328125
1 0.6125 0.15390625 0.01171875 0.034375
1 0.5859375 0.13125 0.01484375 0.02421875
1 0.60625 0.109375 0.0109375 0.02734375
1 0.63046875 0.140625 0.01484375 0.02890625
1 0.6203125 0.128125 0.009375 0.0203125
1 0.6515625 0.11171875 0.01171875 0.02578125
1 0.6703125 0.12578125 0.01484375 0.02890625
1 0.52890625 0.2875 0.0203125 0.04296875
1 0.5625 0.303125 0.02265625 0.053125
1 0.57890625 0.24921875 0.01875 0.040625
1 0.6328125 0.21328125 0.0234375 0.034375
1 0.64140625 0.25234375 0.01640625 0.040625
1 0.66015625 0.26875 0.01953125 0.0390625
1 0.66640625 0.22578125 0.015625 0.0390625
1 0.653125 0.1765625 0.01640625 0.0328125
1 0.68984375 0.16953125 0.01484375 0.0328125
1 0.67578125 0.33515625 0.02734375 0.06640625
1 0.7171875 0.2875 0.02421875 0.053125
1 0.79140625 0.35078125 0.03046875 0.059375
1 0.7890625 0.2921875 0.0203125 0.04765625
1 0.75234375 0.2484375 0.02109375 0.0390625
1 0.7125 0.23359375 0.01875 0.0375
1 0.7234375 0.19453125 0.015625 0.0375
1 0.75 0.20078125 0.0171875 0.02890625
1 0.73515625 0.1578125 0.01328125 0.02890625
1 0.7515625 0.1515625 0.01484375 0.03046875
1 0.76953125 0.1796875 0.01328125 0.02890625
1 0.79296875 0.1921875 0.01640625 0.0390625
1 0.78984375 0.14921875 0.0109375 0.02890625
1 0.7734375 0.1234375 0.01328125 0.02890625
1 0.80546875 0.13046875 0.0109375 0.02890625
1 0.81328125 0.1734375 0.01328125 0.0359375
1 0.83125 0.2328125 0.01953125 0.04921875
1 0.84921875 0.215625 0.01484375 0.0390625
1 0.86015625 0.18515625 0.01484375 0.0328125
1 0.8328125 0.1734375 0.0125 0.0390625
1 0.83984375 0.140625 0.01484375 0.0359375
1 0.88671875 0.1546875 0.01171875 0.0328125
1 0.89609375 0.1921875 0.01328125 0.0359375
1 0.8890625 0.22109375 0.0171875 0.0359375
1 0.875 0.23984375 0.0203125 0.04921875
1 0.865625 0.29296875 0.01953125 0.04609375
1 0.92109375 0.27578125 0.0171875 0.04296875