1 0.0609375 0.48046875 0.04765625 0.06171875
1 0.259375 0.2921875 0.01875 0.03203125
1 0.2828125 0.278125 0.01640625 0.028125
1 0.29921875 0.2703125 0.01640625 0.03515625
1 0.34296875 0.2921875 0.01796875 0.03515625
1 0.31640625 0.2390625 0.01484375 0.03359375
1 0.3328125 0.23671875 0.01640625 0.028125
1 0.36640625 0.22890625 0.0140625 0.03671875
1 0.390625 0.209375 0.01328125 0.03359375
1 0.41015625 0.18203125 0.0140625 0.0265625
1 0.42890625 0.18828125 0.01484375 0.03203125
1 0.46015625 0.18359375 0.0203125 0.0265625
1 0.45390625 0.15390625 0.01015625 0.0265625
1 0.4703125 0.15859375 0.01328125 0.0265625
1 0.39765625 0.3 0.025 0.0421875
1 0.41328125 0.234375 0.01875 0.03359375
1 0.44140625 0.240625 0.01796875 0.03671875
1 0.4765625 0.24296875 0.0203125 0.03828125
1 0.49296875 0.21796875 0.015625 0.03515625
1 0.478125 0.32109375 0.02109375 0.053125
1 0.53203125 0.32109375 0.02890625 0.04375
1 0.596875 0.34375 0.0234375 0.05546875
1 0.6734375 0.3453125 0.02421875 0.06484375
1 0.7046875 0.30078125 0.0234375 0.046875
1 0.78203125 0.2984375 0.02421875 0.0484375
1 0.76328125 0.25078125 0.015625 0.03671875
1 0.7015625 0.2375 0.0203125 0.04375
1 0.6640625 0.265625 0.02109375 0.05
1 0.65703125 0.21953125 0.02109375 0.0421875
1 0.6140625 0.225 0.01875 0.0421875
1 0.61171875 0.26640625 0.02421875 0.03203125
1 0.5421875 0.203125 0.01796875 0.03828125
1 0.54609375 0.1703125 0.015625 0.0265625
1 0.5234375 0.1421875 0.0140625 0.03046875
1 0.56328125 0.1171875 0.0140625 0.03046875
1 0.578125 0.17890625 0.0125 0.03359375
1 0.62734375 0.15234375 0.0140625 0.0265625
1 0.61015625 0.11953125 0.0109375 0.025
1 0.5921875 0.1078125 0.01015625 0.01875
1 0.63828125 0.11171875 0.01015625 0.0265625
1 0.69765625 0.10390625 0.01328125 0.0265625
1 0.69296875 0.1546875 0.01875 0.025
1 0.68671875 0.19765625 0.01953125 0.03984375
1 0.725 0.165625 0.0140625 0.03671875
1 0.65078125 0.18359375 0.015625 0.0265625
1 0.734375 0.21015625 0.01640625 0.03515625
1 0.75 0.16953125 0.01484375 0.021875
1 0.7328125 0.1203125 0.00859375 0.0265625
1 0.76328125 0.134375 0.0125 0.03515625
1 0.78046875 0.1328125 0.01015625 0.025
1 0.79140625 0.140625 0.01015625 0.03046875
1 0.81171875 0.13828125 0.01015625 0.028125
1 0.83046875 0.146875 0.01484375 0.03046875
1 0.81640625 0.171875 0.0140625 0.03046875
1 0.79609375 0.18515625 0.0125 0.03203125
1 0.8453125 0.18515625 0.01328125 0.03203125
1 0.86796875 0.1328125 0.01015625 0.028125
1 0.8984375 0.140625 0.0109375 0.0234375
1 0.92734375 0.1671875 0.0125 0.0203125
1 0.89140625 0.1859375 0.0125 0.0265625
1 0.88046875 0.203125 0.01796875 0.03203125
1 0.86640625 0.22890625 0.0140625 0.03984375
1 0.86328125 0.16171875 0.0140625 0.025
1 0.9234375 0.27578125 0.01484375 0.03984375
1 0.921875 0.21171875 0.015625 0.03515625
1 0.67109375 0.1328125 0.0109375 0.025
1 0.48125 0.16953125 0.0125 0.028125
1 0.4890625 0.146875 0.0125 0.0234375
1 0.50546875 0.1796875 0.0140625 0.03203125
1 0.37890625 0.24296875 0.01796875 0.03203125
1 0.55703125 0.2625 0.02109375 0.03671875
1 0.5953125 0.13046875 0.0140625 0.0265625
1 0.55703125 0.15 0.0140625 0.03515625
1 0.5703125 0.1578125 0.0140625 0.03203125
1 0.609375 0.1515625 0.01328125 0.03203125
1 0.61875 0.10625 0.01015625 0.025
1 0.6328125 0.13515625 0.0125 0.0265625
1 0.65 0.12578125 0.0125 0.0265625
1 0.746875 0.1296875 0.0125 0.025
1 0.70234375 0.140625 0.01484375 0.03359375