1 0.44609375 0.253125 0.028125 0.053125
1 0.5328125 0.20703125 0.01953125 0.0359375
1 0.590625 0.178125 0.01328125 0.02890625
1 0.6140625 0.2078125 0.01796875 0.040625
1 0.653125 0.2640625 0.01796875 0.04609375
1 0.6640625 0.22890625 0.0171875 0.0375
1 0.678125 0.21015625 0.015625 0.02890625
1 0.71875 0.21484375 0.01796875 0.0375
1 0.734375 0.21484375 0.01796875 0.03046875
1 0.765625 0.2390625 0.0203125 0.0390625
1 0.80625 0.259375 0.01796875 0.0375
1 0.734375 0.28046875 0.01796875 0.04453125
1 0.73203125 0.34765625 0.02109375 0.0609375
1 0.815625 0.38828125 0.0234375 0.0609375
1 0.9078125 0.45625 0.02578125 0.0609375