1 0.07421875 0.46328125 0.03359375 0.06484375
1 0.290625 0.26484375 0.0171875 0.03359375
1 0.325 0.2765625 0.01328125 0.02890625
1 0.3125 0.2234375 0.0125 0.0234375
1 0.3453125 0.23359375 0.0140625 0.02890625
1 0.340625 0.21640625 0.0125 0.025
1 0.3640625 0.253125 0.01484375 0.03046875
1 0.39140625 0.2625 0.015625 0.034375
1 0.3765625 0.23203125 0.0140625 0.03203125
1 0.396875 0.22265625 0.015625 0.02734375
1 0.415625 0.259375 0.01796875 0.04453125
1 0.42109375 0.19609375 0.0140625 0.02109375
1 0.42265625 0.18125 0.01640625 0.021875
1 0.44765625 0.18984375 0.01328125 0.021875
1 0.45546875 0.21640625 0.01796875 0.03359375
1 0.49765625 0.22890625 0.0171875 0.03203125
1 0.48203125 0.196875 0.01640625 0.03046875
1 0.50390625 0.1796875 0.015625 0.02734375
1 0.53046875 0.1765625 0.01328125 0.03203125
1 0.56484375 0.1859375 0.01484375 0.03359375
1 0.57734375 0.15546875 0.0125 0.0265625
1 0.553125 0.14375 0.0125 0.025
1 0.5625 0.12109375 0.0109375 0.02109375
1 0.53828125 0.134375 0.0109375 0.021875
1 0.5078125 0.15078125 0.0140625 0.02734375
1 0.5 0.13671875 0.01328125 0.0234375
1 0.4671875 0.14921875 0.01484375 0.03203125
1 0.45078125 0.16875 0.0109375 0.01953125
1 0.44609375 0.153125 0.0125 0.0234375
1 0.58828125 0.13046875 0.01328125 0.021875
1 0.62265625 0.14375 0.0125 0.021875
1 0.58125 0.1109375 0.0109375 0.01953125
1 0.58984375 0.10703125 0.0109375 0.025
1 0.59921875 0.10546875 0.0109375 0.01953125
1 0.60625 0.1125 0.009375 0.0234375
1 0.63203125 0.12734375 0.01015625 0.025
1 0.6515625 0.13828125 0.015625 0.03046875
1 0.64453125 0.10625 0.015625 0.02890625
1 0.65859375 0.1125 0.009375 0.02890625
1 0.68828125 0.109375 0.01484375 0.02734375
1 0.53046875 0.28984375 0.0234375 0.0484375
1 0.55859375 0.25 0.01953125 0.03984375
1 0.59765625 0.32734375 0.02578125 0.05390625
1 0.62578125 0.24140625 0.01640625 0.034375
1 0.6140625 0.215625 0.015625 0.034375
1 0.64921875 0.22578125 0.0171875 0.0359375
1 0.66484375 0.265625 0.0234375 0.05
1 0.6671875 0.20546875 0.01796875 0.034375
1 0.709375 0.22265625 0.0234375 0.0390625
1 0.73984375 0.2515625 0.01953125 0.03984375
1 0.76796875 0.30859375 0.02265625 0.0578125
1 0.8078125 0.40625 0.03671875 0.0703125
1 0.88828125 0.35234375 0.02265625 0.05390625
1 0.90859375 0.325 0.01953125 0.04296875
1 0.83125 0.31484375 0.02265625 0.0515625
1 0.81328125 0.24765625 0.0171875 0.03359375
1 0.84609375 0.25390625 0.02265625 0.04296875
1 0.871875 0.21484375 0.01328125 0.03359375
1 0.9171875 0.23203125 0.01875 0.04296875
1 0.88828125 0.1890625 0.0140625 0.03203125
1 0.9046875 0.1546875 0.01171875 0.02109375
1 0.91171875 0.13828125 0.0109375 0.021875
1 0.928125 0.15859375 0.0125 0.0265625
1 0.93671875 0.15625 0.01171875 0.03359375
1 0.928125 0.2015625 0.0125 0.0265625
1 0.85 0.16796875 0.0125 0.02734375
1 0.86953125 0.171875 0.01484375 0.02734375
1 0.8625 0.14765625 0.0140625 0.02890625
1 0.87109375 0.13984375 0.01171875 0.02734375
1 0.803125 0.1734375 0.0125 0.021875
1 0.81328125 0.15078125 0.01171875 0.02734375
1 0.81953125 0.134375 0.0109375 0.02734375
1 0.83828125 0.125 0.0125 0.0265625
1 0.7734375 0.2078125 0.01875 0.03359375
1 0.78125 0.165625 0.0140625 0.03984375
1 0.80390625 0.121875 0.01171875 0.025
1 0.78203125 0.11328125 0.0109375 0.025
1 0.73046875 0.1796875 0.01171875 0.0234375
1 0.71640625 0.16640625 0.0109375 0.025
1 0.71796875 0.13359375 0.0125 0.0234375
1 0.73359375 0.13359375 0.0140625 0.02890625
1 0.75 0.16015625 0.01640625 0.034375