1 0.0828125 0.453125 0.04140625 0.090625
1 0.2875 0.26640625 0.02421875 0.0390625
1 0.31015625 0.21875 0.01953125 0.0375
1 0.34765625 0.21015625 0.01796875 0.03515625
1 0.3375 0.2546875 0.01953125 0.03515625
1 0.36953125 0.26953125 0.021875 0.05
1 0.3671875 0.21171875 0.01796875 0.0375
1 0.39921875 0.2203125 0.02109375 0.0359375
1 0.390625 0.2765625 0.02734375 0.0421875
1 0.42109375 0.18125 0.01484375 0.0359375
1 0.45 0.21171875 0.01796875 0.04609375
1 0.47734375 0.2234375 0.01640625 0.03359375
1 0.46640625 0.13671875 0.01484375 0.03359375
1 0.48515625 0.13203125 0.015625 0.0296875
1 0.49296875 0.15 0.01484375 0.03203125
1 0.503125 0.134375 0.01484375 0.025
1 0.521875 0.13046875 0.0140625 0.02109375
1 0.50234375 0.18125 0.02890625 0.0390625
1 0.53984375 0.16328125 0.015625 0.0359375
1 0.55234375 0.12421875 0.015625 0.028125
1 0.56328125 0.13515625 0.02265625 0.0296875
1 0.55703125 0.18203125 0.01796875 0.0375
1 0.57265625 0.115625 0.0140625 0.025
1 0.58984375 0.10234375 0.02109375 0.028125
1 0.60390625 0.121875 0.02109375 0.0375
1 0.6109375 0.14140625 0.0125 0.025
1 0.6375 0.0953125 0.0125 0.025
1 0.66015625 0.10625 0.01328125 0.03046875
1 0.646875 0.128125 0.01484375 0.028125
1 0.671875 0.115625 0.01015625 0.02265625
1 0.69609375 0.10390625 0.01015625 0.02109375
1 0.5578125 0.22734375 0.021875 0.04453125
1 0.559375 0.27265625 0.02265625 0.04609375
1 0.615625 0.2359375 0.02421875 0.05
1 0.61484375 0.20625 0.02109375 0.04296875
1 0.67890625 0.19375 0.021875 0.040625
1 0.659375 0.2625 0.025 0.04765625
1 0.62734375 0.33984375 0.03046875 0.04921875
1 0.70546875 0.2203125 0.02265625 0.03515625
1 0.7078125 0.1609375 0.01796875 0.0390625
1 0.7203125 0.184375 0.0203125 0.03359375
1 0.73125 0.1375 0.01875 0.03203125
1 0.7515625 0.13515625 0.0203125 0.0375
1 0.78046875 0.11171875 0.01640625 0.025
1 0.77734375 0.1453125 0.021875 0.0421875
1 0.746875 0.23984375 0.02890625 0.0515625
1 0.80234375 0.2796875 0.02578125 0.04921875
1 0.80078125 0.115625 0.01796875 0.03359375
1 0.809375 0.15625 0.0203125 0.03046875
1 0.8375 0.23828125 0.02265625 0.04921875
1 0.825 0.13359375 0.01484375 0.03515625
1 0.85859375 0.13515625 0.01953125 0.0296875
1 0.85546875 0.16640625 0.01484375 0.03046875
1 0.896875 0.140625 0.01328125 0.03515625
1 0.8875 0.18828125 0.01484375 0.025
1 0.828125 0.3 0.025 0.04765625
1 0.840625 0.36015625 0.02265625 0.0640625
1 0.884375 0.33125 0.03046875 0.0640625
1 0.88828125 0.4421875 0.0359375 0.0765625
1 0.87578125 0.24453125 0.0234375 0.05
1 0.9125 0.23125 0.0234375 0.04296875
1 0.92890625 0.19765625 0.01171875 0.03203125
1 0.9328125 0.15 0.0078125 0.0265625
1 0.90546875 0.29609375 0.0265625 0.06171875
1 0.8625 0.20234375 0.01875 0.0359375
1 0.7734375 0.21796875 0.03125 0.05859375
1 0.753125 0.175 0.025 0.040625
1 0.80390625 0.24296875 0.0234375 0.04453125
1 0.82734375 0.209375 0.025 0.0390625
1 0.58046875 0.14765625 0.03125 0.0375
1 0.46953125 0.16484375 0.01875 0.03046875
1 0.4328125 0.18203125 0.025 0.03515625
1 0.45390625 0.18515625 0.01484375 0.0296875
1 0.61640625 0.0953125 0.0203125 0.0234375
1 0.71328125 0.13515625 0.02109375 0.0296875