1 0.1203125 0.5515625 0.0453125 0.0796875
1 0.2171875 0.334375 0.02109375 0.03515625
1 0.24765625 0.33984375 0.0203125 0.04375
1 0.2703125 0.378125 0.02421875 0.03828125
1 0.321875 0.36796875 0.02890625 0.05
1 0.27890625 0.31015625 0.0203125 0.03828125
1 0.34453125 0.325 0.01953125 0.03125
1 0.34765625 0.2953125 0.02109375 0.028125
1 0.38515625 0.2609375 0.01640625 0.034375
1 0.4015625 0.29609375 0.02109375 0.03671875
1 0.40234375 0.32734375 0.01875 0.03984375
1 0.37421875 0.33671875 0.0171875 0.0328125
1 0.44765625 0.33046875 0.0203125 0.03984375
1 0.43046875 0.30703125 0.01875 0.0328125
1 0.41953125 0.259375 0.015625 0.028125
1 0.4265625 0.28984375 0.0171875 0.0328125
1 0.46171875 0.2421875 0.01953125 0.03125
1 0.46875 0.265625 0.0171875 0.03515625
1 0.46875 0.3046875 0.0171875 0.03671875
1 0.496875 0.32578125 0.021875 0.03828125
1 0.50234375 0.25625 0.0203125 0.0296875
1 0.5203125 0.27421875 0.01875 0.0328125
1 0.51796875 0.24765625 0.0140625 0.0296875
1 0.53984375 0.25 0.015625 0.03671875
1 0.55234375 0.22734375 0.015625 0.0265625
1 0.55546875 0.278125 0.01796875 0.03671875
1 0.5671875 0.22578125 0.0125 0.02265625
1 0.5828125 0.2328125 0.01484375 0.02578125
1 0.5796875 0.25859375 0.0171875 0.0328125
1 0.60546875 0.2234375 0.0125 0.0265625
1 0.60703125 0.20625 0.01796875 0.0265625
1 0.62890625 0.2125 0.0140625 0.02578125
1 0.6421875 0.22265625 0.015625 0.028125
1 0.6453125 0.24296875 0.015625 0.0296875
1 0.6765625 0.228125 0.0140625 0.028125
1 0.67578125 0.20703125 0.0125 0.02265625
1 0.68828125 0.2234375 0.01171875 0.0296875
1 0.60078125 0.25703125 0.01796875 0.03125
1 0.4765625 0.396875 0.03046875 0.059375
1 0.54375 0.40390625 0.03359375 0.05703125
1 0.54453125 0.35703125 0.0265625 0.04375
1 0.60546875 0.3265625 0.028125 0.03828125
1 0.58984375 0.39453125 0.034375 0.0484375
1 0.5921875 0.4578125 0.03515625 0.06953125
1 0.63828125 0.45703125 0.03671875 0.059375
1 0.6671875 0.365625 0.02734375 0.046875
1 0.6515625 0.3453125 0.025 0.046875
1 0.6375 0.30078125 0.02421875 0.0453125
1 0.6765625 0.27890625 0.01875 0.03515625
1 0.7109375 0.24765625 0.0171875 0.0328125
1 0.70078125 0.29609375 0.02421875 0.0484375
1 0.7140625 0.30078125 0.01953125 0.03984375
1 0.69296875 0.36328125 0.02734375 0.05703125
1 0.7265625 0.39921875 0.03359375 0.05234375
1 0.70390625 0.53984375 0.04453125 0.08046875
1 0.8453125 0.50234375 0.0390625 0.0734375
1 0.79375 0.415625 0.0296875 0.0625
1 0.8234375 0.36015625 0.0265625 0.0453125
1 0.85703125 0.3875 0.02890625 0.05703125
1 0.934375 0.46171875 0.03359375 0.0578125
1 0.8578125 0.4515625 0.03828125 0.0640625
1 0.9296875 0.3875 0.028125 0.05078125
1 0.94609375 0.3515625 0.01953125 0.0453125
1 0.95234375 0.3234375 0.0203125 0.03671875
1 0.95390625 0.27578125 0.0171875 0.03515625
1 0.92578125 0.30703125 0.01796875 0.03828125
1 0.91796875 0.27734375 0.02421875 0.03828125
1 0.90078125 0.3171875 0.02109375 0.04140625
1 0.90859375 0.35703125 0.01953125 0.04140625
1 0.8796875 0.33046875 0.01875 0.0421875
1 0.85546875 0.31015625 0.01640625 0.03828125
1 0.825 0.303125 0.01875 0.03515625
1 0.82109375 0.2859375 0.01640625 0.03828125
1 0.78203125 0.27890625 0.0171875 0.0328125
1 0.7953125 0.26328125 0.01640625 0.0328125
1 0.7890625 0.23515625 0.0171875 0.03125
1 0.7703125 0.2625 0.01640625 0.034375
1 0.7375 0.25546875 0.01796875 0.03671875
1 0.74375 0.23828125 0.015625 0.03125
1 0.759375 0.23125 0.01640625 0.03125
1 0.8203125 0.24375 0.01953125 0.03671875
1 0.853125 0.2578125 0.015625 0.0328125
1 0.86640625 0.27109375 0.0140625 0.03984375
1 0.884375 0.26328125 0.01640625 0.0328125