1 0.0859375 0.65546875 0.071875 0.10546875
1 0.071875 0.6171875 0.06953125 0.09765625
1 0.31328125 0.50625 0.0375 0.06328125
1 0.3953125 0.609375 0.03671875 0.06171875
1 0.4421875 0.60546875 0.05234375 0.0890625
1 0.48671875 0.609375 0.046875 0.08203125
1 0.54140625 0.5984375 0.05546875 0.10078125
1 0.58828125 0.66953125 0.06171875 0.09375
1 0.65 0.61953125 0.07734375 0.13984375
1 0.78203125 0.67734375 0.0796875 0.1296875
1 0.69921875 0.61875 0.0453125 0.10078125
1 0.740625 0.59765625 0.03515625 0.06796875
1 0.79453125 0.6125 0.0421875 0.06484375
1 0.828125 0.6171875 0.03046875 0.0703125
1 0.875 0.6296875 0.0796875 0.13671875
1 0.94921875 0.63671875 0.0578125 0.0890625
1 0.7453125 0.409375 0.03671875 0.06484375