1 0.3765625 0.19375 0.015625 0.0375
1 0.39765625 0.14140625 0.01796875 0.0421875
1 0.41328125 0.21484375 0.01953125 0.034375
1 0.4375 0.14140625 0.01796875 0.0390625
1 0.6125 0.103125 0.0125 0.02109375
1 0.64765625 0.15078125 0.01484375 0.02265625
1 0.63359375 0.14140625 0.0109375 0.02578125
1 0.64375 0.12265625 0.0109375 0.02109375
1 0.753125 0.14296875 0.0109375 0.02890625
1 0.765625 0.146875 0.01484375 0.02734375
1 0.82421875 0.2609375 0.01796875 0.046875
1 0.89296875 0.25546875 0.01796875 0.04375
1 0.91953125 0.2546875 0.0171875 0.0390625
1 0.94140625 0.1953125 0.0125 0.03046875
1 0.86953125 0.19453125 0.0140625 0.0359375