1 0.06328125 0.2234375 0.04296875 0.05078125
1 0.30234375 0.1953125 0.0546875 0.0625
1 0.4046875 0.19296875 0.046875 0.06640625
1 0.06171875 0.70859375 0.08671875 0.0890625
1 0.03984375 0.8265625 0.0765625 0.13359375
1 0.0796875 0.93671875 0.1 0.11796875
1 0.25078125 0.784375 0.0953125 0.115625
1 0.246875 0.64921875 0.0703125 0.084375
1 0.23359375 0.5796875 0.06328125 0.07578125
1 0.2296875 0.50703125 0.05 0.0578125
1 0.11640625 0.5390625 0.053125 0.078125
1 0.15234375 0.50703125 0.0484375 0.06640625
1 0.2859375 0.48125 0.0453125 0.0640625
1 0.3328125 0.5796875 0.06796875 0.084375
1 0.38515625 0.47421875 0.046875 0.06875
1 0.45234375 0.62109375 0.05859375 0.0734375
1 0.4515625 0.55703125 0.046875 0.06875
1 0.4125 0.71015625 0.071875 0.1
1 0.61953125 0.7953125 0.09140625 0.1421875
1 0.61171875 0.67890625 0.0734375 0.08671875
1 0.59765625 0.5921875 0.0546875 0.08203125
1 0.51328125 0.50234375 0.03671875 0.07109375
1 0.56953125 0.3875 0.05859375 0.05546875
1 0.64140625 0.40703125 0.046875 0.0625
1 0.65078125 0.553125 0.04140625 0.06640625
1 0.80234375 0.59296875 0.06796875 0.0796875
1 0.7234375 0.41640625 0.05 0.06015625
1 0.85546875 0.40859375 0.0515625 0.07578125
1 0.6765625 0.5265625 0.04296875 0.07109375
1 0.92109375 0.66015625 0.06484375 0.084375
1 0.8171875 0.67890625 0.08203125 0.11328125
1 0.95390625 0.45 0.06484375 0.08203125
1 0.96796875 0.18203125 0.06328125 0.09296875
1 0.9609375 0.9109375 0.078125 0.16015625