1 0.07265625 0.54609375 0.05234375 0.09140625
1 0.2203125 0.340625 0.01796875 0.03203125
1 0.25078125 0.36484375 0.0234375 0.04140625
1 0.28515625 0.359375 0.02109375 0.04140625
1 0.28515625 0.30078125 0.0171875 0.03359375
1 0.33515625 0.3546875 0.0203125 0.0484375
1 0.34921875 0.32265625 0.015625 0.034375
1 0.35390625 0.2921875 0.015625 0.034375
1 0.390625 0.26328125 0.01484375 0.03046875
1 0.40234375 0.2765625 0.015625 0.03203125
1 0.40703125 0.29140625 0.0140625 0.03359375
1 0.4078125 0.33203125 0.01875 0.03984375
1 0.38359375 0.31953125 0.021875 0.0375
1 0.4453125 0.3375 0.0203125 0.0375
1 0.4359375 0.29921875 0.01875 0.0390625
1 0.4609375 0.30703125 0.02421875 0.03984375
1 0.42109375 0.2453125 0.0140625 0.025
1 0.44765625 0.25625 0.01328125 0.03359375
1 0.45 0.2453125 0.0140625 0.028125
1 0.465625 0.23125 0.0125 0.021875
1 0.47265625 0.259375 0.01640625 0.028125
1 0.49609375 0.2578125 0.01484375 0.028125
1 0.5046875 0.2453125 0.0109375 0.025
1 0.51640625 0.23984375 0.015625 0.028125
1 0.521875 0.26328125 0.01640625 0.0359375
1 0.5046875 0.31015625 0.02109375 0.0375
1 0.54296875 0.240625 0.01328125 0.02890625
1 0.5515625 0.21875 0.01015625 0.021875
1 0.56640625 0.23515625 0.0125 0.0265625
1 0.56796875 0.2171875 0.01484375 0.02109375
1 0.56171875 0.2578125 0.01484375 0.028125
1 0.5515625 0.27265625 0.01484375 0.02890625
1 0.59375 0.21640625 0.01015625 0.025
1 0.5953125 0.24765625 0.0140625 0.0265625
1 0.60546875 0.203125 0.01015625 0.0234375
1 0.61875 0.2078125 0.0125 0.025
1 0.628125 0.2375 0.0125 0.028125
1 0.64140625 0.21328125 0.0125 0.0234375
1 0.4625 0.4046875 0.03125 0.05859375
1 0.534375 0.39453125 0.02734375 0.0484375
1 0.5546875 0.34375 0.0203125 0.046875
1 0.59296875 0.31015625 0.01875 0.03984375
1 0.5734375 0.42265625 0.03203125 0.06953125
1 0.57734375 0.40546875 0.02734375 0.0484375
1 0.63046875 0.45 0.034375 0.0625
1 0.62421875 0.2875 0.015625 0.0375
1 0.66171875 0.225 0.01171875 0.0265625
1 0.671875 0.22421875 0.01328125 0.0265625
1 0.6671875 0.25859375 0.01484375 0.034375
1 0.69609375 0.253125 0.01328125 0.034375
1 0.7109375 0.27578125 0.015625 0.03359375
1 0.7203125 0.259375 0.0140625 0.0359375
1 0.72734375 0.23984375 0.01328125 0.028125
1 0.73515625 0.2328125 0.01484375 0.025
1 0.646875 0.32578125 0.021875 0.0390625
1 0.65703125 0.3546875 0.025 0.05234375
1 0.67734375 0.34140625 0.02421875 0.05
1 0.73359375 0.39921875 0.02890625 0.05
1 0.775 0.4015625 0.0234375 0.0484375
1 0.76640625 0.2296875 0.01484375 0.034375
1 0.7875 0.25625 0.0140625 0.0234375
1 0.76171875 0.2609375 0.01484375 0.03359375
1 0.78515625 0.29453125 0.015625 0.03984375
1 0.740625 0.278125 0.01875 0.03984375
1 0.7484375 0.259375 0.0109375 0.03046875
1 0.8109375 0.271875 0.015625 0.03359375
1 0.82421875 0.25625 0.01015625 0.025
1 0.8359375 0.271875 0.0125 0.0359375
1 0.846875 0.26875 0.0125 0.0375
1 0.85859375 0.25703125 0.01015625 0.034375
1 0.87734375 0.278125 0.0109375 0.03203125
1 0.9203125 0.259375 0.0125 0.03359375
1 0.91484375 0.3015625 0.01328125 0.03203125
1 0.909375 0.33671875 0.0203125 0.0375
1 0.909375 0.35078125 0.01875 0.04453125
1 0.90546875 0.3890625 0.0203125 0.0515625
1 0.875 0.32109375 0.015625 0.0375
1 0.828125 0.30546875 0.01796875 0.034375
1 0.803125 0.328125 0.01796875 0.0375
1 0.8609375 0.3546875 0.02109375 0.0484375
1 0.84609375 0.3671875 0.02265625 0.0515625
1 0.79453125 0.36953125 0.0203125 0.0515625
1 0.8296875 0.43984375 0.02421875 0.05546875
1 0.89140625 0.4578125 0.0234375 0.05859375
1 0.70625 0.47578125 0.03359375 0.08046875
1 0.790625 0.52109375 0.0328125 0.0765625