0 0.51015625 0.20859375 0.0640625 0.15078125
0 0.6625 0.2234375 0.134375 0.2640625
0 0.91328125 0.146875 0.09296875 0.178125
0 0.4828125 0.253125 0.04140625 0.0890625
0 0.43046875 0.24765625 0.05 0.10859375
0 0.28203125 0.2953125 0.1109375 0.21328125
0 0.06328125 0.24765625 0.0734375 0.1359375
1 0.79140625 0.22421875 0.0453125 0.10234375
1 0.72890625 0.24921875 0.03359375 0.0796875
1 0.1796875 0.3109375 0.04453125 0.10703125
1 0.2140625 0.28359375 0.028125 0.0640625
1 0.14375 0.27109375 0.01875 0.04921875
1 0.12578125 0.29140625 0.02109375 0.04453125
1 0.10078125 0.2953125 0.021875 0.03984375