1 0.0296875 0.47109375 0.0578125 0.178125
1 0.1140625 0.2890625 0.053125 0.103125
1 0.10078125 0.175 0.0390625 0.0671875
1 0.2421875 0.26171875 0.0515625 0.0828125
1 0.21953125 0.17578125 0.03671875 0.06953125
1 0.31171875 0.1515625 0.0328125 0.06171875
1 0.3671875 0.22890625 0.046875 0.0796875
1 0.41171875 0.1625 0.03203125 0.059375
1 0.5 0.13984375 0.03515625 0.059375
1 0.54140625 0.21875 0.03671875 0.08828125
1 0.6609375 0.20859375 0.03984375 0.07578125
1 0.47578125 0.33828125 0.05859375 0.11171875
1 0.27890625 0.41328125 0.06796875 0.12734375
1 0.71875 0.328125 0.05078125 0.11796875
1 0.8734375 0.2890625 0.24140625 0.41484375