1 0.08359375 0.56484375 0.08984375 0.16953125
1 0.05625 0.4453125 0.0734375 0.11640625
1 0.09375 0.42578125 0.0578125 0.10859375
1 0.0796875 0.31953125 0.0546875 0.0984375
1 0.05859375 0.2796875 0.03359375 0.03984375
1 0.12421875 0.296875 0.05078125 0.08515625
1 0.16953125 0.290625 0.03671875 0.071875
1 0.21875 0.34375 0.04375 0.0765625
1 0.21875 0.30390625 0.03671875 0.05078125
1 0.2140625 0.26953125 0.03125 0.0453125
1 0.190625 0.45390625 0.06484375 0.11640625
1 0.22578125 0.41875 0.0546875 0.10078125
1 0.34921875 0.54765625 0.1 0.15625
1 0.34296875 0.44296875 0.06640625 0.08515625
1 0.325 0.3859375 0.04921875 0.0765625
1 0.33359375 0.35 0.04921875 0.0796875
1 0.30703125 0.31953125 0.04375 0.0765625
1 0.27734375 0.29609375 0.0421875 0.0765625
1 0.3453125 0.26015625 0.040625 0.07421875
1 0.409375 0.24921875 0.03828125 0.06875
1 0.4015625 0.30390625 0.040625 0.0609375
1 0.40859375 0.3671875 0.04375 0.09296875
1 0.44140625 0.39375 0.05625 0.09296875
1 0.49296875 0.46796875 0.06484375 0.10859375
1 0.53515625 0.53984375 0.07890625 0.11953125
1 0.5015625 0.29140625 0.04765625 0.07421875
1 0.55390625 0.340625 0.0421875 0.08203125
1 0.59921875 0.2875 0.03515625 0.06640625
1 0.63125 0.33125 0.03515625 0.06875
1 0.640625 0.38828125 0.04765625 0.0875
1 0.67578125 0.31015625 0.03671875 0.06875
1 0.66796875 0.26015625 0.028125 0.04765625
1 0.734375 0.290625 0.03515625 0.05546875
1 0.75234375 0.3265625 0.05625 0.06875
1 0.746875 0.3671875 0.04921875 0.0765625
1 0.74375 0.44140625 0.059375 0.10859375
1 0.83203125 0.44140625 0.05078125 0.1140625
1 0.86328125 0.40078125 0.05234375 0.10625
1 0.81640625 0.31796875 0.04765625 0.08984375
1 0.940625 0.53828125 0.08046875 0.14296875
1 0.95078125 0.39375 0.04921875 0.103125
1 0.93515625 0.36328125 0.0421875 0.08515625