1 0.9046875 0.7875 0.0703125 0.0953125
1 0.87734375 0.7359375 0.0515625 0.07734375
1 0.86796875 0.70390625 0.05 0.07265625
1 0.97734375 0.7359375 0.03515625 0.0671875
1 0.64609375 0.58984375 0.0453125 0.06484375
1 0.57109375 0.69765625 0.03515625 0.0546875
1 0.53984375 0.70390625 0.03984375 0.0578125
1 0.453125 0.7234375 0.05 0.0671875
1 0.48671875 0.67890625 0.0296875 0.05234375
1 0.41796875 0.69609375 0.04296875 0.0625
1 0.35546875 0.68984375 0.03203125 0.0453125
1 0.2734375 0.74375 0.0734375 0.10234375
1 0.3046875 0.70625 0.05 0.0875
1 0.1703125 0.68984375 0.03984375 0.05
1 0.1 0.72890625 0.06640625 0.0875
1 0.040625 0.68125 0.04140625 0.0671875
1 0.07734375 0.6671875 0.04140625 0.075