1 0.20234375 0.43203125 0.04609375 0.06796875
1 0.3078125 0.21875 0.01875 0.0421875
1 0.3328125 0.2296875 0.01640625 0.03828125
1 0.359375 0.23671875 0.01875 0.0453125
1 0.41015625 0.24609375 0.0234375 0.03359375
1 0.41796875 0.2109375 0.01875 0.040625
1 0.4671875 0.19765625 0.02265625 0.03515625
1 0.4203125 0.1546875 0.0125 0.0296875
1 0.434375 0.15625 0.0125 0.03828125
1 0.46953125 0.15625 0.02421875 0.03828125
1 0.49765625 0.15390625 0.01640625 0.03515625
1 0.54375 0.1546875 0.02109375 0.040625
1 0.56015625 0.18984375 0.02265625 0.03671875
1 0.6328125 0.234375 0.01875 0.05234375
1 0.67109375 0.234375 0.0265625 0.03828125
1 0.6421875 0.04921875 0.0125 0.03125
1 0.7328125 0.14765625 0.02265625 0.040625
1 0.9046875 0.1984375 0.01640625 0.040625
1 0.89375 0.2453125 0.0234375 0.059375
1 0.9109375 0.3359375 0.0328125 0.0703125
1 0.92421875 0.24765625 0.0203125 0.05078125
1 0.940625 0.2015625 0.015625 0.0421875
1 0.9640625 0.1875 0.01484375 0.03515625
1 0.3984375 0.209375 0.0171875 0.03671875
1 0.64453125 0.20703125 0.01875 0.0421875