1 0.19453125 0.621875 0.0578125 0.11875
1 0.2515625 0.5453125 0.05234375 0.103125
1 0.30546875 0.590625 0.04765625 0.09375
1 0.3734375 0.559375 0.04921875 0.10625
1 0.46796875 0.6 0.05234375 0.1125
1 0.57265625 0.6671875 0.0578125 0.109375
1 0.67421875 0.571875 0.05078125 0.125
1 0.79921875 0.3328125 0.04921875 0.103125
1 0.84765625 0.2890625 0.04765625 0.109375
1 0.9046875 0.2984375 0.06015625 0.115625
1 0.75 0.303125 0.04921875 0.1
1 0.73671875 0.2359375 0.04765625 0.090625
1 0.690625 0.284375 0.0546875 0.11875
1 0.640625 0.2453125 0.0453125 0.084375
1 0.5921875 0.2859375 0.04921875 0.103125
1 0.5484375 0.2453125 0.05234375 0.103125
1 0.50703125 0.3015625 0.0578125 0.103125
1 0.45078125 0.2484375 0.04765625 0.096875
1 0.39921875 0.2953125 0.04921875 0.096875
1 0.34765625 0.30625 0.04375 0.075
1 0.29609375 0.3421875 0.04765625 0.084375
1 0.259375 0.3046875 0.034375 0.078125
1 0.22265625 0.3296875 0.0453125 0.096875
1 0.1296875 0.3359375 0.05234375 0.103125