1 0.23046875 0.41796875 0.0453125 0.08359375
1 0.27890625 0.2765625 0.01796875 0.0328125
1 0.28671875 0.2640625 0.01796875 0.0328125
1 0.33125 0.2640625 0.02578125 0.04140625
1 0.35390625 0.25703125 0.02109375 0.03828125
1 0.334375 0.22578125 0.01875 0.0328125
1 0.3390625 0.215625 0.0125 0.02421875
1 0.396875 0.25390625 0.02578125 0.04140625
1 0.41953125 0.26171875 0.02421875 0.0484375
1 0.4578125 0.21796875 0.0203125 0.0421875
1 0.49375 0.2078125 0.0171875 0.03984375
1 0.39375 0.1953125 0.015625 0.03671875
1 0.41015625 0.175 0.01484375 0.03515625
1 0.425 0.18125 0.015625 0.03671875
1 0.440625 0.16015625 0.0171875 0.03125
1 0.4671875 0.15703125 0.01328125 0.03671875
1 0.47578125 0.19609375 0.01640625 0.03828125
1 0.51015625 0.18359375 0.01640625 0.03671875
1 0.53828125 0.19453125 0.01875 0.04140625
1 0.546875 0.15859375 0.01796875 0.0421875
1 0.57421875 0.18828125 0.0171875 0.0453125
1 0.5109375 0.146875 0.01484375 0.03125
1 0.496875 0.1265625 0.01328125 0.0296875
1 0.58828125 0.14765625 0.0140625 0.0328125
1 0.6109375 0.14765625 0.01328125 0.0328125
1 0.62578125 0.1328125 0.0140625 0.03125
1 0.6421875 0.12109375 0.0125 0.0265625
1 0.6640625 0.1203125 0.0140625 0.03125
1 0.6078125 0.103125 0.0109375 0.02265625
1 0.5953125 0.10859375 0.01328125 0.0296875
1 0.4953125 0.30234375 0.0296875 0.059375
1 0.54296875 0.31015625 0.0328125 0.0609375
1 0.5546875 0.26875 0.025 0.06484375
1 0.60859375 0.2546875 0.02578125 0.05078125
1 0.621875 0.2078125 0.0234375 0.05390625
1 0.65546875 0.16953125 0.02109375 0.0453125
1 0.65390625 0.2265625 0.0234375 0.05078125
1 0.65 0.27109375 0.0265625 0.05546875
1 0.68984375 0.31015625 0.03203125 0.0609375
1 0.7140625 0.28359375 0.0265625 0.06328125
1 0.71015625 0.23203125 0.02265625 0.0421875
1 0.6921875 0.19765625 0.0203125 0.03828125
1 0.690625 0.1671875 0.01796875 0.03984375
1 0.71796875 0.16015625 0.01796875 0.03359375
1 0.73828125 0.153125 0.01796875 0.03515625
1 0.76640625 0.13671875 0.015625 0.03515625
1 0.7796875 0.15078125 0.01328125 0.0265625
1 0.803125 0.134375 0.0125 0.03359375
1 0.7640625 0.16953125 0.01640625 0.028125
1 0.7421875 0.1921875 0.0203125 0.03984375
1 0.74140625 0.2265625 0.0234375 0.0421875
1 0.75546875 0.34375 0.0296875 0.06796875
1 0.7984375 0.278125 0.02578125 0.0609375
1 0.81484375 0.253125 0.02265625 0.05078125
1 0.81953125 0.215625 0.02109375 0.04375
1 0.784375 0.21171875 0.0203125 0.04140625
1 0.80546875 0.178125 0.01796875 0.03359375
1 0.82109375 0.16015625 0.01796875 0.03828125
1 0.846875 0.146875 0.01484375 0.03671875
1 0.83984375 0.18984375 0.01796875 0.03984375
1 0.875 0.14765625 0.01640625 0.03515625
1 0.88515625 0.19140625 0.015625 0.04140625
1 0.87421875 0.2140625 0.01953125 0.046875
1 0.86484375 0.271875 0.025 0.05625
1 0.91875 0.29921875 0.02734375 0.0609375
1 0.84921875 0.31015625 0.028125 0.06328125