1 0.103125 0.559375 0.04296875 0.071875
1 0.23671875 0.33828125 0.01875 0.03828125
1 0.26640625 0.34453125 0.02109375 0.04609375
1 0.28671875 0.371875 0.01796875 0.03984375
1 0.29609375 0.30703125 0.0171875 0.0359375
1 0.34375 0.35703125 0.028125 0.046875
1 0.36328125 0.33046875 0.01875 0.034375
1 0.3640625 0.29765625 0.01640625 0.02890625
1 0.39453125 0.33359375 0.0203125 0.0375
1 0.403125 0.26171875 0.01796875 0.034375
1 0.41875 0.2953125 0.01953125 0.0359375
1 0.42421875 0.32734375 0.02109375 0.03984375
1 0.43671875 0.29609375 0.0140625 0.02578125
1 0.4390625 0.2578125 0.01953125 0.02890625
1 0.4578125 0.3234375 0.02265625 0.03984375
1 0.4890625 0.30703125 0.02109375 0.0328125
1 0.52109375 0.315625 0.0203125 0.0359375
1 0.4859375 0.2609375 0.0171875 0.0296875
1 0.48203125 0.240625 0.015625 0.02890625
1 0.5234375 0.26171875 0.01640625 0.03125
1 0.5375 0.27421875 0.0171875 0.0359375
1 0.49453125 0.4015625 0.0296875 0.06171875
1 0.5375 0.2484375 0.0140625 0.02734375
1 0.5578125 0.2515625 0.015625 0.03125
1 0.57265625 0.2796875 0.01640625 0.02734375
1 0.59921875 0.26484375 0.01875 0.034375
1 0.60234375 0.2359375 0.01328125 0.02578125
1 0.571875 0.22578125 0.015625 0.02578125
1 0.58828125 0.21796875 0.01328125 0.02421875
1 0.6234375 0.22109375 0.0140625 0.02734375
1 0.61875 0.20703125 0.015625 0.02421875
1 0.62265625 0.246875 0.0109375 0.02734375
1 0.646875 0.21484375 0.015625 0.03125
1 0.65859375 0.21796875 0.0140625 0.0296875
1 0.6609375 0.24609375 0.015625 0.03125
1 0.69375 0.228125 0.0125 0.02734375
1 0.69140625 0.20625 0.0125 0.02578125
1 0.7046875 0.225 0.0125 0.0328125
1 0.55390625 0.35546875 0.02734375 0.05
1 0.5640625 0.409375 0.0421875 0.06328125
1 0.59921875 0.41171875 0.02578125 0.0515625
1 0.62265625 0.3265625 0.02578125 0.0484375
1 0.65546875 0.30078125 0.02265625 0.04140625
1 0.6921875 0.278125 0.01875 0.03828125
1 0.71796875 0.3 0.01953125 0.03828125
1 0.728125 0.29765625 0.01875 0.0484375
1 0.6140625 0.45390625 0.0328125 0.053125
1 0.65390625 0.46328125 0.03359375 0.06875
1 0.68125 0.3609375 0.02421875 0.05
1 0.66875 0.33984375 0.01953125 0.03828125
1 0.70859375 0.36171875 0.02265625 0.04609375
1 0.74375 0.40078125 0.0296875 0.0484375
1 0.725 0.54296875 0.034375 0.0703125
1 0.84296875 0.50703125 0.03203125 0.0671875
1 0.80859375 0.42109375 0.02890625 0.05859375
1 0.83671875 0.3609375 0.0234375 0.04453125
1 0.88515625 0.396875 0.01953125 0.05546875
1 0.8703125 0.4453125 0.02890625 0.0640625
1 0.95 0.4609375 0.03046875 0.07734375
1 0.9390625 0.3984375 0.0203125 0.05
1 0.96171875 0.3515625 0.0203125 0.04609375
1 0.94140625 0.32421875 0.01796875 0.0359375
1 0.93984375 0.29921875 0.015625 0.02890625
1 0.959375 0.3046875 0.0171875 0.034375
1 0.9671875 0.27265625 0.0140625 0.0328125
1 0.92265625 0.27734375 0.015625 0.03125
1 0.9140625 0.31640625 0.0203125 0.0375
1 0.89453125 0.3359375 0.021875 0.04296875
1 0.86484375 0.296875 0.01953125 0.03828125
1 0.8375 0.3 0.01796875 0.03828125
1 0.83828125 0.27578125 0.0140625 0.02578125
1 0.83515625 0.24609375 0.01640625 0.02890625
1 0.86796875 0.25390625 0.0140625 0.0359375
1 0.88203125 0.2703125 0.01640625 0.03984375
1 0.7984375 0.27421875 0.01796875 0.0328125
1 0.8109375 0.26171875 0.015625 0.02890625
1 0.80390625 0.2359375 0.0171875 0.02890625
1 0.753125 0.25 0.01640625 0.0375
1 0.72578125 0.2484375 0.0140625 0.0296875
1 0.76171875 0.23984375 0.0140625 0.0328125
1 0.76953125 0.2328125 0.015625 0.02890625