1 0.14765625 0.27109375 0.01640625 0.03828125
1 0.21328125 0.4546875 0.04140625 0.10234375
1 0.25390625 0.41953125 0.040625 0.10234375
1 0.56484375 0.0546875 0.01640625 0.03203125
1 0.62265625 0.04921875 0.01484375 0.02890625
1 0.4875 0.13046875 0.01875 0.025
1 0.52890625 0.1375 0.01796875 0.03359375
1 0.5578125 0.15078125 0.01875 0.03828125
1 0.578125 0.15078125 0.01875 0.03203125
1 0.8078125 0.12734375 0.0125 0.0265625
1 0.70625 0.140625 0.01484375 0.03203125
1 0.67890625 0.1578125 0.0171875 0.03359375
1 0.7390625 0.14921875 0.02421875 0.040625
1 0.75234375 0.178125 0.01796875 0.03671875
1 0.79296875 0.18828125 0.01484375 0.03671875
1 0.86875 0.22890625 0.01796875 0.04375
1 0.503125 0.28203125 0.0265625 0.06015625
1 0.47109375 0.1921875 0.01640625 0.03828125
1 0.45546875 0.19375 0.0234375 0.0421875
1 0.46484375 0.15859375 0.01875 0.03828125
1 0.5359375 0.19609375 0.01484375 0.03515625
1 0.42109375 0.22265625 0.01796875 0.02890625
1 0.34921875 0.25859375 0.01953125 0.040625
1 0.3703125 0.2640625 0.01953125 0.046875
1 0.42734375 0.2859375 0.01875 0.04375
1 0.65078125 0.25390625 0.021875 0.046875
1 0.71328125 0.2859375 0.02734375 0.0640625
1 0.75859375 0.2984375 0.028125 0.05859375
1 0.4421875 0.2296875 0.01484375 0.03828125
1 0.51640625 0.1578125 0.0171875 0.04375