1 0.20390625 0.746875 0.22421875 0.38515625
1 0.04609375 0.61171875 0.084375 0.16875
1 0.11484375 0.5375 0.05 0.09375
1 0.15234375 0.55703125 0.06796875 0.09609375
1 0.203125 0.51015625 0.05390625 0.075
1 0.29609375 0.56015625 0.0921875 0.14453125
1 0.340625 0.59453125 0.065625 0.11171875
1 0.4328125 0.56953125 0.0578125 0.084375
1 0.553125 0.34375 0.034375 0.06640625
1 0.5296875 0.584375 0.05625 0.10859375
1 0.61171875 0.5734375 0.05234375 0.09375
1 0.66171875 0.5078125 0.05234375 0.08125
1 0.71875 0.6234375 0.16171875 0.22890625
1 0.80234375 0.5 0.04375 0.078125
1 0.90390625 0.52109375 0.05625 0.09609375
1 0.94765625 0.5859375 0.09609375 0.165625