1 0.075 0.621875 0.03671875 0.05078125
1 0.13828125 0.6265625 0.03203125 0.05703125
1 0.18125 0.6171875 0.03125 0.0421875
1 0.22421875 0.63203125 0.03984375 0.053125
1 0.27890625 0.634375 0.0328125 0.0453125
1 0.33359375 0.6234375 0.02734375 0.0484375
1 0.36171875 0.6203125 0.03125 0.0546875
1 0.390625 0.6171875 0.02734375 0.04296875
1 0.421875 0.60859375 0.03203125 0.05
1 0.5171875 0.5953125 0.0375 0.06640625
1 0.58515625 0.62734375 0.034375 0.04765625
1 0.59921875 0.6171875 0.02578125 0.04609375
1 0.6515625 0.621875 0.028125 0.0515625
1 0.696875 0.6109375 0.0296875 0.05078125
1 0.73515625 0.6109375 0.03671875 0.06640625
1 0.75703125 0.60390625 0.028125 0.0515625
1 0.78046875 0.6078125 0.02421875 0.0421875
1 0.83125 0.60078125 0.028125 0.05078125
1 0.8921875 0.58671875 0.03671875 0.06015625
1 0.9765625 0.5859375 0.03515625 0.04921875