1 0.25390625 0.240625 0.015625 0.03046875
1 0.2703125 0.18359375 0.0171875 0.03046875
1 0.3203125 0.25 0.01796875 0.03203125
1 0.32109375 0.2234375 0.01640625 0.025
1 0.35234375 0.2078125 0.01875 0.03203125
1 0.35390625 0.234375 0.01875 0.03359375
1 0.365625 0.26484375 0.02109375 0.03828125
1 0.33515625 0.27265625 0.0171875 0.03046875
1 0.39453125 0.28828125 0.02734375 0.0515625
1 0.40390625 0.21796875 0.01796875 0.0421875
1 0.3875 0.19453125 0.01640625 0.03203125
1 0.37109375 0.18359375 0.0125 0.03046875
1 0.42109375 0.21015625 0.01796875 0.028125
1 0.434375 0.1828125 0.01640625 0.03515625
1 0.45078125 0.1890625 0.0171875 0.03359375
1 0.46875 0.2328125 0.0234375 0.06015625
1 0.4875 0.13515625 0.01328125 0.0234375
1 0.49921875 0.153125 0.0125 0.028125
1 0.484375 0.19375 0.02109375 0.03359375
1 0.515625 0.190625 0.01796875 0.03671875
1 0.534375 0.2046875 0.0203125 0.0421875
1 0.53828125 0.15390625 0.015625 0.03671875
1 0.56015625 0.16015625 0.01640625 0.03359375
1 0.590625 0.1640625 0.01640625 0.03359375
1 0.57265625 0.12421875 0.0125 0.028125
1 0.58203125 0.06328125 0.0125 0.0203125
1 0.603125 0.14140625 0.01328125 0.028125
1 0.61875 0.146875 0.0140625 0.0265625
1 0.64921875 0.134375 0.01328125 0.025
1 0.6234375 0.1296875 0.0140625 0.025
1 0.6578125 0.1203125 0.01171875 0.03046875
1 0.690625 0.12109375 0.01328125 0.028125
1 0.715625 0.07109375 0.01640625 0.03828125
1 0.721875 0.1546875 0.015625 0.03203125
1 0.74375 0.1265625 0.015625 0.03203125
1 0.7140625 0.1828125 0.01796875 0.03515625
1 0.70390625 0.15390625 0.015625 0.03046875
1 0.67734375 0.20703125 0.02109375 0.04375
1 0.64453125 0.2109375 0.021875 0.05
1 0.584375 0.284375 0.03046875 0.06015625
1 0.4875 0.3359375 0.03046875 0.046875
1 0.62421875 0.33125 0.03359375 0.05703125
1 0.615625 0.284375 0.021875 0.04375
1 0.67578125 0.271875 0.03125 0.06484375
1 0.73203125 0.2953125 0.02734375 0.05546875
1 0.7265625 0.2625 0.02578125 0.04375
1 0.7578125 0.19453125 0.02109375 0.0421875
1 0.78125 0.21953125 0.0234375 0.0453125
1 0.75546875 0.1671875 0.0140625 0.03046875
1 0.7765625 0.1390625 0.0171875 0.03359375
1 0.79453125 0.15546875 0.01328125 0.0265625
1 0.81171875 0.1734375 0.01875 0.03828125
1 0.84609375 0.15 0.015625 0.028125
1 0.85234375 0.17421875 0.01328125 0.03046875
1 0.846875 0.21640625 0.0203125 0.0421875
1 0.82578125 0.2484375 0.02109375 0.05546875
1 0.771875 0.32890625 0.02734375 0.0484375
1 0.8578125 0.30703125 0.025 0.06484375
1 0.8578125 0.26953125 0.0234375 0.04375
1 0.9296875 0.2890625 0.021875 0.05
1 0.921875 0.23125 0.02265625 0.0453125
1 0.90078125 0.196875 0.015625 0.03828125
1 0.89609375 0.16328125 0.015625 0.03515625