1 0.07109375 0.53984375 0.06171875 0.09296875
1 0.1203125 0.5625 0.06640625 0.09765625
1 0.175 0.4546875 0.053125 0.0828125
1 0.24296875 0.4734375 0.053125 0.06015625
1 0.24453125 0.21796875 0.0515625 0.0703125
1 0.3171875 0.6265625 0.06796875 0.10546875
1 0.26953125 0.75703125 0.0984375 0.15546875
1 0.45234375 0.7546875 0.09140625 0.15
1 0.49609375 0.54921875 0.06171875 0.1
1 0.49296875 0.4734375 0.05 0.08046875
1 0.47421875 0.43515625 0.0484375 0.06796875
1 0.40859375 0.4984375 0.06015625 0.08515625
1 0.39296875 0.4421875 0.04296875 0.0625
1 0.7046875 0.475 0.05703125 0.1078125
1 0.71015625 0.4234375 0.05 0.08046875
1 0.7640625 0.57890625 0.078125 0.1203125
1 0.8296875 0.69921875 0.1203125 0.15546875
1 0.91953125 0.5171875 0.08203125 0.128125
1 0.83359375 0.4765625 0.0734375 0.10546875
1 0.80078125 0.4046875 0.0546875 0.0828125