1 0.07109375 0.8640625 0.125 0.221875
1 0.1078125 0.61015625 0.0546875 0.1
1 0.16953125 0.5640625 0.0484375 0.06640625
1 0.22578125 0.59765625 0.06484375 0.0890625
1 0.29765625 0.6203125 0.0546875 0.0890625
1 0.30234375 0.54921875 0.03828125 0.0578125
1 0.3359375 0.53125 0.03203125 0.04921875
1 0.3515625 0.4859375 0.0265625 0.0375
1 0.36484375 0.55078125 0.0296875 0.03984375
1 0.384375 0.55078125 0.03515625 0.0625
1 0.409375 0.58203125 0.0515625 0.07578125
1 0.40234375 0.69765625 0.0984375 0.1640625
1 0.47265625 0.6375 0.05859375 0.09765625
1 0.47421875 0.5609375 0.0453125 0.06015625
1 0.5171875 0.59921875 0.0546875 0.08203125
1 0.55390625 0.55859375 0.03203125 0.06015625
1 0.6265625 0.6046875 0.06640625 0.10703125
1 0.578125 0.703125 0.1 0.14453125
1 0.4390625 0.56640625 0.03203125 0.04453125
1 0.91953125 0.553125 0.03828125 0.0578125
1 0.94921875 0.57421875 0.0484375 0.0640625
1 0.98359375 0.546875 0.0328125 0.059375