1 0.11796875 0.7359375 0.0953125 0.13984375
1 0.1734375 0.6421875 0.0671875 0.09296875
1 0.23359375 0.59765625 0.04921875 0.06796875
1 0.275 0.61171875 0.05703125 0.071875
1 0.27421875 0.55390625 0.034375 0.05
1 0.31484375 0.53125 0.02734375 0.0453125
1 0.3265625 0.5125 0.021875 0.0328125
1 0.2828125 0.4625 0.02265625 0.0390625
1 0.3453125 0.46171875 0.0203125 0.0359375
1 0.43359375 0.55703125 0.03203125 0.04609375
1 0.4578125 0.56328125 0.0375 0.05078125
1 0.50859375 0.596875 0.0640625 0.0875
1 0.44296875 0.53359375 0.025 0.025
1 0.4296875 0.52421875 0.028125 0.03828125
1 0.9015625 0.47421875 0.034375 0.05234375