1 0.89296875 0.72265625 0.08046875 0.13671875
1 0.84296875 0.64921875 0.05859375 0.07890625
1 0.72734375 0.6125 0.04140625 0.06953125
1 0.7765625 0.59921875 0.04140625 0.075
1 0.8140625 0.56640625 0.034375 0.05859375
1 0.87265625 0.57734375 0.0296875 0.04140625
1 0.89921875 0.56953125 0.034375 0.05234375
1 0.9296875 0.475 0.02890625 0.03984375
1 0.8453125 0.4828125 0.01875 0.0390625
1 0.78203125 0.48671875 0.0234375 0.03359375
1 0.72421875 0.48515625 0.02578125 0.0328125
1 0.67265625 0.484375 0.03203125 0.0390625
1 0.5796875 0.48125 0.0296875 0.046875
1 0.5921875 0.48359375 0.02421875 0.0421875
1 0.52421875 0.47890625 0.04453125 0.07578125
1 0.46484375 0.4765625 0.05234375 0.08828125
1 0.3421875 0.478125 0.0734375 0.10078125
1 0.190625 0.496875 0.10546875 0.165625
1 0.090625 0.51328125 0.159375 0.259375
1 0.11171875 0.32109375 0.0515625 0.09453125
1 0.0234375 0.271875 0.0359375 0.0546875
1 0.021875 0.2484375 0.02265625 0.0359375
1 0.00859375 0.23203125 0.0140625 0.0296875
1 0.0109375 0.21484375 0.01015625 0.02109375
1 0.09296875 0.2703125 0.02578125 0.040625
1 0.1140625 0.240625 0.01796875 0.0328125
1 0.15078125 0.27265625 0.02578125 0.03203125
1 0.1546875 0.3015625 0.03125 0.05
1 0.20625 0.303125 0.02734375 0.040625
1 0.24921875 0.2984375 0.01796875 0.03359375
1 0.2703125 0.35859375 0.03984375 0.07734375
1 0.31484375 0.37578125 0.03828125 0.0578125
1 0.3703125 0.396875 0.0328125 0.0484375
1 0.3 0.32734375 0.02421875 0.0359375
1 0.29140625 0.29765625 0.02421875 0.03984375
1 0.2375 0.271875 0.01953125 0.02734375
1 0.24921875 0.26484375 0.01640625 0.0234375
1 0.2125 0.2515625 0.01640625 0.02734375
1 0.2453125 0.34140625 0.0296875 0.05390625
1 0.29921875 0.24296875 0.01484375 0.02578125
1 0.32890625 0.26015625 0.01953125 0.0234375
1 0.31875 0.3015625 0.0140625 0.03203125
1 0.3453125 0.334375 0.02265625 0.03515625
1 0.359375 0.29140625 0.0171875 0.028125
1 0.37421875 0.309375 0.015625 0.03359375
1 0.4 0.34375 0.0171875 0.02734375
1 0.446875 0.36953125 0.02421875 0.03203125
1 0.46484375 0.4015625 0.0296875 0.040625
1 0.503125 0.41875 0.01796875 0.03203125
1 0.509375 0.3734375 0.0171875 0.03125
1 0.47421875 0.33984375 0.01796875 0.03046875
1 0.43125 0.31875 0.01328125 0.028125
1 0.4421875 0.30859375 0.01640625 0.021875
1 0.4 0.29296875 0.01796875 0.02265625
1 0.503125 0.30234375 0.015625 0.0234375
1 0.51640625 0.3453125 0.01640625 0.03203125
1 0.5578125 0.37890625 0.02265625 0.040625
1 0.5734375 0.428125 0.0203125 0.0375
1 0.665625 0.4328125 0.0234375 0.03515625
1 0.70546875 0.4328125 0.01953125 0.03203125
1 0.7609375 0.4359375 0.02421875 0.03203125
1 0.83046875 0.4390625 0.0171875 0.03203125
1 0.74921875 0.39765625 0.0125 0.0234375
1 0.6875 0.39453125 0.01640625 0.03046875
1 0.67265625 0.36953125 0.0125 0.021875
1 0.6453125 0.37578125 0.0140625 0.028125
1 0.62734375 0.359375 0.01171875 0.02265625
1 0.62734375 0.34296875 0.0171875 0.01953125
1 0.6453125 0.31484375 0.01328125 0.01796875
1 0.58828125 0.321875 0.01015625 0.02109375
1 0.57578125 0.33828125 0.0171875 0.021875
1 0.5890625 0.36171875 0.02109375 0.02890625
1 0.53828125 0.3359375 0.0140625 0.0234375
1 0.54765625 0.309375 0.01328125 0.01953125