1 0.31875 0.11640625 0.121875 0.22734375
1 0.4578125 0.34765625 0.0359375 0.06328125
1 0.5 0.375 0.02421875 0.04296875
1 0.52890625 0.4109375 0.01796875 0.034375
1 0.57265625 0.38515625 0.02578125 0.0515625
1 0.69765625 0.47421875 0.015625 0.034375
1 0.7109375 0.47578125 0.01796875 0.0375
1 0.74921875 0.4796875 0.01796875 0.02890625
1 0.8046875 0.46875 0.03828125 0.0578125
1 0.8453125 0.4671875 0.03828125 0.06640625
1 0.88671875 0.45078125 0.07421875 0.08046875
1 0.965625 0.43515625 0.0640625 0.10625