1 0.190625 0.225 0.09453125 0.1515625
1 0.3328125 0.28984375 0.04453125 0.08515625
1 0.46015625 0.2625 0.04609375 0.0765625
1 0.50078125 0.26640625 0.04609375 0.07265625
1 0.5765625 0.27578125 0.04609375 0.0828125
1 0.6171875 0.29453125 0.06171875 0.10234375
1 0.64609375 0.25625 0.04921875 0.0765625
1 0.73515625 0.24296875 0.0375 0.07265625
1 0.74609375 0.2125 0.03125 0.04453125
1 0.7734375 0.27109375 0.04609375 0.08984375
1 0.79765625 0.2140625 0.0359375 0.0578125
1 0.8375 0.22421875 0.03125 0.059375
1 0.86875 0.23046875 0.03125 0.05546875
1 0.91484375 0.20390625 0.03125 0.06171875
1 0.93984375 0.2625 0.05390625 0.09375
1 0.959375 0.23671875 0.04765625 0.0984375
1 0.9890625 0.20546875 0.021875 0.06171875