1 0.125 0.3203125 0.03125 0.06015625
1 0.1453125 0.3484375 0.0328125 0.0734375
1 0.18125 0.3875 0.0453125 0.0859375
1 0.1796875 0.3140625 0.03203125 0.0578125
1 0.23203125 0.32734375 0.03828125 0.06640625
1 0.21171875 0.37734375 0.0375 0.07734375
1 0.24140625 0.2921875 0.02578125 0.059375
1 0.29453125 0.33359375 0.03359375 0.07578125
1 0.3328125 0.37578125 0.04140625 0.07578125
1 0.36640625 0.3234375 0.03828125 0.0671875
1 0.39921875 0.30234375 0.034375 0.07890625
1 0.32578125 0.26171875 0.03515625 0.07578125