1 0.18984375 0.459375 0.0484375 0.0984375
1 0.20078125 0.37578125 0.0484375 0.10546875
1 0.290625 0.20234375 0.025 0.04375
1 0.378125 0.27265625 0.021875 0.04375
1 0.35859375 0.2609375 0.021875 0.05
1 0.4109375 0.19921875 0.0171875 0.03359375
1 0.43203125 0.2328125 0.01796875 0.03359375
1 0.45234375 0.2453125 0.0234375 0.03515625
1 0.43828125 0.28515625 0.025 0.0453125
1 0.4625 0.19375 0.01796875 0.03984375
1 0.4859375 0.2078125 0.01796875 0.03515625
1 0.490625 0.16953125 0.01328125 0.028125
1 0.4828125 0.15703125 0.0125 0.0234375
1 0.47109375 0.14921875 0.015625 0.03046875
1 0.49609375 0.1359375 0.015625 0.025
1 0.54453125 0.14375 0.015625 0.03671875
1 0.52109375 0.18046875 0.01796875 0.03671875
1 0.5515625 0.20546875 0.021875 0.03359375
1 0.5703125 0.15703125 0.01640625 0.03046875
1 0.5890625 0.11953125 0.015625 0.025
1 0.59140625 0.1625 0.01484375 0.03046875
1 0.4921875 0.32578125 0.02890625 0.06015625
1 0.63046875 0.24921875 0.0328125 0.06015625
1 0.68125 0.25390625 0.02578125 0.05
1 0.7 0.16015625 0.02109375 0.04375
1 0.72734375 0.14140625 0.01640625 0.0421875
1 0.70703125 0.0984375 0.01640625 0.03046875
1 0.75234375 0.165625 0.01796875 0.04375
1 0.759375 0.15390625 0.015625 0.03359375
1 0.77109375 0.18046875 0.01640625 0.03984375
1 0.76953125 0.10859375 0.0125 0.03046875
1 0.8171875 0.19296875 0.0203125 0.0453125
1 0.828125 0.134375 0.015625 0.03515625
1 0.86796875 0.1828125 0.015625 0.03515625
1 0.88828125 0.240625 0.01953125 0.05
1 0.7796875 0.303125 0.03125 0.05546875
1 0.734375 0.284375 0.02734375 0.06015625