1 0.19296875 0.44375 0.03515625 0.0765625
1 0.2796875 0.23046875 0.01796875 0.03515625
1 0.30703125 0.23046875 0.01640625 0.02890625
1 0.33125 0.23984375 0.021875 0.03046875
1 0.31875 0.19765625 0.015625 0.03359375
1 0.36796875 0.1859375 0.01484375 0.03515625
1 0.37890625 0.165625 0.01171875 0.02421875
1 0.3703125 0.2328125 0.01328125 0.03671875
1 0.3859375 0.24765625 0.02265625 0.03984375
1 0.415625 0.24765625 0.01953125 0.03984375
1 0.41484375 0.20234375 0.01640625 0.03984375
1 0.4421875 0.2046875 0.015625 0.03984375
1 0.42109375 0.15 0.015625 0.03046875
1 0.428125 0.12265625 0.01328125 0.02734375
1 0.41328125 0.1515625 0.01328125 0.03046875
1 0.46875 0.19609375 0.01796875 0.03671875
1 0.5078125 0.19140625 0.01484375 0.03671875
1 0.48203125 0.14765625 0.01328125 0.02890625
1 0.48359375 0.12890625 0.0109375 0.02421875
1 0.50078125 0.11875 0.01328125 0.02265625
1 0.50859375 0.15 0.01484375 0.03359375
1 0.52109375 0.11953125 0.0125 0.02109375
1 0.5390625 0.165625 0.01171875 0.03046875
1 0.578125 0.115625 0.01953125 0.04140625
1 0.559375 0.1484375 0.01484375 0.02734375
1 0.55 0.12265625 0.01171875 0.02109375
1 0.5484375 0.14296875 0.0109375 0.01953125
1 0.615625 0.0578125 0.01015625 0.02265625
1 0.59921875 0.1171875 0.01015625 0.02265625
1 0.6390625 0.11171875 0.0109375 0.02421875
1 0.67421875 0.059375 0.0109375 0.02578125
1 0.65234375 0.14296875 0.009375 0.01953125
1 0.6890625 0.11875 0.0109375 0.02578125
1 0.7109375 0.11015625 0.0109375 0.02421875
1 0.4828125 0.415625 0.06640625 0.1203125
1 0.5671875 0.22578125 0.025 0.0515625
1 0.55390625 0.1828125 0.01796875 0.03203125
1 0.61328125 0.21015625 0.01640625 0.03828125
1 0.7078125 0.321875 0.0296875 0.0671875
1 0.75 0.33359375 0.025 0.0546875
1 0.7890625 0.30078125 0.02109375 0.04609375
1 0.6921875 0.25859375 0.021875 0.05
1 0.64296875 0.25078125 0.02265625 0.05
1 0.6640625 0.21015625 0.01953125 0.03515625
1 0.628125 0.175 0.0125 0.02578125
1 0.71796875 0.18203125 0.01484375 0.03046875
1 0.73046875 0.14765625 0.01171875 0.02578125
1 0.73515625 0.18125 0.01328125 0.02578125
1 0.75 0.1921875 0.01640625 0.03515625
1 0.7234375 0.2125 0.0171875 0.03671875
1 0.76171875 0.240625 0.01953125 0.04453125
1 0.78828125 0.23828125 0.01640625 0.03359375
1 0.75078125 0.13203125 0.01640625 0.03359375
1 0.77265625 0.15546875 0.0125 0.02578125
1 0.7953125 0.128125 0.01484375 0.02890625
1 0.790625 0.17265625 0.0109375 0.02734375
1 0.8078125 0.190625 0.0171875 0.02890625
1 0.821875 0.246875 0.0171875 0.0515625
1 0.83828125 0.24765625 0.015625 0.03359375
1 0.88125 0.2703125 0.01796875 0.03046875
1 0.85 0.0875 0.01484375 0.02734375
1 0.840625 0.159375 0.01484375 0.03671875
1 0.8546875 0.146875 0.0109375 0.02109375
1 0.865625 0.18515625 0.01328125 0.02734375
1 0.86328125 0.22578125 0.01484375 0.02890625
1 0.8953125 0.21484375 0.0125 0.03828125
1 0.90390625 0.16875 0.01328125 0.03046875
1 0.89296875 0.18046875 0.01484375 0.02734375
1 0.93671875 0.16953125 0.0125 0.02890625
1 0.975 0.13359375 0.0109375 0.03046875
1 0.93359375 0.2015625 0.01171875 0.02890625
1 0.91953125 0.225 0.01484375 0.03671875
1 0.93828125 0.2671875 0.01953125 0.03671875
1 0.89140625 0.32734375 0.0234375 0.05625
1 0.70078125 0.175 0.0171875 0.03515625
1 0.6265625 0.146875 0.01328125 0.02734375