1 0.2296875 0.36875 0.0625 0.11875
1 0.44375 0.22265625 0.02578125 0.04765625
1 0.46953125 0.23984375 0.0203125 0.04375
1 0.53359375 0.20390625 0.0203125 0.04609375
1 0.61953125 0.19921875 0.02109375 0.0515625
1 0.63671875 0.2328125 0.02578125 0.053125
1 0.68046875 0.209375 0.02578125 0.053125
1 0.671875 0.17109375 0.01953125 0.04609375
1 0.715625 0.1859375 0.01796875 0.03828125
1 0.6890625 0.25859375 0.028125 0.04921875
1 0.72734375 0.30625 0.02578125 0.053125
1 0.82421875 0.2453125 0.0265625 0.0546875
1 0.8703125 0.24921875 0.02578125 0.053125
1 0.90703125 0.31328125 0.028125 0.0640625
1 0.9375 0.321875 0.03046875 0.06953125