1 0.01640625 0.45234375 0.03046875 0.075
1 0.09453125 0.43125 0.05 0.07890625
1 0.10859375 0.46015625 0.04140625 0.07890625
1 0.090625 0.49921875 0.05546875 0.08515625
1 0.0765625 0.61484375 0.08359375 0.13359375
1 0.19765625 0.578125 0.0765625 0.12265625
1 0.2453125 0.48984375 0.05390625 0.09140625
1 0.31953125 0.56328125 0.071875 0.13125
1 0.2234375 0.76796875 0.103125 0.15625
1 0.278125 0.71796875 0.08046875 0.16484375
1 0.46875 0.59609375 0.065625 0.09609375
1 0.45703125 0.52265625 0.05546875 0.09609375
1 0.50859375 0.725 0.1109375 0.2125
1 0.5578125 0.65703125 0.065625 0.13125
1 0.52890625 0.56015625 0.06640625 0.12109375
1 0.5625 0.55625 0.04453125 0.10390625
1 0.6703125 0.55859375 0.07109375 0.10390625
1 0.7515625 0.6375 0.0890625 0.15
1 0.8015625 0.56484375 0.05546875 0.09609375
1 0.84140625 0.61328125 0.0609375 0.10234375
1 0.91015625 0.64765625 0.0765625 0.125
1 0.94609375 0.575 0.05 0.09140625
1 0.9765625 0.59921875 0.0359375 0.08125
1 0.871875 0.33125 0.05859375 0.10859375