1 0.15703125 0.81953125 0.11015625 0.15546875
1 0.34296875 0.59296875 0.0703125 0.1125
1 0.359375 0.49375 0.0484375 0.0703125
1 0.3671875 0.4359375 0.04140625 0.06015625
1 0.28203125 0.4703125 0.05 0.06796875
1 0.25546875 0.5109375 0.0546875 0.08046875
1 0.20859375 0.45703125 0.0703125 0.1078125
1 0.10859375 0.52265625 0.0765625 0.1125
1 0.084375 0.45 0.06796875 0.07734375
1 0.25546875 0.42265625 0.03828125 0.05234375
1 0.27109375 0.38359375 0.03515625 0.05546875
1 0.34453125 0.3796875 0.028125 0.0578125
1 0.43359375 0.403125 0.03671875 0.05546875
1 0.4109375 0.390625 0.025 0.05
1 0.6046875 0.4046875 0.03359375 0.04765625
1 0.6390625 0.4125 0.03515625 0.0625
1 0.66015625 0.45 0.046875 0.06796875
1 0.65390625 0.38125 0.03203125 0.05546875
1 0.69140625 0.4046875 0.03671875 0.0625
1 0.7296875 0.425 0.04296875 0.0625
1 0.73203125 0.3796875 0.03359375 0.05234375
1 0.75703125 0.40234375 0.03671875 0.0625
1 0.72421875 0.5140625 0.06484375 0.10546875
1 0.78671875 0.61171875 0.06640625 0.11015625
1 0.809375 0.4875 0.06484375 0.0875
1 0.81328125 0.4109375 0.06015625 0.08984375
1 0.8984375 0.4796875 0.06328125 0.09296875
1 0.96328125 0.57890625 0.0734375 0.115625
1 0.953125 0.82734375 0.08984375 0.1703125
1 0.5234375 0.21171875 0.03984375 0.0625