1 0.20703125 0.4875 0.05078125 0.090625
1 0.28671875 0.47109375 0.046875 0.09375
1 0.31015625 0.22734375 0.0203125 0.03515625
1 0.34453125 0.17890625 0.0234375 0.04921875
1 0.3890625 0.1140625 0.015625 0.03359375
1 0.42578125 0.16875 0.01640625 0.04140625
1 0.4421875 0.1765625 0.02265625 0.03515625
1 0.43671875 0.1546875 0.0171875 0.02734375
1 0.48515625 0.1609375 0.01875 0.03515625
1 0.52109375 0.1453125 0.015625 0.02734375
1 0.5375 0.16015625 0.01796875 0.04296875
1 0.56953125 0.15859375 0.015625 0.03515625
1 0.61171875 0.04921875 0.01328125 0.03515625
1 0.7328125 0.11875 0.021875 0.03671875