1 0.1421875 0.20078125 0.0625 0.09609375
1 0.209375 0.1421875 0.05 0.10546875
1 0.23984375 0.28203125 0.0796875 0.15
1 0.34921875 0.1359375 0.0453125 0.0890625
1 0.36328125 0.05859375 0.0515625 0.0890625
1 0.47890625 0.14765625 0.0578125 0.0984375
1 0.50078125 0.19609375 0.0546875 0.09609375
1 0.6015625 0.34140625 0.10625 0.18515625
1 0.75234375 0.0328125 0.0421875 0.0609375
1 0.859375 0.07734375 0.040625 0.065625
1 0.88203125 0.03203125 0.0421875 0.05859375
1 0.878125 0.58671875 0.165625 0.29609375