1 0.10625 0.41484375 0.05 0.10546875
1 0.2765625 0.22734375 0.01875 0.03671875
1 0.3125 0.21875 0.01328125 0.034375
1 0.32578125 0.21484375 0.01328125 0.034375
1 0.32578125 0.19921875 0.01484375 0.034375
1 0.3484375 0.2171875 0.01484375 0.04375
1 0.36953125 0.240625 0.01953125 0.03671875
1 0.3546875 0.18515625 0.01484375 0.03671875
1 0.3765625 0.20703125 0.0171875 0.03828125
1 0.38125 0.1609375 0.01328125 0.0265625
1 0.3921875 0.20625 0.01484375 0.03984375
1 0.40390625 0.22890625 0.01640625 0.03984375
1 0.41875 0.2421875 0.01953125 0.04765625
1 0.4203125 0.19140625 0.01640625 0.0265625
1 0.42109375 0.15390625 0.0140625 0.0328125
1 0.440625 0.1578125 0.01640625 0.02890625
1 0.4421875 0.18984375 0.0171875 0.0421875
1 0.446875 0.21015625 0.01953125 0.03984375
1 0.47421875 0.1296875 0.01171875 0.025
1 0.48515625 0.14140625 0.01328125 0.0265625
1 0.5 0.17890625 0.0140625 0.0328125
1 0.52890625 0.16796875 0.01640625 0.03984375
1 0.5171875 0.16015625 0.0140625 0.025
1 0.51328125 0.1453125 0.01171875 0.02265625
1 0.51328125 0.128125 0.0109375 0.01953125
1 0.49765625 0.11875 0.01171875 0.02265625
1 0.54765625 0.11875 0.0140625 0.0265625
1 0.56484375 0.140625 0.01171875 0.025
1 0.56796875 0.16015625 0.0140625 0.0328125
1 0.55546875 0.178125 0.0171875 0.03828125
1 0.59453125 0.159375 0.01328125 0.03046875
1 0.6078125 0.159375 0.01640625 0.0421875
1 0.60234375 0.1109375 0.01328125 0.02265625
1 0.62421875 0.134375 0.0140625 0.03046875
1 0.63984375 0.1453125 0.0140625 0.03046875
1 0.6515625 0.14296875 0.01484375 0.02890625
1 0.66953125 0.11328125 0.01171875 0.03046875
1 0.68125 0.103125 0.0109375 0.0265625
1 0.67734375 0.13046875 0.0140625 0.0265625
1 0.70859375 0.11015625 0.01171875 0.0328125
1 0.58984375 0.21875 0.0203125 0.04609375
1 0.6328125 0.2296875 0.02265625 0.0578125
1 0.6453125 0.203125 0.0171875 0.04609375
1 0.66953125 0.16875 0.01640625 0.03046875
1 0.6703125 0.22109375 0.0171875 0.04765625
1 0.68515625 0.25078125 0.02265625 0.05
1 0.7125 0.31796875 0.028125 0.0765625
1 0.7765625 0.34765625 0.028125 0.059375
1 0.7953125 0.275 0.021875 0.05546875
1 0.76484375 0.24140625 0.01875 0.04609375
1 0.73671875 0.2375 0.0203125 0.0421875
1 0.72109375 0.17734375 0.01484375 0.0328125
1 0.7328125 0.1734375 0.0140625 0.03984375
1 0.734375 0.14375 0.0140625 0.034375
1 0.746875 0.13515625 0.01328125 0.0328125
1 0.765625 0.121875 0.01328125 0.02890625
1 0.77734375 0.1390625 0.01328125 0.0328125
1 0.8 0.1328125 0.0109375 0.025
1 0.81796875 0.13203125 0.01171875 0.03046875
1 0.79375 0.165625 0.01328125 0.02890625
1 0.79765625 0.19609375 0.0171875 0.04375
1 0.753125 0.1890625 0.01484375 0.03984375
1 0.8484375 0.14765625 0.01328125 0.03046875
1 0.8265625 0.16484375 0.0140625 0.03046875
1 0.81953125 0.19921875 0.01484375 0.03828125
1 0.8234375 0.2484375 0.02265625 0.0515625
1 0.8453125 0.21171875 0.01953125 0.04375
1 0.87265625 0.1703125 0.01484375 0.034375
1 0.9078125 0.1515625 0.01171875 0.03046875
1 0.946875 0.1796875 0.0109375 0.03046875
1 0.90390625 0.18125 0.01328125 0.03671875
1 0.9078125 0.215625 0.01640625 0.04765625
1 0.8953125 0.22734375 0.0171875 0.04375
1 0.93984375 0.20078125 0.01484375 0.034375
1 0.94453125 0.21640625 0.01484375 0.03828125
1 0.93125 0.2546875 0.01875 0.0578125
1 0.91484375 0.31796875 0.02265625 0.06875