1 0.04140625 0.66875 0.07734375 0.11875
1 0.16953125 0.47265625 0.06171875 0.06796875
1 0.24375 0.5125 0.0546875 0.0765625
1 0.2984375 0.6125 0.0640625 0.0875
1 0.259375 0.70078125 0.0671875 0.10703125
1 0.34140625 0.51015625 0.0359375 0.07265625
1 0.3609375 0.46875 0.034375 0.046875
1 0.46171875 0.55390625 0.0390625 0.0609375
1 0.41796875 0.69375 0.0609375 0.07265625
1 0.5609375 0.428125 0.0265625 0.05234375
1 0.52109375 0.46328125 0.028125 0.046875
1 0.59921875 0.4578125 0.02265625 0.04296875
1 0.65 0.509375 0.046875 0.08359375
1 0.72578125 0.51953125 0.0421875 0.0625
1 0.7703125 0.559375 0.05625 0.0875
1 0.7234375 0.471875 0.02265625 0.0453125
1 0.7890625 0.6625 0.078125 0.11484375
1 0.9359375 0.79921875 0.1046875 0.14296875
1 0.934375 0.5453125 0.08125 0.1078125
1 0.871875 0.528125 0.0453125 0.06875
1 0.8671875 0.4796875 0.03125 0.0453125