1 0.1953125 0.66171875 0.09296875 0.16484375
1 0.09765625 0.4921875 0.07578125 0.1171875
1 0.20078125 0.4890625 0.08203125 0.1484375
1 0.153125 0.359375 0.04921875 0.1046875
1 0.04140625 0.2515625 0.05078125 0.09140625
1 0.1859375 0.23125 0.05546875 0.08203125
1 0.2046875 0.1453125 0.04921875 0.07578125
1 0.14765625 0.125 0.046875 0.07890625
1 0.19140625 0.05859375 0.0359375 0.06640625
1 0.1265625 0.015625 0.0265625 0.025
1 0.246875 0.0984375 0.03984375 0.07578125
1 0.27109375 0.05078125 0.03125 0.05703125
1 0.31015625 0.2421875 0.05546875 0.0984375
1 0.3296875 0.3453125 0.06015625 0.1140625
1 0.25703125 0.41171875 0.06875 0.1265625
1 0.41015625 0.6125 0.1046875 0.16171875
1 0.41875 0.475 0.08203125 0.1328125
1 0.4421875 0.40859375 0.0625 0.1015625
1 0.4421875 0.33046875 0.053125 0.08515625
1 0.46875 0.2671875 0.04921875 0.08515625
1 0.34453125 0.16328125 0.04453125 0.06640625
1 0.3609375 0.1140625 0.046875 0.06953125
1 0.3765625 0.05078125 0.0421875 0.05703125
1 0.39140625 0.03515625 0.03125 0.05703125
1 0.4734375 0.06328125 0.03125 0.05703125
1 0.48671875 0.128125 0.04921875 0.09140625
1 0.56015625 0.17109375 0.04453125 0.08203125
1 0.571875 0.0984375 0.0375 0.07578125
1 0.55 0.07109375 0.03359375 0.06640625
1 0.5609375 0.0234375 0.03359375 0.04140625
1 0.47421875 0.025 0.02890625 0.04453125
1 0.58125 0.25 0.046875 0.1015625
1 0.5734375 0.3640625 0.04921875 0.08828125
1 0.60546875 0.40859375 0.06875 0.1078125
1 0.58359375 0.4875 0.08203125 0.1453125
1 0.7203125 0.66640625 0.09765625 0.18671875
1 0.8953125 0.6328125 0.09765625 0.16484375
1 0.79140625 0.48125 0.06640625 0.1265625
1 0.7421875 0.42890625 0.0625 0.1109375
1 0.7046875 0.3640625 0.0578125 0.08828125
1 0.665625 0.16640625 0.0421875 0.06640625
1 0.66796875 0.1046875 0.046875 0.06953125
1 0.6375 0.04296875 0.03125 0.06015625
1 0.734375 0.06328125 0.0375 0.05703125
1 0.753125 0.1046875 0.04453125 0.06953125
1 0.81640625 0.2421875 0.046875 0.09140625
1 0.8578125 0.3671875 0.053125 0.1078125
1 0.896875 0.42265625 0.0640625 0.1109375
1 0.9390625 0.2703125 0.046875 0.09140625
1 0.90078125 0.18671875 0.046875 0.07578125
1 0.8640625 0.128125 0.04453125 0.07265625