1 0.08046875 0.484375 0.04296875 0.1078125
1 0.165625 0.3078125 0.02421875 0.03984375
1 0.1953125 0.29921875 0.0296875 0.05390625
1 0.23984375 0.2484375 0.021875 0.046875
1 0.278125 0.2671875 0.01796875 0.04140625
1 0.2953125 0.2453125 0.021875 0.046875
1 0.28203125 0.215625 0.01953125 0.04140625
1 0.325 0.21640625 0.01953125 0.04296875
1 0.346875 0.26640625 0.015625 0.05390625
1 0.33828125 0.20625 0.021875 0.0375
1 0.365625 0.19375 0.0203125 0.04140625
1 0.37265625 0.24921875 0.01875 0.0453125
1 0.40859375 0.2015625 0.01953125 0.04296875
1 0.41015625 0.16875 0.01640625 0.0375
1 0.42734375 0.16328125 0.01640625 0.0453125
1 0.4171875 0.32578125 0.03203125 0.0578125
1 0.45 0.25390625 0.02265625 0.0578125
1 0.465625 0.1609375 0.01328125 0.034375
1 0.47265625 0.1640625 0.01640625 0.05078125
1 0.46953125 0.215625 0.0203125 0.0484375
1 0.4984375 0.17578125 0.021875 0.0484375
1 0.50703125 0.159375 0.01796875 0.04140625
1 0.5140625 0.23515625 0.01953125 0.0484375
1 0.54375 0.16875 0.02109375 0.0453125
1 0.53671875 0.1390625 0.015625 0.0328125
1 0.565625 0.13671875 0.015625 0.0359375
1 0.55703125 0.20078125 0.01484375 0.0453125
1 0.56640625 0.17265625 0.015625 0.03984375
1 0.58359375 0.12265625 0.01640625 0.0328125
1 0.59375 0.15703125 0.01796875 0.03984375
1 0.58984375 0.1953125 0.015625 0.0375
1 0.609375 0.2015625 0.01796875 0.046875
1 0.6171875 0.1296875 0.0140625 0.03984375
1 0.63359375 0.153125 0.0140625 0.04296875
1 0.6453125 0.12734375 0.01328125 0.04140625
1 0.67890625 0.1328125 0.0140625 0.034375
1 0.675 0.1640625 0.01640625 0.03984375
1 0.7046875 0.15859375 0.01484375 0.0359375
1 0.646875 0.18203125 0.01328125 0.03984375
1 0.64296875 0.26875 0.025 0.06484375
1 0.6984375 0.215625 0.015625 0.0453125
1 0.72265625 0.22421875 0.01796875 0.0453125
1 0.73359375 0.234375 0.01484375 0.05390625
1 0.71640625 0.2703125 0.02109375 0.05078125
1 0.74375 0.29921875 0.02109375 0.05078125
1 0.75 0.20703125 0.01484375 0.04296875
1 0.7671875 0.1890625 0.0140625 0.03984375
1 0.77421875 0.215625 0.02109375 0.04140625
1 0.8046875 0.190625 0.01640625 0.0328125
1 0.8109375 0.23046875 0.01796875 0.04296875
1 0.82421875 0.21875 0.0140625 0.04140625
1 0.7859375 0.265625 0.01953125 0.05546875
1 0.81015625 0.3109375 0.0203125 0.06328125
1 0.6046875 0.2984375 0.02578125 0.059375
1 0.55859375 0.3515625 0.0296875 0.0578125
1 0.5890625 0.38671875 0.02890625 0.06640625
1 0.6484375 0.41796875 0.03359375 0.0609375
1 0.7203125 0.41171875 0.034375 0.0703125
1 0.7875 0.484375 0.03203125 0.09375
1 0.8640625 0.23671875 0.01484375 0.04140625
1 0.8875 0.28046875 0.01484375 0.0453125
1 0.88046875 0.25078125 0.0140625 0.0328125
1 0.90390625 0.2421875 0.0140625 0.04140625
1 0.89921875 0.26640625 0.01484375 0.04296875
1 0.93359375 0.28046875 0.0125 0.0484375
1 0.86484375 0.328125 0.01796875 0.05078125
1 0.8546875 0.353125 0.01875 0.05078125
1 0.87734375 0.45234375 0.02265625 0.06875
1 0.85703125 0.5234375 0.0265625 0.0921875
1 0.95703125 0.4828125 0.021875 0.07890625
1 0.94921875 0.40546875 0.02109375 0.06875
1 0.9390625 0.346875 0.02109375 0.059375
1 0.953125 0.25390625 0.015625 0.04296875
1 0.9890625 0.2984375 0.015625 0.05234375
1 0.97890625 0.3234375 0.0125 0.0484375
1 0.96875 0.33515625 0.015625 0.05390625
1 0.9734375 0.38046875 0.0203125 0.0578125