1 0.29140625 0.096875 0.0609375 0.10859375
1 0.4453125 0.40625 0.05625 0.10078125
1 0.43125 0.32734375 0.04375 0.078125
1 0.465625 0.296875 0.034375 0.0734375
1 0.49140625 0.26796875 0.0265625 0.0609375
1 0.52578125 0.2578125 0.0265625 0.05546875
1 0.5078125 0.22578125 0.025 0.04296875
1 0.534375 0.2171875 0.025 0.0453125
1 0.55078125 0.33046875 0.0328125 0.07109375
1 0.6078125 0.44296875 0.0625 0.10859375
1 0.59453125 0.328125 0.0453125 0.090625
1 0.58984375 0.2640625 0.0265625 0.04765625
1 0.56796875 0.23125 0.0234375 0.0375
1 0.59921875 0.21328125 0.0265625 0.04296875
1 0.71328125 0.2375 0.0203125 0.03515625
1 0.74140625 0.24609375 0.0203125 0.04296875
1 0.78671875 0.28671875 0.0265625 0.053125
1 0.8109375 0.3171875 0.040625 0.0734375
1 0.78046875 0.23125 0.0171875 0.0375
1 0.84453125 0.26015625 0.0296875 0.05078125
1 0.89296875 0.3296875 0.0359375 0.078125
1 0.934375 0.36484375 0.04375 0.08828125
1 0.11328125 0.3375 0.0609375 0.0984375
1 0.07109375 0.2828125 0.0453125 0.08046875
1 0.0921875 0.2359375 0.034375 0.053125
1 0.1125 0.21875 0.03125 0.04765625
1 0.16484375 0.225 0.0265625 0.0453125
1 0.19140625 0.29921875 0.0390625 0.078125
1 0.23828125 0.23984375 0.0328125 0.05078125
1 0.215625 0.22734375 0.03125 0.0453125