1 0.86796875 0.47421875 0.028125 0.0546875
1 0.75390625 0.59375 0.06796875 0.11796875
1 0.6828125 0.5515625 0.05 0.08125
1 0.65390625 0.5484375 0.03984375 0.06328125
1 0.646875 0.503125 0.03828125 0.06328125
1 0.6140625 0.51484375 0.0359375 0.0515625
1 0.625 0.4921875 0.02578125 0.0484375
1 0.5859375 0.49375 0.02421875 0.0453125
1 0.565625 0.49375 0.02421875 0.0453125
1 0.496875 0.65390625 0.065625 0.11171875
1 0.50625 0.5984375 0.05625 0.096875
1 0.4546875 0.56328125 0.04609375 0.06328125
1 0.47890625 0.534375 0.0421875 0.06640625
1 0.41796875 0.5 0.02421875 0.03359375
1 0.39375 0.509375 0.02421875 0.03359375
1 0.39375 0.48828125 0.0203125 0.03359375
1 0.35078125 0.51640625 0.034375 0.0484375
1 0.31015625 0.56328125 0.03984375 0.06953125
1 0.26015625 0.5890625 0.03203125 0.06640625
1 0.23515625 0.5953125 0.0578125 0.084375
1 0.19375 0.61640625 0.06015625 0.084375
1 0.18203125 0.65546875 0.084375 0.11484375
1 0.0703125 0.56953125 0.04375 0.0875
1 0.09765625 0.5828125 0.04375 0.06640625
1 0.1421875 0.57421875 0.03984375 0.0546875
1 0.18203125 0.5421875 0.03984375 0.0515625
1 0.22890625 0.5421875 0.03828125 0.0515625
1 0.2609375 0.52890625 0.02578125 0.0484375
1 0.271875 0.52265625 0.0203125 0.0421875
1 0.31171875 0.496875 0.02421875 0.03359375