1 0.21328125 0.38671875 0.0296875 0.04453125
1 0.1234375 0.45234375 0.03359375 0.046875
1 0.0953125 0.4796875 0.03359375 0.04453125
1 0.09296875 0.5140625 0.03359375 0.046875
1 0.0484375 0.5234375 0.05703125 0.0640625
1 0.3109375 0.4953125 0.04140625 0.053125
1 0.325 0.5578125 0.053125 0.07109375
1 0.39921875 0.5921875 0.08515625 0.1
1 0.43671875 0.66328125 0.103125 0.13125
1 0.48671875 0.80859375 0.13984375 0.178125
1 0.33203125 0.453125 0.03359375 0.0359375
1 0.3515625 0.4359375 0.0234375 0.03125
1 0.38046875 0.4609375 0.028125 0.0375
1 0.42578125 0.484375 0.03203125 0.04453125
1 0.44140625 0.5234375 0.053125 0.06015625
1 0.4203125 0.43984375 0.0234375 0.0359375
1 0.48671875 0.4609375 0.03359375 0.046875
1 0.50546875 0.4796875 0.03203125 0.053125
1 0.553125 0.51015625 0.046875 0.06015625
1 0.57578125 0.47109375 0.03203125 0.04453125
1 0.60234375 0.44921875 0.028125 0.03984375
1 0.62578125 0.5359375 0.0515625 0.06640625
1 0.66328125 0.50078125 0.03359375 0.05546875
1 0.640625 0.4625 0.028125 0.03125
1 0.6625 0.45 0.01796875 0.03359375
1 0.721875 0.446875 0.0296875 0.04453125
1 0.7328125 0.5359375 0.0453125 0.0625
1 0.6875 0.63203125 0.09140625 0.13125
1 0.546875 0.5890625 0.0703125 0.0796875
1 0.47734375 0.5390625 0.0515625 0.06015625
1 0.83515625 0.56640625 0.06328125 0.0890625
1 0.78828125 0.4890625 0.03359375 0.0625
1 0.7921875 0.453125 0.04140625 0.04921875
1 0.8828125 0.48671875 0.03828125 0.0578125
1 0.91171875 0.5046875 0.046875 0.06640625
1 0.95859375 0.5453125 0.046875 0.078125
1 0.95546875 0.71875 0.08515625 0.13984375
1 0.93359375 0.85390625 0.1328125 0.2015625