1 0.15703125 0.5375 0.0421875 0.08515625
1 0.21796875 0.36171875 0.02421875 0.0453125
1 0.26328125 0.34453125 0.02265625 0.04140625
1 0.28515625 0.30625 0.01640625 0.03515625
1 0.29296875 0.35859375 0.0203125 0.04375
1 0.33203125 0.3703125 0.025 0.0453125
1 0.34375 0.33828125 0.02109375 0.0421875
1 0.35234375 0.2984375 0.0171875 0.03125
1 0.38359375 0.27734375 0.01484375 0.03125
1 0.40078125 0.29765625 0.0171875 0.0328125
1 0.37578125 0.3328125 0.01796875 0.03828125
1 0.40078125 0.34609375 0.02421875 0.05234375
1 0.40625 0.2671875 0.01875 0.03125
1 0.421875 0.25 0.01484375 0.028125
1 0.4328125 0.27734375 0.01484375 0.03359375
1 0.43125 0.309375 0.01875 0.04140625
1 0.46171875 0.3359375 0.02265625 0.04375
1 0.4640625 0.303125 0.0203125 0.03515625
1 0.45625 0.27421875 0.01484375 0.03125
1 0.4484375 0.25078125 0.01640625 0.02421875
1 0.46484375 0.2296875 0.0140625 0.02421875
1 0.49375 0.26484375 0.0203125 0.03515625
1 0.50703125 0.24140625 0.0125 0.02421875
1 0.5125 0.25234375 0.01328125 0.02421875
1 0.51796875 0.27265625 0.0140625 0.0328125
1 0.528125 0.253125 0.01640625 0.03359375
1 0.54921875 0.2796875 0.0203125 0.03671875
1 0.5640625 0.24453125 0.015625 0.03359375
1 0.55234375 0.21953125 0.01171875 0.028125
1 0.56640625 0.21796875 0.01484375 0.028125
1 0.584375 0.22578125 0.0140625 0.0296875
1 0.60390625 0.2078125 0.01328125 0.03125
1 0.61640625 0.21484375 0.0140625 0.02265625
1 0.4984375 0.33203125 0.0203125 0.0453125
1 0.45703125 0.41171875 0.02734375 0.05078125
1 0.53046875 0.40546875 0.02734375 0.05546875
1 0.53046875 0.365625 0.021875 0.04140625
1 0.5875 0.36484375 0.02265625 0.05390625
1 0.5859375 0.32421875 0.02265625 0.0421875
1 0.56953125 0.4453125 0.0296875 0.0734375
1 0.6234375 0.4875 0.03515625 0.078125
1 0.69375 0.50234375 0.0421875 0.08203125
1 0.653125 0.36953125 0.02734375 0.0578125
1 0.634375 0.34375 0.01640625 0.0421875
1 0.62109375 0.30234375 0.01875 0.04140625
1 0.62578125 0.25625 0.0171875 0.03359375
1 0.5890625 0.25625 0.01171875 0.028125
1 0.64765625 0.2375 0.015625 0.02578125
1 0.65546875 0.2125 0.01015625 0.02578125
1 0.6671875 0.22578125 0.0125 0.0296875
1 0.65703125 0.2796875 0.01640625 0.04140625
1 0.6921875 0.3015625 0.02265625 0.0421875
1 0.69375 0.25234375 0.01328125 0.0328125
1 0.66796875 0.32109375 0.01953125 0.0421875
1 0.67734375 0.34921875 0.0203125 0.0484375
1 0.71875 0.26328125 0.015625 0.0421875
1 0.73046875 0.24765625 0.01015625 0.02265625
1 0.725 0.2390625 0.0125 0.028125
1 0.740625 0.30546875 0.01875 0.0421875
1 0.74609375 0.26875 0.01484375 0.03125
1 0.75625 0.2921875 0.01328125 0.0296875
1 0.76640625 0.2484375 0.0140625 0.0296875
1 0.79453125 0.2484375 0.0140625 0.0328125
1 0.79921875 0.30390625 0.01484375 0.03984375
1 0.80078125 0.2703125 0.01640625 0.02578125
1 0.8234375 0.26328125 0.0125 0.03359375
1 0.8375 0.26328125 0.0125 0.028125
1 0.83203125 0.2875 0.01484375 0.0328125
1 0.83203125 0.3234375 0.02109375 0.04140625
1 0.7921875 0.36328125 0.02109375 0.0421875
1 0.80546875 0.34765625 0.0171875 0.0421875
1 0.72109375 0.40625 0.0265625 0.0625
1 0.76015625 0.44921875 0.028125 0.0609375
1 0.825 0.45078125 0.03203125 0.05546875
1 0.840625 0.38046875 0.0203125 0.05390625
1 0.85625 0.36875 0.01953125 0.05234375
1 0.8703125 0.32734375 0.015625 0.03515625
1 0.8765625 0.2796875 0.01484375 0.04140625
1 0.85625 0.25859375 0.01328125 0.03671875
1 0.896875 0.3171875 0.0140625 0.03359375
1 0.9078125 0.28515625 0.0125 0.0296875
1 0.9125 0.303125 0.01484375 0.02421875
1 0.90859375 0.321875 0.01328125 0.03515625
1 0.90546875 0.3609375 0.02265625 0.0421875
1 0.8984375 0.41171875 0.0265625 0.05390625
1 0.89921875 0.47578125 0.03359375 0.075
1 0.790625 0.53828125 0.0328125 0.078125