1 0.12421875 0.865625 0.23984375 0.26875
1 0.1828125 0.75859375 0.19765625 0.24140625
1 0.2703125 0.5828125 0.128125 0.16953125
1 0.3578125 0.625 0.16015625 0.265625
1 0.4578125 0.54375 0.11171875 0.2359375
1 0.471875 0.23984375 0.11171875 0.21484375
1 0.64921875 0.53046875 0.10625 0.2203125
1 0.7390625 0.8265625 0.265625 0.3234375
1 0.7203125 0.65390625 0.16015625 0.19609375
1 0.79296875 0.6015625 0.12578125 0.18125
1 0.76796875 0.52421875 0.1359375 0.171875
1 0.68828125 0.42421875 0.07578125 0.1
1 0.72109375 0.36875 0.078125 0.1328125
1 0.92265625 0.4109375 0.08203125 0.1328125