1 0.0515625 0.58828125 0.08125 0.1390625
1 0.31640625 0.6015625 0.0671875 0.1140625
1 0.41328125 0.8984375 0.12734375 0.20234375
1 0.84296875 0.84140625 0.1375 0.240625
1 0.5515625 0.50625 0.06328125 0.1140625
1 0.4578125 0.3671875 0.04609375 0.08828125
1 0.38125 0.31640625 0.03515625 0.06328125
1 0.25078125 0.30703125 0.03515625 0.05703125
1 0.30546875 0.41171875 0.04609375 0.07578125
1 0.1203125 0.4015625 0.05625 0.0953125
1 0.5828125 0.21171875 0.028125 0.04453125
1 0.6609375 0.228125 0.028125 0.05078125
1 0.73515625 0.28828125 0.03515625 0.08203125
1 0.890625 0.225 0.05625 0.1203125
1 0.9859375 0.3796875 0.028125 0.08828125