1 0.134375 0.68046875 0.084375 0.153125
1 0.03515625 0.60234375 0.065625 0.1109375
1 0.0296875 0.5078125 0.0359375 0.071875
1 0.03203125 0.4640625 0.03203125 0.05703125
1 0.0890625 0.4625 0.034375 0.05390625
1 0.11484375 0.509375 0.04609375 0.08125
1 0.125 0.46875 0.034375 0.06640625
1 0.2578125 0.509375 0.04765625 0.075
1 0.2078125 0.46875 0.03203125 0.06640625
1 0.25 0.4578125 0.0359375 0.05078125
1 0.3 0.56484375 0.05625 0.09609375
1 0.29765625 0.48515625 0.03203125 0.06328125
1 0.31015625 0.44921875 0.028125 0.05078125
1 0.33828125 0.44453125 0.02421875 0.05390625
1 0.35390625 0.47890625 0.0359375 0.05703125
1 0.37578125 0.465625 0.03203125 0.06640625
1 0.38984375 0.45625 0.02421875 0.05390625
1 0.47265625 0.37109375 0.09765625 0.146875
1 0.33125 0.8890625 0.15 0.221875
1 0.53984375 0.775 0.1203125 0.221875
1 0.58125 0.58984375 0.0578125 0.10546875
1 0.58828125 0.4984375 0.03984375 0.06640625
1 0.62421875 0.47578125 0.03984375 0.075
1 0.66796875 0.465625 0.03203125 0.071875
1 0.65625 0.55546875 0.05234375 0.08984375
1 0.734375 0.51640625 0.03984375 0.084375
1 0.7609375 0.51796875 0.034375 0.06875
1 0.78125 0.47890625 0.034375 0.075
1 0.82265625 0.6125 0.0859375 0.14453125
1 0.8609375 0.578125 0.065625 0.1171875
1 0.8859375 0.5484375 0.04375 0.10546875
1 0.95390625 0.55703125 0.05625 0.08671875
1 0.98359375 0.5375 0.0328125 0.078125