1 0.2140625 0.26328125 0.02578125 0.0515625
1 0.3078125 0.20625 0.01953125 0.03984375
1 0.4 0.2796875 0.01796875 0.0421875
1 0.4171875 0.22109375 0.0140625 0.03203125
1 0.471875 0.23515625 0.015625 0.0359375
1 0.4921875 0.225 0.0171875 0.03984375
1 0.584375 0.259375 0.01953125 0.04375
1 0.61328125 0.24609375 0.0203125 0.04765625
1 0.52578125 0.14296875 0.0125 0.03046875
1 0.65703125 0.12265625 0.0109375 0.025
1 0.603125 0.128125 0.0109375 0.025
1 0.60859375 0.11953125 0.0109375 0.02265625
1 0.62734375 0.1234375 0.009375 0.0265625