1 0.5 0.37265625 0.028125 0.05390625
1 0.78515625 0.78359375 0.13828125 0.1984375
1 0.85234375 0.7015625 0.07578125 0.146875
1 0.95625 0.67265625 0.071875 0.1203125
1 0.97265625 0.60390625 0.0421875 0.06015625
1 0.97734375 0.55078125 0.03828125 0.06328125
1 0.92734375 0.55234375 0.0421875 0.06015625
1 0.85703125 0.609375 0.05390625 0.08984375
1 0.83671875 0.54375 0.05 0.06640625
1 0.76796875 0.5421875 0.04765625 0.06328125
1 0.65625 0.55546875 0.04765625 0.071875
1 0.69921875 0.6140625 0.05390625 0.06875
1 0.6140625 0.64140625 0.06796875 0.09921875
1 0.5796875 0.56484375 0.04765625 0.06640625
1 0.5953125 0.53125 0.03828125 0.05390625
1 0.68203125 0.5359375 0.03203125 0.0453125
1 0.46015625 0.7734375 0.115625 0.16484375
1 0.42421875 0.67265625 0.071875 0.08984375
1 0.19609375 0.63203125 0.071875 0.09921875
1 0.1140625 0.621875 0.08828125 0.1078125
1 0.06015625 0.89609375 0.11171875 0.20703125
1 0.06328125 0.52890625 0.034375 0.0484375
1 0.11484375 0.52890625 0.034375 0.0359375
1 0.11171875 0.55546875 0.04375 0.0421875
1 0.16171875 0.5671875 0.03984375 0.05390625
1 0.1453125 0.51484375 0.0296875 0.05703125
1 0.18203125 0.5359375 0.02421875 0.0453125
1 0.22265625 0.52265625 0.02578125 0.0421875
1 0.24765625 0.5296875 0.02421875 0.0453125
1 0.2859375 0.55703125 0.03984375 0.05703125
1 0.30703125 0.52265625 0.0296875 0.0484375
1 0.2796875 0.51796875 0.02421875 0.0390625
1 0.378125 0.5421875 0.03203125 0.05703125
1 0.43984375 0.52890625 0.0359375 0.05390625
1 0.48203125 0.625 0.06015625 0.09609375
1 0.50390625 0.59296875 0.05234375 0.06875
1 0.34609375 0.65625 0.0640625 0.146875