1 0.25234375 0.66484375 0.13984375 0.18671875
1 0.065625 0.56015625 0.12109375 0.15
1 0.03828125 0.43203125 0.0734375 0.146875
1 0.39296875 0.42421875 0.05625 0.0984375
1 0.4859375 0.51796875 0.0875 0.1234375
1 0.63984375 0.4234375 0.0546875 0.08359375
1 0.6640625 0.56328125 0.09375 0.13671875
1 0.7421875 0.4265625 0.05625 0.09296875
1 0.73203125 0.38671875 0.04140625 0.053125
1 0.85546875 0.4140625 0.05625 0.06796875
1 0.89765625 0.47890625 0.0625 0.10859375
1 0.9453125 0.41171875 0.06484375 0.08671875