1 0.253125 0.27265625 0.1296875 0.2203125
1 0.62578125 0.409375 0.15 0.265625
1 0.834375 0.49375 0.209375 0.303125
1 0.934375 0.61875 0.128125 0.4015625
1 0.90546875 0.24140625 0.1421875 0.2484375
1 0.9265625 0.08125 0.06875 0.12421875
1 0.83203125 0.1046875 0.0828125 0.13828125
1 0.7765625 0.0703125 0.059375 0.1078125
1 0.72890625 0.1171875 0.071875 0.1171875
1 0.66015625 0.0703125 0.059375 0.09375
1 0.625 0.0609375 0.0546875 0.1078125
1 0.46328125 0.14296875 0.065625 0.1078125
1 0.51640625 0.3578125 0.171875 0.3171875
1 0.3546875 0.1125 0.0609375 0.09375
1 0.43984375 0.05859375 0.059375 0.0703125
1 0.2921875 0.09375 0.0515625 0.09375
1 0.2234375 0.15 0.08125 0.1359375
1 0.07109375 0.21796875 0.1015625 0.121875
1 0.0765625 0.53671875 0.140625 0.321875
1 0.209375 0.0484375 0.059375 0.07734375
1 0.1609375 0.05546875 0.046875 0.08671875