1 0.05 0.446875 0.0578125 0.096875
1 0.18359375 0.43203125 0.0453125 0.07578125
1 0.15234375 0.3453125 0.028125 0.0625
1 0.24765625 0.37890625 0.03125 0.0625
1 0.2828125 0.3265625 0.0265625 0.0546875
1 0.3046875 0.3984375 0.03046875 0.0625
1 0.37265625 0.45625 0.05078125 0.10078125
1 0.38671875 0.37265625 0.02421875 0.0625
1 0.41171875 0.38828125 0.03125 0.05078125
1 0.45234375 0.3390625 0.0234375 0.05625
1 0.503125 0.23671875 0.025 0.046875
1 0.5515625 0.44140625 0.04453125 0.0953125
1 0.61875 0.36328125 0.03984375 0.07734375
1 0.79609375 0.52265625 0.0671875 0.14765625