1 0.06796875 0.596875 0.11328125 0.21484375
1 0.08515625 0.46640625 0.05859375 0.09609375
1 0.0578125 0.4390625 0.0484375 0.09609375
1 0.13671875 0.4203125 0.05 0.11328125
1 0.18125 0.41484375 0.0578125 0.09375
1 0.26953125 0.53203125 0.075 0.1578125
1 0.32109375 0.5203125 0.09921875 0.20234375
1 0.39609375 0.5484375 0.07734375 0.1515625
1 0.2546875 0.403125 0.0609375 0.11171875
1 0.28125 0.2765625 0.04140625 0.07265625
1 0.41875 0.3078125 0.0359375 0.0640625
1 0.4703125 0.26484375 0.03125 0.0609375
1 0.53046875 0.403125 0.05234375 0.1015625
1 0.59921875 0.39921875 0.0453125 0.09609375
1 0.5984375 0.35390625 0.021875 0.04140625
1 0.703125 0.4046875 0.06015625 0.1171875
1 0.775 0.38984375 0.04921875 0.09375
1 0.8 0.3796875 0.03828125 0.09140625
1 0.84453125 0.37265625 0.03359375 0.08828125
1 0.878125 0.37890625 0.040625 0.0890625
1 0.9171875 0.3703125 0.04609375 0.08125
1 0.98046875 0.346875 0.03359375 0.06796875
1 0.93046875 0.3390625 0.0359375 0.05859375