1 0.20078125 0.4375 0.05390625 0.09921875
1 0.2640625 0.2640625 0.021875 0.0328125
1 0.29609375 0.2640625 0.021875 0.03984375
1 0.3046875 0.2484375 0.0171875 0.0265625
1 0.32421875 0.27265625 0.02265625 0.03515625
1 0.36015625 0.25703125 0.02421875 0.04296875
1 0.3890625 0.2609375 0.021875 0.04140625
1 0.4140625 0.25703125 0.02265625 0.04296875
1 0.340625 0.21015625 0.01953125 0.03125
1 0.36640625 0.2140625 0.0171875 0.0328125
1 0.38828125 0.225 0.0171875 0.03515625
1 0.378125 0.18203125 0.01796875 0.0328125
1 0.409375 0.178125 0.015625 0.028125
1 0.41796875 0.19375 0.01796875 0.0328125
1 0.43828125 0.1953125 0.015625 0.0328125
1 0.44921875 0.22421875 0.021875 0.03984375
1 0.47890625 0.225 0.02265625 0.03828125
1 0.4484375 0.15703125 0.015625 0.028125
1 0.475 0.16796875 0.0171875 0.03125
1 0.48828125 0.19140625 0.01484375 0.03515625
1 0.49453125 0.13515625 0.01328125 0.025
1 0.5125 0.1953125 0.01328125 0.03671875
1 0.52734375 0.1578125 0.01484375 0.0265625
1 0.5296875 0.203125 0.01796875 0.04140625
1 0.55078125 0.24609375 0.02265625 0.0546875
1 0.49609375 0.29609375 0.02421875 0.0515625
1 0.54375 0.31484375 0.03203125 0.059375
1 0.5546875 0.15703125 0.01484375 0.03125
1 0.571875 0.16796875 0.01796875 0.03515625
1 0.56953125 0.14609375 0.0125 0.0234375
1 0.5671875 0.125 0.01484375 0.025
1 0.50546875 0.14609375 0.01328125 0.0234375
1 0.58984375 0.14765625 0.0140625 0.0296875
1 0.590625 0.1203125 0.0140625 0.028125
1 0.61015625 0.15625 0.015625 0.0328125
1 0.61484375 0.1203125 0.0140625 0.03125
1 0.62109375 0.1140625 0.01328125 0.0328125
1 0.64140625 0.115625 0.01328125 0.028125
1 0.6453125 0.1390625 0.015625 0.0328125
1 0.66953125 0.1234375 0.01484375 0.028125
1 0.69921875 0.1484375 0.015625 0.03125
1 0.7 0.17890625 0.01484375 0.03984375
1 0.70703125 0.21171875 0.01953125 0.04453125
1 0.6640625 0.21328125 0.02265625 0.0484375
1 0.6671875 0.18046875 0.01953125 0.04296875
1 0.61953125 0.1984375 0.01796875 0.04140625
1 0.62890625 0.24375 0.02265625 0.053125
1 0.6828125 0.25078125 0.02265625 0.04609375
1 0.61875 0.32578125 0.034375 0.0546875
1 0.721875 0.29296875 0.0265625 0.0546875
1 0.7125 0.15234375 0.01796875 0.0328125
1 0.7453125 0.115625 0.0109375 0.028125
1 0.765625 0.125 0.0140625 0.028125
1 0.75703125 0.1375 0.015625 0.0296875
1 0.7359375 0.1625 0.0171875 0.0328125
1 0.7328125 0.19140625 0.0234375 0.04140625
1 0.759375 0.2375 0.025 0.059375
1 0.77421875 0.28046875 0.02421875 0.053125
1 0.7703125 0.16328125 0.01796875 0.03515625
1 0.7828125 0.196875 0.01796875 0.04140625
1 0.7890625 0.1484375 0.0140625 0.03125
1 0.809375 0.16796875 0.01796875 0.03125
1 0.83515625 0.14765625 0.0125 0.0328125
1 0.85703125 0.1578125 0.01484375 0.0328125
1 0.84296875 0.17421875 0.01875 0.03984375
1 0.828125 0.2109375 0.0203125 0.04296875
1 0.859375 0.2609375 0.021875 0.0578125
1 0.846875 0.31484375 0.025 0.06328125
1 0.91875 0.2671875 0.01796875 0.053125
1 0.91953125 0.2390625 0.01875 0.03984375
1 0.89453125 0.20625 0.0171875 0.04140625
1 0.88203125 0.1640625 0.01328125 0.0328125
1 0.89375 0.15625 0.0140625 0.0328125
1 0.90625 0.18671875 0.0140625 0.03515625