1 0.09296875 0.5328125 0.0328125 0.06328125
1 0.0796875 0.4953125 0.02890625 0.0515625
1 0.14140625 0.52734375 0.0265625 0.04609375
1 0.16484375 0.5328125 0.03828125 0.06953125
1 0.1984375 0.578125 0.0515625 0.08359375
1 0.26171875 0.6453125 0.0671875 0.10390625
1 0.2703125 0.50703125 0.02265625 0.040625
1 0.26171875 0.49296875 0.02109375 0.034375
1 0.28828125 0.49140625 0.025 0.04921875
1 0.325 0.5 0.02890625 0.04921875
1 0.3421875 0.4765625 0.02109375 0.04296875
1 0.35625 0.52578125 0.03828125 0.06015625
1 0.40703125 0.5390625 0.03984375 0.06328125
1 0.41484375 0.4859375 0.025 0.04296875
1 0.4421875 0.43203125 0.01953125 0.040625
1 0.46328125 0.4984375 0.0265625 0.0515625
1 0.478125 0.54921875 0.04765625 0.08359375
1 0.50703125 0.51171875 0.0328125 0.06015625
1 0.48671875 0.47578125 0.0265625 0.0515625
1 0.51015625 0.47109375 0.02109375 0.0375
1 0.53515625 0.496875 0.02890625 0.0546875
1 0.5578125 0.47109375 0.02265625 0.04921875
1 0.6 0.4953125 0.034375 0.06328125
1 0.61796875 0.46796875 0.0328125 0.04921875
1 0.64921875 0.521875 0.05 0.08046875
1 0.71875 0.48125 0.034375 0.0578125
1 0.775 0.4859375 0.0328125 0.0546875
1 0.84375 0.49140625 0.03984375 0.078125
1 0.975 0.4765625 0.04609375 0.08359375