1 0.184375 0.32421875 0.0375 0.06953125
1 0.2578125 0.4 0.04453125 0.08125
1 0.30078125 0.45546875 0.04765625 0.07890625
1 0.2765625 0.2359375 0.0203125 0.0453125
1 0.30703125 0.23125 0.0171875 0.0359375
1 0.3359375 0.22890625 0.025 0.04375
1 0.34921875 0.175 0.0171875 0.0390625
1 0.3671875 0.18984375 0.01484375 0.0375
1 0.378125 0.22578125 0.0234375 0.040625
1 0.40859375 0.25078125 0.025 0.0546875
1 0.38125 0.16953125 0.01640625 0.0359375
1 0.41640625 0.20546875 0.0234375 0.0421875
1 0.45390625 0.20390625 0.0203125 0.0453125
1 0.4390625 0.1671875 0.0140625 0.03046875
1 0.42421875 0.159375 0.0140625 0.0375
1 0.46953125 0.15234375 0.01640625 0.0359375
1 0.471875 0.11484375 0.015625 0.02890625
1 0.48828125 0.1421875 0.015625 0.03203125
1 0.48203125 0.15234375 0.0140625 0.02578125
1 0.48125 0.18046875 0.01796875 0.03359375
1 0.50078125 0.1234375 0.01171875 0.02734375
1 0.51328125 0.15625 0.01640625 0.040625
1 0.52265625 0.12890625 0.015625 0.040625
1 0.5359375 0.13046875 0.0125 0.03046875
1 0.55234375 0.12890625 0.01484375 0.03046875
1 0.5546875 0.06796875 0.0109375 0.02578125
1 0.59765625 0.1625 0.01640625 0.0375
1 0.60390625 0.12890625 0.01640625 0.03359375
1 0.62109375 0.12109375 0.0125 0.02890625
1 0.63203125 0.17734375 0.01953125 0.03359375
1 0.65625 0.1375 0.015625 0.0359375
1 0.671875 0.12734375 0.01171875 0.02421875
1 0.7109375 0.1140625 0.01484375 0.03046875
1 0.64609375 0.10390625 0.01171875 0.02890625
1 0.6265625 0.06171875 0.0171875 0.02890625
1 0.553125 0.184375 0.02109375 0.0484375
1 0.5328125 0.18046875 0.01953125 0.04375
1 0.55 0.23359375 0.0265625 0.05625
1 0.6171875 0.2515625 0.025 0.053125
1 0.6125 0.22265625 0.025 0.03359375
1 0.68046875 0.2265625 0.01953125 0.0453125
1 0.70625 0.27109375 0.02734375 0.053125
1 0.71171875 0.3203125 0.03515625 0.07421875
1 0.71875 0.225 0.02265625 0.0390625
1 0.7234375 0.18671875 0.015625 0.040625
1 0.7078125 0.16953125 0.01953125 0.0421875
1 0.74921875 0.1890625 0.0203125 0.0453125
1 0.73046875 0.16640625 0.01640625 0.0390625
1 0.7609375 0.24296875 0.0265625 0.05859375
1 0.7859375 0.3078125 0.03125 0.06171875
1 0.82734375 0.2703125 0.021875 0.0546875
1 0.95 0.37578125 0.046875 0.096875
1 0.9078125 0.39296875 0.025 0.05859375
1 0.88359375 0.2734375 0.0203125 0.0390625
1 0.93515625 0.26484375 0.02265625 0.046875
1 0.93671875 0.2078125 0.02109375 0.046875
1 0.94609375 0.17578125 0.01484375 0.0375
1 0.9109375 0.184375 0.0125 0.0359375
1 0.9 0.18671875 0.01796875 0.03046875
1 0.903125 0.20625 0.01484375 0.0375
1 0.86484375 0.23203125 0.01953125 0.0375
1 0.8625 0.18671875 0.01640625 0.0375
1 0.83203125 0.19375 0.01796875 0.03359375
1 0.84296875 0.1609375 0.021875 0.040625
1 0.85703125 0.15234375 0.015625 0.0390625
1 0.82421875 0.075 0.01796875 0.03359375
1 0.79765625 0.1390625 0.01484375 0.02890625
1 0.7953125 0.16796875 0.0171875 0.0390625
1 0.775 0.1609375 0.01640625 0.03046875
1 0.790625 0.2375 0.025 0.0421875