1 0.11796875 0.66953125 0.0296875 0.08125
1 0.065625 0.5171875 0.0265625 0.06796875
1 0.0765625 0.4640625 0.0234375 0.0640625
1 0.19296875 0.471875 0.02265625 0.06796875
1 0.234375 0.40234375 0.021875 0.0625
1 0.24609375 0.32421875 0.01875 0.0640625
1 0.17109375 0.290625 0.015625 0.05078125
1 0.16328125 0.25078125 0.01640625 0.04375
1 0.12890625 0.278125 0.01796875 0.0453125
1 0.12109375 0.23984375 0.015625 0.05078125
1 0.05 0.309375 0.01484375 0.05078125
1 0.0390625 0.2734375 0.015625 0.04765625
1 0.040625 0.24375 0.0109375 0.03203125
1 0.0421875 0.2203125 0.0140625 0.0359375
1 0.1453125 0.16875 0.015625 0.0375
1 0.16328125 0.19609375 0.01484375 0.03984375
1 0.18359375 0.21875 0.01640625 0.04375
1 0.20390625 0.14609375 0.0109375 0.0375
1 0.21640625 0.15078125 0.0125 0.03984375
1 0.24609375 0.1375 0.0125 0.03984375
1 0.28828125 0.14453125 0.0140625 0.04375
1 0.2921875 0.18125 0.01484375 0.04375
1 0.2890625 0.22421875 0.01640625 0.04765625
1 0.31015625 0.2578125 0.01640625 0.053125
1 0.34609375 0.24140625 0.01875 0.05078125
1 0.378125 0.1921875 0.0140625 0.04375
1 0.40625 0.18359375 0.015625 0.0453125
1 0.35859375 0.0984375 0.0125 0.04140625
1 0.3984375 0.0953125 0.0109375 0.0359375
1 0.428125 0.103125 0.0125 0.03984375
1 0.54453125 0.50078125 0.03203125 0.07734375
1 0.47265625 0.31796875 0.0234375 0.05703125
1 0.5609375 0.34375 0.0234375 0.06640625
1 0.678125 0.3703125 0.01875 0.0546875
1 0.70546875 0.3 0.0203125 0.0546875
1 0.77890625 0.403125 0.025 0.0609375
1 0.73203125 0.2265625 0.015625 0.04375
1 0.709375 0.225 0.015625 0.04140625
1 0.696875 0.23828125 0.01640625 0.0453125
1 0.7078125 0.19296875 0.0125 0.0375
1 0.7734375 0.23359375 0.0171875 0.05078125
1 0.8125 0.25859375 0.01484375 0.0546875
1 0.8484375 0.29765625 0.0203125 0.0453125
1 0.63359375 0.26171875 0.0171875 0.0453125
1 0.5703125 0.221875 0.01875 0.0453125
1 0.56171875 0.196875 0.0140625 0.04140625
1 0.57265625 0.15546875 0.01171875 0.0375
1 0.59453125 0.1578125 0.0125 0.03203125
1 0.6421875 0.1625 0.0140625 0.0375
1 0.48984375 0.24375 0.01796875 0.05078125
1 0.49609375 0.19921875 0.0171875 0.0453125
1 0.46953125 0.184375 0.0171875 0.04375
1 0.4609375 0.14453125 0.01484375 0.0359375
1 0.49765625 0.13828125 0.015625 0.0375
1 0.4765625 0.09921875 0.01015625 0.028125
1 0.4765625 0.0796875 0.01015625 0.02265625
1 0.5234375 0.09296875 0.0125 0.03046875
1 0.58515625 0.1078125 0.009375 0.0375
1 0.61953125 0.13046875 0.0125 0.034375