1 0.16953125 0.48125 0.0359375 0.06796875
1 0.2671875 0.25859375 0.01484375 0.0296875
1 0.275 0.25859375 0.01796875 0.03984375
1 0.29765625 0.2625 0.01796875 0.04140625
1 0.353125 0.27578125 0.0203125 0.04453125
1 0.3796875 0.2734375 0.01953125 0.04296875
1 0.37265625 0.25546875 0.0203125 0.03515625
1 0.38359375 0.184375 0.015625 0.03125
1 0.39296875 0.19765625 0.015625 0.03515625
1 0.41171875 0.17421875 0.0140625 0.03671875
1 0.4203125 0.17578125 0.01796875 0.03984375
1 0.44921875 0.1890625 0.01796875 0.03671875
1 0.459375 0.1921875 0.01640625 0.03671875
1 0.4734375 0.16875 0.01484375 0.0265625
1 0.4734375 0.15234375 0.01328125 0.0234375
1 0.4453125 0.234375 0.0203125 0.04140625
1 0.48125 0.21796875 0.0203125 0.04140625
1 0.4890625 0.19140625 0.01796875 0.03828125
1 0.50546875 0.16640625 0.01484375 0.028125
1 0.49921875 0.14296875 0.01171875 0.021875
1 0.51328125 0.1484375 0.01796875 0.028125
1 0.528125 0.1546875 0.0140625 0.028125
1 0.55078125 0.1296875 0.0140625 0.03125
1 0.559375 0.134375 0.01484375 0.0234375
1 0.5625 0.18125 0.015625 0.03828125
1 0.53046875 0.18984375 0.01953125 0.03125
1 0.58203125 0.13515625 0.0140625 0.028125
1 0.5953125 0.11328125 0.0140625 0.03828125
1 0.61484375 0.10703125 0.0140625 0.025
1 0.63515625 0.103125 0.01328125 0.025
1 0.61171875 0.14140625 0.0140625 0.03125
1 0.6375 0.13125 0.0140625 0.025
1 0.66015625 0.1171875 0.01171875 0.0265625
1 0.69140625 0.0984375 0.01171875 0.028125
1 0.4859375 0.29296875 0.025 0.04609375
1 0.5328125 0.32734375 0.02421875 0.04140625
1 0.546875 0.2578125 0.01796875 0.03828125
1 0.61640625 0.2515625 0.01796875 0.03671875
1 0.62421875 0.29140625 0.01953125 0.04296875
1 0.6875 0.31015625 0.02578125 0.04765625
1 0.74609375 0.3734375 0.03359375 0.07109375
1 0.79609375 0.41953125 0.03828125 0.078125
1 0.88671875 0.3578125 0.0328125 0.06953125
1 0.9140625 0.3140625 0.025 0.0515625
1 0.834375 0.30234375 0.01953125 0.0546875
1 0.7609375 0.28359375 0.0234375 0.0546875
1 0.74375 0.11015625 0.0140625 0.021875
1 0.765625 0.12734375 0.0140625 0.0265625
1 0.77421875 0.1359375 0.015625 0.0328125
1 0.74296875 0.13828125 0.01328125 0.025
1 0.80703125 0.14453125 0.01640625 0.03515625
1 0.83125 0.121875 0.0109375 0.025
1 0.83828125 0.13828125 0.0140625 0.03125
1 0.85390625 0.16953125 0.0140625 0.03515625
1 0.8578125 0.14765625 0.01015625 0.0234375
1 0.8609375 0.13046875 0.01171875 0.01953125
1 0.8828125 0.171875 0.01484375 0.03671875
1 0.8921875 0.14921875 0.0109375 0.0296875
1 0.93203125 0.16015625 0.01171875 0.025
1 0.91796875 0.20078125 0.0140625 0.03125
1 0.92265625 0.225 0.015625 0.03671875
1 0.91015625 0.234375 0.01640625 0.03828125
1 0.9046875 0.26328125 0.01484375 0.04609375
1 0.878125 0.21015625 0.01640625 0.03671875
1 0.8640625 0.2578125 0.01796875 0.04140625
1 0.82265625 0.20546875 0.01875 0.03984375
1 0.80234375 0.246875 0.021875 0.05
1 0.78125 0.19453125 0.01796875 0.04140625
1 0.75234375 0.21640625 0.01875 0.04453125
1 0.7375 0.17265625 0.01640625 0.028125
1 0.7265625 0.20859375 0.0203125 0.04609375
1 0.71328125 0.25 0.02109375 0.05625
1 0.696875 0.17265625 0.01953125 0.03828125
1 0.675 0.2078125 0.01796875 0.04140625
1 0.65 0.1765625 0.01875 0.03515625
1 0.6234375 0.2171875 0.0203125 0.0296875