1 0.8890625 0.14140625 0.01015625 0.02890625
1 0.92109375 0.15703125 0.01015625 0.025
1 0.86171875 0.13359375 0.0109375 0.02890625
1 0.853125 0.1484375 0.0109375 0.02734375
1 0.846875 0.1703125 0.01640625 0.03671875
1 0.91640625 0.21171875 0.0140625 0.034375
1 0.90703125 0.2328125 0.01640625 0.03828125
1 0.91015625 0.271875 0.01875 0.05
1 0.88046875 0.22421875 0.0140625 0.03671875
1 0.8734375 0.2015625 0.01328125 0.0328125
1 0.8828125 0.18203125 0.0140625 0.03671875
1 0.82265625 0.1359375 0.01171875 0.02890625
1 0.80625 0.1578125 0.0140625 0.03046875
1 0.82109375 0.20625 0.01953125 0.0421875
1 0.85546875 0.246875 0.02109375 0.05390625
1 0.88828125 0.359375 0.03125 0.075
1 0.83046875 0.3046875 0.025 0.0578125
1 0.7640625 0.125 0.01328125 0.02734375
1 0.7734375 0.15703125 0.0140625 0.040625
1 0.78671875 0.20234375 0.01875 0.0421875
1 0.8046875 0.24453125 0.0171875 0.04609375
1 0.77890625 0.265625 0.01953125 0.0578125
1 0.75859375 0.334375 0.025 0.075
1 0.775 0.3734375 0.0328125 0.07734375
1 0.75 0.21328125 0.01875 0.0484375
1 0.721875 0.19765625 0.01953125 0.0484375
1 0.7234375 0.24296875 0.02265625 0.05390625
1 0.70078125 0.315625 0.025 0.0734375
1 0.7390625 0.11875 0.01328125 0.03671875
1 0.69609375 0.1 0.0109375 0.0234375
1 0.665625 0.1078125 0.01015625 0.02734375
1 0.6390625 0.10078125 0.0109375 0.02109375
1 0.625 0.2015625 0.015625 0.040625
1 0.65390625 0.21953125 0.01640625 0.03828125
1 0.6921875 0.22265625 0.0171875 0.040625
1 0.65390625 0.17109375 0.0140625 0.034375
1 0.6890625 0.17890625 0.0171875 0.03828125
1 0.6046875 0.25703125 0.02109375 0.04453125
1 0.6015625 0.32109375 0.0296875 0.05625
1 0.56015625 0.30078125 0.021875 0.05
1 0.5234375 0.28046875 0.02421875 0.04453125
1 0.553125 0.2546875 0.01875 0.03828125
1 0.5875 0.16953125 0.0140625 0.034375
1 0.6 0.15 0.0140625 0.03046875
1 0.5546875 0.11484375 0.01171875 0.025
1 0.56171875 0.128125 0.0109375 0.025
1 0.53359375 0.12109375 0.0109375 0.0234375
1 0.5078125 0.12734375 0.01171875 0.0234375
1 0.51796875 0.1359375 0.01328125 0.02890625
1 0.596875 0.1 0.0109375 0.0234375
1 0.53359375 0.18046875 0.0140625 0.02890625
1 0.51953125 0.19765625 0.0140625 0.040625
1 0.48359375 0.19296875 0.0140625 0.034375
1 0.46484375 0.18984375 0.0171875 0.03671875
1 0.44140625 0.2234375 0.0171875 0.04609375
1 0.46328125 0.2265625 0.02109375 0.040625
1 0.44296875 0.1875 0.01171875 0.0328125
1 0.44375 0.15859375 0.01328125 0.02890625
1 0.46484375 0.13984375 0.00859375 0.02109375
1 0.47890625 0.15 0.01328125 0.02734375
1 0.39296875 0.26796875 0.015625 0.034375
1 0.36640625 0.25625 0.0171875 0.0421875
1 0.33984375 0.24765625 0.02265625 0.05234375
1 0.365625 0.1953125 0.01640625 0.025
1 0.39765625 0.19453125 0.01953125 0.02734375
1 0.39453125 0.2234375 0.0171875 0.034375
1 0.40859375 0.16953125 0.0109375 0.02734375
1 0.275 0.25703125 0.0140625 0.0328125
1 0.2921875 0.26328125 0.0171875 0.03671875
1 0.63359375 0.13671875 0.0109375 0.02734375