1 0.05546875 0.5921875 0.03125 0.0484375
1 0.0765625 0.578125 0.02890625 0.05
1 0.146875 0.59609375 0.03125 0.0453125
1 0.2125 0.60234375 0.0328125 0.0484375
1 0.253125 0.6453125 0.0484375 0.0703125
1 0.26796875 0.528125 0.01875 0.0265625
1 0.4109375 0.79765625 0.1 0.1453125
1 0.390625 0.64765625 0.03125 0.05859375
1 0.409375 0.6015625 0.03125 0.04296875
1 0.4984375 0.59921875 0.02890625 0.04140625
1 0.4765625 0.5921875 0.02890625 0.03828125
1 0.52734375 0.5875 0.02734375 0.04140625
1 0.64140625 0.7640625 0.08515625 0.13515625
1 0.58828125 0.58046875 0.0234375 0.03828125
1 0.6171875 0.62109375 0.03515625 0.0453125
1 0.6328125 0.5953125 0.03359375 0.04296875
1 0.61796875 0.5625 0.02109375 0.03515625
1 0.6703125 0.56953125 0.02265625 0.03203125
1 0.69140625 0.553125 0.0171875 0.03671875
1 0.7203125 0.57109375 0.0234375 0.03828125
1 0.7359375 0.5984375 0.0328125 0.05
1 0.7671875 0.6375 0.0375 0.0515625
1 0.7828125 0.5484375 0.025 0.0296875
1 0.83203125 0.6234375 0.04140625 0.06640625
1 0.87578125 0.61953125 0.04140625 0.06484375
1 0.8671875 0.58046875 0.02265625 0.03828125
1 0.83203125 0.559375 0.01875 0.03828125
1 0.803125 0.5515625 0.01640625 0.0296875
1 0.90234375 0.55703125 0.025 0.0296875
1 0.94375 0.5625 0.0203125 0.03203125
1 0.92109375 0.61640625 0.03515625 0.05703125
1 0.9828125 0.590625 0.02734375 0.0484375