1 0.08359375 0.42265625 0.0578125 0.08203125
1 0.1703125 0.34296875 0.08203125 0.1046875
1 0.25625 0.36328125 0.06171875 0.08203125
1 0.34140625 0.384375 0.04765625 0.06796875
1 0.3671875 0.45 0.06484375 0.090625
1 0.334375 0.2953125 0.040625 0.06328125
1 0.38046875 0.29296875 0.03046875 0.05
1 0.4234375 0.2796875 0.034375 0.059375
1 0.4609375 0.31171875 0.04765625 0.06796875
1 0.5171875 0.33203125 0.0375 0.07265625
1 0.54453125 0.30703125 0.0375 0.059375
1 0.5203125 0.4296875 0.0515625 0.08671875
1 0.56171875 0.5703125 0.0578125 0.0953125
1 0.63515625 0.38203125 0.04765625 0.08203125
1 0.61796875 0.665625 0.0546875 0.08671875
1 0.71875 0.615625 0.0578125 0.08671875
1 0.7421875 0.57265625 0.04453125 0.07265625
1 0.78828125 0.15 0.06171875 0.1