1 0.21171875 0.6078125 0.0546875 0.11328125
1 0.14375 0.5640625 0.0359375 0.071875
1 0.1109375 0.56640625 0.0375 0.06796875
1 0.05 0.571875 0.028125 0.05625
1 0.26484375 0.5734375 0.0375 0.06796875
1 0.234375 0.5546875 0.0203125 0.053125
1 0.20703125 0.53359375 0.0265625 0.05625
1 0.0421875 0.82109375 0.08046875 0.290625
1 0.31328125 0.56953125 0.0171875 0.0453125
1 0.32578125 0.55625 0.0171875 0.03359375
1 0.3734375 0.471875 0.0203125 0.0375
1 0.3703125 0.671875 0.09765625 0.2109375
1 0.43046875 0.58125 0.02265625 0.06796875
1 0.4109375 0.5734375 0.028125 0.06015625
1 0.46015625 0.56640625 0.01484375 0.0453125
1 0.475 0.5625 0.0203125 0.053125
1 0.52734375 0.62265625 0.0359375 0.07578125
1 0.52421875 0.571875 0.02265625 0.04921875
1 0.4953125 0.571875 0.0203125 0.04921875
1 0.55546875 0.57578125 0.028125 0.05625
1 0.57109375 0.55625 0.01875 0.04140625
1 0.621875 0.609375 0.04140625 0.071875
1 0.6765625 0.72109375 0.11640625 0.21875
1 0.88125 0.68671875 0.1203125 0.2265625
1 0.971875 0.628125 0.05625 0.13203125
1 0.9859375 0.57890625 0.028125 0.08671875
1 0.97734375 0.52265625 0.02265625 0.05625
1 0.93515625 0.53359375 0.028125 0.05625
1 0.90625 0.546875 0.0265625 0.06015625
1 0.878125 0.55859375 0.03359375 0.06796875
1 0.81328125 0.5734375 0.0359375 0.06796875
1 0.76796875 0.55078125 0.0359375 0.06015625
1 0.7359375 0.56015625 0.02421875 0.04140625
1 0.70078125 0.57890625 0.0375 0.05625
1 0.66796875 0.56015625 0.0359375 0.05625