1 0.7796875 0.371875 0.09765625 0.13671875
1 0.84921875 0.51015625 0.02109375 0.046875
1 0.8640625 0.49453125 0.0265625 0.0515625
1 0.62421875 0.45546875 0.02890625 0.0453125
1 0.5671875 0.46171875 0.03359375 0.05
1 0.54765625 0.45 0.02734375 0.04296875
1 0.4875 0.4484375 0.02734375 0.03984375
1 0.46484375 0.45703125 0.025 0.04296875
1 0.4578125 0.4296875 0.0234375 0.03671875
1 0.4296875 0.45703125 0.0328125 0.05703125
1 0.36640625 0.46953125 0.0375 0.05859375
1 0.35625 0.52109375 0.0453125 0.075
1 0.26484375 0.540625 0.04765625 0.08203125
1 0.30390625 0.4625 0.0375 0.06484375
1 0.2171875 0.44921875 0.04140625 0.06171875
1 0.2265625 0.409375 0.0328125 0.04140625
1 0.2546875 0.40234375 0.025 0.03828125
1 0.2859375 0.40859375 0.02265625 0.03671875
1 0.32265625 0.42734375 0.02265625 0.03828125
1 0.33984375 0.41796875 0.0203125 0.04296875
1 0.1859375 0.4296875 0.02890625 0.046875
1 0.1546875 0.44609375 0.0375 0.05859375
1 0.1140625 0.459375 0.05234375 0.08203125
1 0.140625 0.41953125 0.02890625 0.0484375
1 0.03671875 0.44296875 0.0390625 0.06015625
1 0.0734375 0.38671875 0.0296875 0.04296875
1 0.0171875 0.384375 0.02734375 0.0453125