1 0.0421875 0.57578125 0.08359375 0.19453125
1 0.01875 0.45546875 0.0359375 0.11875
1 0.0625 0.36640625 0.03046875 0.0765625
1 0.11484375 0.35 0.03203125 0.0703125
1 0.13671875 0.3703125 0.0375 0.07421875
1 0.19453125 0.3484375 0.02734375 0.0640625
1 0.21796875 0.31875 0.03046875 0.06171875
1 0.23984375 0.3890625 0.0640625 0.109375
1 0.20546875 0.4796875 0.06015625 0.090625
1 0.3140625 0.3296875 0.04609375 0.07421875
1 0.34140625 0.33203125 0.02890625 0.06640625
1 0.3625 0.32890625 0.02421875 0.05859375
1 0.41015625 0.19609375 0.02421875 0.0546875
1 0.47109375 0.6484375 0.11953125 0.2265625
1 0.4796875 0.47421875 0.07890625 0.14140625
1 0.47890625 0.37578125 0.053125 0.1109375
1 0.47109375 0.321875 0.03984375 0.05703125
1 0.59921875 0.30078125 0.028125 0.04296875
1 0.6265625 0.29609375 0.03359375 0.06328125
1 0.65234375 0.33359375 0.03828125 0.06953125
1 0.725 0.3625 0.059375 0.096875
1 0.725 0.29921875 0.02890625 0.06171875
1 0.765625 0.3140625 0.03515625 0.071875
1 0.8453125 0.3171875 0.03828125 0.0734375
1 0.86953125 0.4625 0.06875 0.09921875
1 0.984375 0.36328125 0.03125 0.1265625