1 0.04453125 0.22109375 0.01328125 0.0359375
1 0.11875 0.20390625 0.01796875 0.0359375
1 0.153125 0.1484375 0.0125 0.034375
1 0.15859375 0.1765625 0.01328125 0.0328125
1 0.18203125 0.19375 0.015625 0.0359375
1 0.1734375 0.2609375 0.01875 0.04609375
1 0.053125 0.40546875 0.01953125 0.06875
1 0.07421875 0.47578125 0.02265625 0.06328125
1 0.13125 0.58828125 0.0296875 0.071875
1 0.2046875 0.47109375 0.02421875 0.05625
1 0.20859375 0.33359375 0.02109375 0.0546875
1 0.240625 0.2875 0.01953125 0.0515625
1 0.20859375 0.11875 0.01484375 0.0328125
1 0.25234375 0.12109375 0.01484375 0.03046875
1 0.29375 0.14765625 0.0140625 0.0390625
1 0.2875 0.1921875 0.01484375 0.04296875
1 0.30625 0.22421875 0.015625 0.04140625
1 0.35390625 0.21796875 0.01640625 0.04296875
1 0.359375 0.08203125 0.0109375 0.03046875
1 0.3890625 0.09296875 0.01328125 0.02890625
1 0.37734375 0.17109375 0.01484375 0.0375
1 0.42734375 0.07421875 0.0109375 0.0328125
1 0.421875 0.17265625 0.0140625 0.03046875
1 0.46328125 0.1328125 0.0140625 0.0328125
1 0.4796875 0.1234375 0.01640625 0.03046875
1 0.4640625 0.16484375 0.01328125 0.02890625
1 0.4734375 0.2109375 0.015625 0.04296875
1 0.50546875 0.16953125 0.01328125 0.0375
1 0.55390625 0.15625 0.015625 0.0390625
1 0.50390625 0.09765625 0.01015625 0.02421875
1 0.48046875 0.07421875 0.0125 0.02578125
1 0.5390625 0.07421875 0.0109375 0.02890625
1 0.4546875 0.26953125 0.01875 0.04921875
1 0.54765625 0.2921875 0.01796875 0.0546875
1 0.53046875 0.453125 0.021875 0.071875
1 0.57109375 0.19375 0.01484375 0.0390625
1 0.6109375 0.2328125 0.0140625 0.04140625
1 0.68203125 0.33359375 0.01796875 0.04765625
1 0.7015625 0.25859375 0.0171875 0.0390625
1 0.571875 0.09609375 0.0125 0.02734375
1 0.584375 0.1203125 0.0109375 0.0328125
1 0.61953125 0.11171875 0.0125 0.02890625
1 0.65234375 0.14921875 0.0140625 0.02890625
1 0.7046875 0.20078125 0.01328125 0.0359375
1 0.728125 0.21640625 0.0171875 0.0328125
1 0.77421875 0.20234375 0.0140625 0.0328125
1 0.8109375 0.22109375 0.01484375 0.0359375
1 0.85390625 0.2671875 0.015625 0.0390625
1 0.86953125 0.29140625 0.015625 0.0390625
1 0.925 0.3578125 0.01640625 0.04921875
1 0.7828125 0.35859375 0.021875 0.04765625