1 0.07890625 0.44140625 0.05390625 0.07734375
1 0.1 0.54375 0.0921875 0.128125
1 0.171875 0.49765625 0.07578125 0.07734375
1 0.2203125 0.4375 0.03984375 0.0640625
1 0.51484375 0.42421875 0.04609375 0.075
1 0.571875 0.4546875 0.05625 0.08828125
1 0.628125 0.434375 0.03984375 0.0640625
1 0.7359375 0.5203125 0.0796875 0.13359375
1 0.75234375 0.465625 0.06015625 0.07734375
1 0.61484375 0.35703125 0.034375 0.04765625
1 0.81484375 0.425 0.03828125 0.06171875
1 0.93203125 0.49765625 0.08828125 0.13046875
1 0.92109375 0.42421875 0.03828125 0.0640625