1 0.35390625 0.79453125 0.1296875 0.278125
1 0.246875 0.5640625 0.084375 0.171875
1 0.1703125 0.42890625 0.084375 0.1359375
1 0.19609375 0.36796875 0.0546875 0.0859375
1 0.27578125 0.29609375 0.0421875 0.09140625
1 0.3828125 0.3625 0.05 0.11953125
1 0.4203125 0.42890625 0.053125 0.1140625
1 0.4984375 0.378125 0.046875 0.08359375
1 0.48984375 0.3390625 0.0390625 0.071875
1 0.559375 0.48046875 0.065625 0.13359375
1 0.6125 0.3484375 0.0375 0.075
1 0.66796875 0.3859375 0.0359375 0.06640625
1 0.7 0.46796875 0.059375 0.125
1 0.76328125 0.434375 0.0453125 0.09140625
1 0.8453125 0.428125 0.046875 0.11640625
1 0.91328125 0.61953125 0.0703125 0.1609375