1 0.1671875 0.4375 0.0453125 0.075
1 0.25625 0.26796875 0.02109375 0.0390625
1 0.27890625 0.25859375 0.01796875 0.0359375
1 0.3046875 0.25703125 0.0171875 0.0390625
1 0.32109375 0.265625 0.02109375 0.04375
1 0.315625 0.2328125 0.01640625 0.02578125
1 0.3359375 0.221875 0.0171875 0.034375
1 0.3546875 0.23203125 0.01796875 0.0375
1 0.36796875 0.25703125 0.02578125 0.0421875
1 0.3953125 0.2921875 0.02734375 0.05390625
1 0.4078125 0.253125 0.025 0.05078125
1 0.36953125 0.20390625 0.01796875 0.03125
1 0.40390625 0.21640625 0.0234375 0.0328125
1 0.39375 0.1828125 0.0171875 0.03125
1 0.41796875 0.1890625 0.01796875 0.03125
1 0.44375 0.196875 0.0203125 0.0359375
1 0.4390625 0.240625 0.021875 0.0421875
1 0.478125 0.23828125 0.02421875 0.04375
1 0.48828125 0.19296875 0.02109375 0.03125
1 0.465625 0.171875 0.01953125 0.0375
1 0.49765625 0.1375 0.015625 0.02421875
1 0.50703125 0.15625 0.01640625 0.02890625
1 0.5171875 0.1921875 0.02109375 0.0359375
1 0.540625 0.203125 0.021875 0.0421875
1 0.546875 0.165625 0.0203125 0.0359375
1 0.57109375 0.15703125 0.0171875 0.02734375
1 0.57734375 0.125 0.015625 0.0328125
1 0.59375 0.171875 0.0171875 0.034375
1 0.60859375 0.1390625 0.01484375 0.02734375
1 0.6078125 0.121875 0.0125 0.02578125
1 0.62265625 0.1359375 0.01328125 0.03125
1 0.63125 0.1453125 0.0171875 0.034375
1 0.65390625 0.125 0.01640625 0.0328125
1 0.69453125 0.1171875 0.01640625 0.0328125
1 0.5734375 0.2421875 0.03203125 0.05234375
1 0.49375 0.30703125 0.0328125 0.06171875
1 0.584375 0.29140625 0.0328125 0.06484375
1 0.61484375 0.33515625 0.03359375 0.06796875
1 0.634375 0.240625 0.025 0.05234375
1 0.63203125 0.2015625 0.021875 0.0421875
1 0.6671875 0.2125 0.0234375 0.046875
1 0.678125 0.18828125 0.02109375 0.0484375
1 0.7078125 0.196875 0.02109375 0.0421875
1 0.69921875 0.1671875 0.01953125 0.0328125
1 0.72890625 0.14921875 0.0171875 0.0359375
1 0.7375 0.171875 0.01953125 0.0375
1 0.73359375 0.2109375 0.0234375 0.046875
1 0.75390625 0.2015625 0.01953125 0.0453125
1 0.6921875 0.25078125 0.028125 0.05546875
1 0.7453125 0.2796875 0.02890625 0.05859375
1 0.80703125 0.29140625 0.028125 0.05859375
1 0.80234375 0.2234375 0.02734375 0.05078125
1 0.8609375 0.3421875 0.028125 0.06328125
1 0.7515625 0.134375 0.0171875 0.03125
1 0.78203125 0.1625 0.015625 0.0359375
1 0.7859375 0.1390625 0.02109375 0.034375
1 0.80546875 0.15078125 0.01640625 0.034375
1 0.82890625 0.1796875 0.021875 0.046875
1 0.8234375 0.1234375 0.0171875 0.0359375
1 0.85703125 0.1375 0.01796875 0.040625
1 0.86484375 0.18671875 0.0203125 0.0421875
1 0.87109375 0.17421875 0.01953125 0.0359375
1 0.84921875 0.2171875 0.0234375 0.04375
1 0.88359375 0.26171875 0.02421875 0.05546875
1 0.94609375 0.25078125 0.02421875 0.05546875
1 0.9109375 0.2015625 0.01484375 0.0359375
1 0.9171875 0.17421875 0.015625 0.02890625
1 0.91953125 0.15859375 0.01484375 0.02734375