1 0.10078125 0.3765625 0.09140625 0.16640625
1 0.2265625 0.3203125 0.04453125 0.06640625
1 0.29453125 0.33984375 0.0421875 0.0796875
1 0.37578125 0.325 0.03125 0.0703125
1 0.3453125 0.328125 0.03359375 0.05703125
1 0.40234375 0.325 0.0359375 0.06328125
1 0.4703125 0.3015625 0.02890625 0.05
1 0.64453125 0.35859375 0.04453125 0.08359375
1 0.72890625 0.56171875 0.04921875 0.08359375
1 0.50234375 0.503125 0.04453125 0.06640625
1 0.3890625 0.528125 0.053125 0.08359375
1 0.2625 0.5515625 0.053125 0.0765625
1 0.7390625 0.4734375 0.02421875 0.046875
1 0.7625 0.4546875 0.01796875 0.03671875
1 0.7921875 0.38203125 0.02421875 0.05
1 0.86015625 0.36171875 0.03984375 0.096875
1 0.8546875 0.48203125 0.11796875 0.1703125
1 0.97109375 0.6484375 0.0578125 0.103125