1 0.11796875 0.34609375 0.02421875 0.05390625
1 0.15703125 0.3078125 0.0203125 0.04609375
1 0.20625 0.2890625 0.01953125 0.04765625
1 0.19609375 0.35 0.02890625 0.05546875
1 0.203125 0.396875 0.03203125 0.08046875
1 0.19140625 0.475 0.03671875 0.08515625
1 0.2671875 0.3140625 0.03203125 0.065625
1 0.3578125 0.171875 0.0140625 0.0359375
1 0.43125 0.16640625 0.0265625 0.040625
1 0.56796875 0.125 0.02109375 0.04453125
1 0.66953125 0.10859375 0.01640625 0.040625
1 0.71640625 0.11875 0.02109375 0.040625
1 0.73828125 0.09140625 0.0234375 0.0390625
1 0.78984375 0.2390625 0.0390625 0.08203125
1 0.93828125 0.3 0.040625 0.09296875