1 0.353125 0.21171875 0.01953125 0.04140625
1 0.4046875 0.2484375 0.021875 0.04453125
1 0.43359375 0.2171875 0.01328125 0.034375
1 0.4546875 0.22265625 0.01953125 0.04140625
1 0.51328125 0.21953125 0.01953125 0.0359375
1 0.5171875 0.18359375 0.0171875 0.0296875
1 0.553125 0.19296875 0.015625 0.03828125
1 0.59921875 0.1703125 0.0203125 0.03125
1 0.63828125 0.13671875 0.01328125 0.0328125
1 0.71953125 0.06328125 0.01328125 0.0296875
1 0.7328125 0.1828125 0.01953125 0.04140625
1 0.68125 0.19375 0.01875 0.0328125
1 0.65625 0.25703125 0.021875 0.04453125
1 0.74453125 0.27734375 0.021875 0.05546875
1 0.79375 0.26015625 0.0203125 0.04140625
1 0.86640625 0.34375 0.021875 0.05
1 0.8875 0.2953125 0.01875 0.05
1 0.8546875 0.2328125 0.015625 0.03828125
1 0.86640625 0.2 0.01484375 0.03828125
1 0.91328125 0.22421875 0.01640625 0.034375
1 0.946875 0.21015625 0.015625 0.03828125
1 0.9515625 0.2828125 0.0171875 0.04140625