1 0.115625 0.175 0.0515625 0.08671875
1 0.309375 0.334375 0.02734375 0.0453125
1 0.36640625 0.33515625 0.028125 0.046875
1 0.4140625 0.3234375 0.02734375 0.0609375
1 0.46171875 0.3140625 0.025 0.0625
1 0.49375 0.325 0.025 0.05703125
1 0.5171875 0.24296875 0.028125 0.0484375
1 0.5328125 0.3171875 0.03203125 0.05859375
1 0.56640625 0.32890625 0.0296875 0.065625
1 0.6015625 0.334375 0.03125 0.05546875
1 0.63671875 0.3203125 0.03515625 0.065625
1 0.5921875 0.22890625 0.02265625 0.0484375
1 0.70390625 0.3484375 0.04375 0.08671875
1 0.7640625 0.3828125 0.0484375 0.09375
1 0.803125 0.43671875 0.0640625 0.1140625
1 0.778125 0.696875 0.1109375 0.21875
1 0.86328125 0.56640625 0.09375 0.1765625
1 0.865625 0.4671875 0.0875 0.1265625
1 0.82109375 0.35703125 0.05546875 0.10390625
1 0.784375 0.19140625 0.02734375 0.05390625
1 0.87109375 0.17109375 0.0296875 0.05703125