1 0.88125 0.475 0.03515625 0.0578125
1 0.95078125 0.45 0.0328125 0.06953125
1 0.8703125 0.39609375 0.021875 0.04609375
1 0.784375 0.45 0.03046875 0.06171875
1 0.69921875 0.42890625 0.03515625 0.0578125
1 0.64296875 0.3828125 0.02421875 0.0578125
1 0.5953125 0.36953125 0.0265625 0.05390625
1 0.484375 0.37109375 0.02890625 0.0578125
1 0.43046875 0.275 0.03046875 0.0734375
1 0.60625 0.44453125 0.065625 0.11171875
1 0.503125 0.5515625 0.03984375 0.08046875
1 0.278125 0.45546875 0.04140625 0.0734375
1 0.23515625 0.4015625 0.03515625 0.08828125
1 0.16171875 0.53046875 0.05078125 0.1078125
1 0.19921875 0.78828125 0.08984375 0.16953125
1 0.1046875 0.62890625 0.08125 0.1578125
1 0.02734375 0.4921875 0.05078125 0.13828125