1 0.15625 0.17578125 0.05625 0.0984375
1 0.22890625 0.50390625 0.06171875 0.09296875
1 0.32890625 0.4859375 0.07421875 0.10703125
1 0.38515625 0.475 0.05 0.07890625
1 0.47890625 0.559375 0.10234375 0.12890625
1 0.5109375 0.52421875 0.06171875 0.109375
1 0.5953125 0.4875 0.0421875 0.0703125
1 0.69375 0.4875 0.05625 0.08125
1 0.703125 0.56484375 0.078125 0.12890625
1 0.76015625 0.65625 0.14375 0.2046875
1 0.834375 0.52421875 0.06015625 0.08671875
1 0.8078125 0.4984375 0.0359375 0.0703125
1 0.90703125 0.57890625 0.078125 0.1125
1 0.959375 0.53203125 0.05390625 0.08125
1 0.9640625 0.4875 0.03984375 0.0703125