1 0.02890625 0.67421875 0.05390625 0.10546875
1 0.021875 0.59296875 0.03984375 0.06875
1 0.0796875 0.625 0.04765625 0.071875
1 0.059375 0.59609375 0.0296875 0.05703125
1 0.146875 0.60625 0.03828125 0.06015625
1 0.1671875 0.59140625 0.021875 0.0484375
1 0.39921875 0.540625 0.0296875 0.05390625
1 0.39609375 0.5859375 0.03203125 0.06015625
1 0.43828125 0.6078125 0.03984375 0.08125
1 0.47578125 0.6484375 0.05625 0.084375
1 0.49609375 0.5703125 0.03203125 0.0484375
1 0.475 0.46875 0.021875 0.0359375
1 0.55703125 0.60546875 0.04609375 0.06875
1 0.575 0.70234375 0.0859375 0.14453125
1 0.62734375 0.6546875 0.0578125 0.08984375
1 0.6609375 0.56015625 0.02578125 0.0453125
1 0.68828125 0.5765625 0.028125 0.0421875
1 0.7140625 0.56015625 0.02421875 0.0390625
1 0.771875 0.81796875 0.13984375 0.23125
1 0.77109375 0.6921875 0.078125 0.1234375
1 0.77421875 0.60078125 0.04765625 0.078125
1 0.78828125 0.571875 0.03203125 0.05703125
1 0.86171875 0.55703125 0.0359375 0.05078125
1 0.875 0.625 0.05 0.084375
1 0.896875 0.540625 0.0296875 0.0484375
1 0.92265625 0.5671875 0.034375 0.05390625
1 0.95 0.6171875 0.05234375 0.08125