1 0.32109375 0.4640625 0.0296875 0.0484375
1 0.209375 0.63203125 0.05 0.075
1 0.26953125 0.61484375 0.053125 0.0671875
1 0.3484375 0.6078125 0.03984375 0.05390625
1 0.40703125 0.64609375 0.0515625 0.07109375
1 0.41875 0.6 0.034375 0.0578125
1 0.46953125 0.61953125 0.046875 0.06171875
1 0.48203125 0.675 0.06171875 0.09453125
1 0.5234375 0.659375 0.046875 0.075
1 0.54140625 0.61875 0.034375 0.05625
1 0.5734375 0.56484375 0.02421875 0.04453125
1 0.609375 0.56015625 0.0328125 0.0421875
1 0.65625 0.54375 0.02421875 0.04453125
1 0.62890625 0.64375 0.05703125 0.07890625
1 0.6875 0.62421875 0.05859375 0.0640625
1 0.67578125 0.575 0.02890625 0.0421875
1 0.70703125 0.56953125 0.034375 0.04609375
1 0.73984375 0.56953125 0.02890625 0.03828125
1 0.75859375 0.55625 0.02890625 0.0421875
1 0.69609375 0.7625 0.07890625 0.115625
1 0.75390625 0.7046875 0.06875 0.115625
1 0.82890625 0.66015625 0.0625 0.08515625
1 0.8734375 0.6296875 0.05 0.0734375
1 0.8078125 0.596875 0.046875 0.065625
1 0.8375 0.5890625 0.03984375 0.0578125
1 0.85390625 0.5765625 0.03984375 0.0484375
1 0.87890625 0.56484375 0.04140625 0.05625
1 0.9078125 0.5453125 0.03828125 0.06015625
1 0.95390625 0.60546875 0.046875 0.0671875
1 0.97890625 0.5859375 0.0328125 0.05234375