1 0.38125 0.19296875 0.01640625 0.034375
1 0.40390625 0.18359375 0.01484375 0.02734375
1 0.41953125 0.19375 0.01484375 0.0328125
1 0.4109375 0.2234375 0.01796875 0.0328125
1 0.3796875 0.275 0.02578125 0.0421875
1 0.39921875 0.28359375 0.0234375 0.0421875
1 0.45546875 0.18046875 0.01640625 0.0328125
1 0.484375 0.1859375 0.0171875 0.0328125
1 0.49765625 0.19296875 0.02109375 0.0375
1 0.4703125 0.225 0.02265625 0.0421875
1 0.5015625 0.2234375 0.01953125 0.0390625
1 0.4984375 0.30078125 0.028125 0.04375
1 0.6171875 0.26953125 0.02734375 0.05078125
1 0.72421875 0.1890625 0.02265625 0.0390625
1 0.7734375 0.228125 0.025 0.05546875
1 0.55078125 0.0703125 0.01484375 0.02578125
1 0.5875 0.1375 0.01875 0.03125