1 0.03203125 0.51171875 0.03828125 0.06875
1 0.075 0.51015625 0.04296875 0.06015625
1 0.1171875 0.57265625 0.05390625 0.07109375
1 0.13125 0.50859375 0.046875 0.0625
1 0.20625 0.44296875 0.03828125 0.0625
1 0.22890625 0.51171875 0.04921875 0.07421875
1 0.1921875 0.6 0.0625 0.0796875
1 0.30234375 0.52109375 0.03828125 0.07109375
1 0.26640625 0.47421875 0.03828125 0.0625
1 0.3484375 0.46875 0.040625 0.05703125
1 0.365625 0.60546875 0.06640625 0.103125
1 0.425 0.503125 0.04296875 0.0625
1 0.5109375 0.42890625 0.034375 0.05703125
1 0.525 0.59296875 0.07109375 0.11171875
1 0.62734375 0.5796875 0.06640625 0.1203125
1 0.5453125 0.5296875 0.05546875 0.07734375
1 0.575 0.45703125 0.03828125 0.06875
1 0.6140625 0.42109375 0.03828125 0.06015625
1 0.6703125 0.46875 0.0453125 0.09140625
1 0.70078125 0.503125 0.04921875 0.0796875
1 0.6953125 0.4359375 0.03828125 0.07109375
1 0.74453125 0.55859375 0.0640625 0.1
1 0.784375 0.44296875 0.0453125 0.0625
1 0.83984375 0.39296875 0.03671875 0.065625
1 0.921875 0.43984375 0.04921875 0.07421875
1 0.8625 0.49296875 0.06015625 0.0828125
1 0.8484375 0.57421875 0.06640625 0.1140625
1 0.88828125 0.6703125 0.10703125 0.17421875