1 0.2125 0.46953125 0.04140625 0.096875
1 0.253125 0.4453125 0.05 0.08984375
1 0.48125 0.321875 0.03046875 0.05625
1 0.3515625 0.25390625 0.025 0.0390625
1 0.371875 0.246875 0.02578125 0.04921875
1 0.434375 0.2765625 0.02734375 0.040625
1 0.42578125 0.22421875 0.021875 0.03046875
1 0.44921875 0.23125 0.0203125 0.0375
1 0.45234375 0.18984375 0.02109375 0.0375
1 0.47578125 0.196875 0.01796875 0.03359375
1 0.4640625 0.1515625 0.0171875 0.0421875
1 0.475 0.15859375 0.0171875 0.0421875
1 0.4984375 0.15390625 0.01796875 0.03203125
1 0.4921875 0.1328125 0.0125 0.03046875
1 0.534375 0.1359375 0.01640625 0.03046875
1 0.56328125 0.146875 0.01875 0.0421875
1 0.58828125 0.146875 0.015625 0.0359375
1 0.53984375 0.2 0.01796875 0.0375
1 0.65625 0.2640625 0.0296875 0.059375
1 0.684375 0.159375 0.02578125 0.04765625
1 0.71328125 0.14609375 0.01640625 0.0375
1 0.81484375 0.128125 0.01328125 0.0359375
1 0.75234375 0.13671875 0.01328125 0.0390625
1 0.73984375 0.165625 0.0296875 0.05234375
1 0.76484375 0.18046875 0.02109375 0.05234375
1 0.803125 0.18828125 0.01875 0.040625
1 0.721875 0.2828125 0.0265625 0.059375
1 0.7734375 0.3140625 0.02421875 0.0578125
1 0.878125 0.2296875 0.02421875 0.04609375