1 0.03203125 0.42109375 0.02421875 0.05546875
1 0.2328125 0.34140625 0.01953125 0.04140625
1 0.25703125 0.35703125 0.0234375 0.0515625
1 0.2859375 0.37578125 0.0203125 0.0484375
1 0.28203125 0.315625 0.01953125 0.03671875
1 0.33359375 0.3671875 0.02890625 0.06328125
1 0.37421875 0.3578125 0.01953125 0.03515625
1 0.36640625 0.33125 0.0171875 0.03203125
1 0.35078125 0.2984375 0.01875 0.03984375
1 0.40078125 0.3515625 0.0234375 0.05
1 0.446875 0.35 0.025 0.0453125
1 0.38203125 0.2671875 0.0140625 0.04140625
1 0.3953125 0.2828125 0.01484375 0.03515625
1 0.40390625 0.3046875 0.015625 0.03828125
1 0.42109375 0.28984375 0.01484375 0.03046875
1 0.4328125 0.315625 0.01796875 0.03671875
1 0.4609375 0.3125 0.01640625 0.03828125
1 0.41875 0.26796875 0.0140625 0.03046875
1 0.45 0.25078125 0.01171875 0.03515625
1 0.4609375 0.240625 0.01171875 0.0296875
1 0.46328125 0.2671875 0.015625 0.03203125
1 0.490625 0.27109375 0.01640625 0.03515625
1 0.50390625 0.2890625 0.01796875 0.03828125
1 0.51015625 0.32421875 0.0171875 0.04140625
1 0.55 0.2953125 0.02265625 0.0421875
1 0.525 0.26171875 0.015625 0.03671875
1 0.50703125 0.24921875 0.015625 0.03515625
1 0.540625 0.2328125 0.015625 0.0296875
1 0.55859375 0.24765625 0.015625 0.03203125
1 0.55859375 0.228125 0.01328125 0.028125
1 0.590625 0.2546875 0.015625 0.03984375
1 0.5921875 0.22734375 0.0140625 0.03203125
1 0.62734375 0.25546875 0.015625 0.03515625
1 0.6 0.21328125 0.0125 0.03359375
1 0.6109375 0.22109375 0.0125 0.0296875
1 0.6234375 0.23046875 0.01171875 0.0296875
1 0.6421875 0.2203125 0.0125 0.025
1 0.6390625 0.23828125 0.01015625 0.025
1 0.6546875 0.2328125 0.0125 0.0296875
1 0.66953125 0.234375 0.0140625 0.03203125
1 0.490625 0.4046875 0.0328125 0.0703125
1 0.5328125 0.41640625 0.028125 0.06171875
1 0.5296875 0.37578125 0.02421875 0.0484375
1 0.58359375 0.33515625 0.02421875 0.0484375
1 0.61953125 0.31328125 0.01875 0.0421875
1 0.63359375 0.3390625 0.01875 0.046875
1 0.5984375 0.384375 0.02578125 0.053125
1 0.59609375 0.4421875 0.03671875 0.071875
1 0.6515625 0.4640625 0.034375 0.06875
1 0.64375 0.37421875 0.0265625 0.06171875
1 0.67578125 0.359375 0.0234375 0.05859375
1 0.65703125 0.28125 0.01640625 0.03828125
1 0.68671875 0.2578125 0.0171875 0.03515625
1 0.71484375 0.25546875 0.01328125 0.03203125
1 0.70546875 0.3 0.01875 0.03984375
1 0.72890625 0.27578125 0.0125 0.03828125
1 0.725 0.22890625 0.01328125 0.0296875
1 0.74765625 0.2875 0.01640625 0.03515625
1 0.76171875 0.23515625 0.0140625 0.03359375
1 0.78984375 0.25 0.01484375 0.03984375
1 0.74453125 0.2578125 0.01171875 0.0234375
1 0.7546875 0.2671875 0.0125 0.03515625
1 0.72265625 0.41171875 0.0265625 0.05859375
1 0.7 0.51953125 0.03828125 0.08671875
1 0.81328125 0.546875 0.0359375 0.0765625
1 0.7703125 0.4171875 0.02890625 0.05703125
1 0.79140625 0.37578125 0.0265625 0.05703125
1 0.825 0.45703125 0.0328125 0.065625
1 0.88828125 0.4734375 0.03515625 0.0734375
1 0.88984375 0.40703125 0.0234375 0.06328125
1 0.8546875 0.36640625 0.025 0.053125
1 0.83359375 0.4171875 0.025 0.05390625
1 0.7921875 0.3109375 0.0171875 0.03828125
1 0.82265625 0.31640625 0.01640625 0.04140625
1 0.8328125 0.2921875 0.015625 0.03359375
1 0.8203125 0.26640625 0.01328125 0.03671875
1 0.8375 0.2703125 0.0125 0.028125
1 0.85 0.253125 0.0125 0.03359375
1 0.8703125 0.2953125 0.015625 0.03984375
1 0.85078125 0.32265625 0.0171875 0.04140625
1 0.90234375 0.36328125 0.01640625 0.04140625
1 0.90078125 0.33046875 0.0140625 0.03359375
1 0.9109375 0.290625 0.0125 0.0265625
1 0.90859375 0.321875 0.01171875 0.03359375