1 0.0796875 0.41484375 0.03984375 0.0828125
1 0.26015625 0.2609375 0.01484375 0.03046875
1 0.28046875 0.26171875 0.0171875 0.03515625
1 0.29453125 0.26015625 0.0203125 0.0390625
1 0.32421875 0.21640625 0.0171875 0.03203125
1 0.346875 0.2171875 0.01875 0.03046875
1 0.3328125 0.25078125 0.01796875 0.03671875
1 0.33828125 0.28125 0.02265625 0.046875
1 0.37109375 0.21015625 0.01484375 0.03046875
1 0.38671875 0.19453125 0.015625 0.025
1 0.3875 0.22578125 0.0203125 0.03359375
1 0.40859375 0.23515625 0.0203125 0.0390625
1 0.4046875 0.28671875 0.02265625 0.05546875
1 0.40703125 0.17109375 0.015625 0.03203125
1 0.42421875 0.18359375 0.0171875 0.0265625
1 0.44453125 0.1875 0.0203125 0.03515625
1 0.43984375 0.2296875 0.01875 0.0390625
1 0.46484375 0.246875 0.021875 0.03515625
1 0.45078125 0.14765625 0.01484375 0.02890625
1 0.46015625 0.171875 0.01484375 0.03046875
1 0.4796875 0.1859375 0.015625 0.03203125
1 0.48046875 0.16171875 0.01796875 0.03359375
1 0.475 0.1484375 0.015625 0.03046875
1 0.48671875 0.1328125 0.01328125 0.0234375
1 0.4984375 0.1484375 0.015625 0.03359375
1 0.52421875 0.15390625 0.0171875 0.03203125
1 0.534375 0.13046875 0.01484375 0.02890625
1 0.55625 0.1125 0.0125 0.0234375
1 0.5625 0.14453125 0.0203125 0.03359375
1 0.54140625 0.16953125 0.021875 0.03515625
1 0.50546875 0.203125 0.01953125 0.0421875
1 0.528125 0.21640625 0.02265625 0.0484375
1 0.58359375 0.13046875 0.0140625 0.03203125
1 0.58203125 0.15859375 0.0203125 0.040625
1 0.59375 0.09921875 0.0140625 0.0265625
1 0.6109375 0.1109375 0.01015625 0.0265625
1 0.6140625 0.1453125 0.0203125 0.0421875
1 0.62421875 0.0953125 0.009375 0.02890625
1 0.6390625 0.10234375 0.01015625 0.03046875
1 0.646875 0.10859375 0.0109375 0.025
1 0.66953125 0.11875 0.0125 0.025
1 0.69140625 0.09375 0.01328125 0.03203125
1 0.734375 0.11875 0.0140625 0.03203125
1 0.75078125 0.10390625 0.0125 0.025
1 0.78046875 0.1109375 0.0125 0.03046875
1 0.76953125 0.1265625 0.01328125 0.03046875
1 0.79765625 0.13203125 0.0125 0.03203125
1 0.8109375 0.12265625 0.01015625 0.0265625
1 0.828125 0.13203125 0.01796875 0.0390625
1 0.86875 0.12265625 0.0140625 0.03671875
1 0.89140625 0.12578125 0.01328125 0.03203125
1 0.92578125 0.15078125 0.0125 0.02890625
1 0.70546875 0.14375 0.0140625 0.02890625
1 0.68359375 0.15078125 0.015625 0.03203125
1 0.7421875 0.140625 0.0171875 0.02890625
1 0.69765625 0.1765625 0.015625 0.03046875
1 0.65703125 0.18359375 0.0171875 0.040625
1 0.60859375 0.20234375 0.0234375 0.040625
1 0.55546875 0.23828125 0.0234375 0.0484375
1 0.48203125 0.3109375 0.02578125 0.05234375
1 0.56171875 0.29296875 0.02421875 0.046875
1 0.5984375 0.33359375 0.02734375 0.05390625
1 0.67734375 0.34921875 0.02890625 0.05859375
1 0.60859375 0.26953125 0.02734375 0.05703125
1 0.66796875 0.25390625 0.02890625 0.05078125
1 0.8 0.1703125 0.01875 0.046875
1 0.81171875 0.16171875 0.01796875 0.03359375
1 0.8484375 0.17265625 0.015625 0.02890625
1 0.86640625 0.159375 0.01328125 0.02890625
1 0.92109375 0.19140625 0.01953125 0.0390625
1 0.89609375 0.18125 0.0203125 0.03203125
1 0.88203125 0.19921875 0.0171875 0.03203125
1 0.86484375 0.22578125 0.0203125 0.046875
1 0.9203125 0.2828125 0.02421875 0.05390625
1 0.75546875 0.17734375 0.01875 0.02890625
1 0.7171875 0.16796875 0.01875 0.03046875
1 0.7359375 0.20625 0.021875 0.03515625
1 0.7578125 0.2265625 0.021875 0.05859375
1 0.70703125 0.21953125 0.0234375 0.05234375
1 0.7078125 0.29609375 0.03203125 0.04375
1 0.77890625 0.290625 0.0234375 0.05546875