1 0.04765625 0.428125 0.0734375 0.11484375
1 0.14453125 0.3796875 0.05859375 0.1109375
1 0.1578125 0.68671875 0.1421875 0.20703125
1 0.3171875 0.55234375 0.08984375 0.16328125
1 0.3015625 0.453125 0.08515625 0.115625
1 0.2734375 0.3609375 0.05625 0.08515625
1 0.45 0.4046875 0.06484375 0.109375
1 0.50390625 0.353125 0.05703125 0.0921875
1 0.5625 0.484375 0.0828125 0.1328125
1 0.64375 0.69921875 0.146875 0.19375
1 0.8421875 0.60703125 0.13671875 0.19453125
1 0.8203125 0.47890625 0.09453125 0.13515625
1 0.64453125 0.3109375 0.05 0.08203125
1 0.690625 0.2953125 0.05 0.07109375
1 0.66484375 0.21484375 0.03984375 0.06328125
1 0.7671875 0.2953125 0.0453125 0.06875
1 0.775 0.22265625 0.040625 0.05390625
1 0.86015625 0.228125 0.05234375 0.06484375
1 0.8453125 0.34375 0.05390625 0.08515625
1 0.9359375 0.334375 0.0515625 0.0703125
1 0.971875 0.4109375 0.05625 0.090625
1 0.92578125 0.28671875 0.0515625 0.0640625