1 0.053125 0.315625 0.025 0.04765625
1 0.315625 0.23203125 0.01875 0.03828125
1 0.31875 0.19140625 0.01640625 0.03125
1 0.346875 0.19921875 0.015625 0.03125
1 0.4109375 0.1609375 0.01328125 0.03125
1 0.4015625 0.20625 0.01875 0.03125
1 0.44375 0.21484375 0.01953125 0.03671875
1 0.43828125 0.1671875 0.0171875 0.0328125
1 0.4453125 0.153125 0.015625 0.02734375
1 0.46328125 0.1296875 0.0140625 0.02734375
1 0.48671875 0.13671875 0.009375 0.01640625
1 0.50078125 0.1203125 0.0125 0.02421875
1 0.51640625 0.12734375 0.015625 0.02421875
1 0.5484375 0.12265625 0.01328125 0.02578125
1 0.58671875 0.1109375 0.0125 0.02734375
1 0.61015625 0.10390625 0.0125 0.02734375
1 0.62890625 0.096875 0.0125 0.0296875
1 0.49296875 0.22578125 0.02578125 0.04375
1 0.471875 0.16328125 0.01640625 0.0328125
1 0.50078125 0.159375 0.01875 0.0328125
1 0.53515625 0.15703125 0.01328125 0.03125
1 0.5625 0.1578125 0.01953125 0.0296875
1 0.5578125 0.18828125 0.025 0.03515625
1 0.5265625 0.26953125 0.02578125 0.0515625
1 0.57421875 0.29296875 0.02578125 0.04609375
1 0.61640625 0.290625 0.025 0.053125
1 0.67578125 0.32421875 0.03359375 0.06796875
1 0.590625 0.23828125 0.0203125 0.040625
1 0.634375 0.20703125 0.021875 0.04375
1 0.5828125 0.17421875 0.01875 0.040625
1 0.59765625 0.14140625 0.0171875 0.02578125
1 0.6265625 0.14609375 0.015625 0.02734375
1 0.63671875 0.11953125 0.0109375 0.02578125
1 0.65234375 0.125 0.01328125 0.02578125
1 0.66015625 0.1125 0.01015625 0.02421875
1 0.68125 0.11171875 0.0125 0.02578125
1 0.684375 0.128125 0.0140625 0.02578125
1 0.7015625 0.12265625 0.0125 0.02578125
1 0.7078125 0.159375 0.015625 0.0328125
1 0.72109375 0.13671875 0.015625 0.03125
1 0.7515625 0.13125 0.0171875 0.03125
1 0.759375 0.1296875 0.01015625 0.0203125
1 0.78203125 0.13671875 0.01640625 0.03125
1 0.7421875 0.16875 0.015625 0.0296875
1 0.77109375 0.18359375 0.01875 0.03671875
1 0.70078125 0.21015625 0.01640625 0.03125
1 0.7203125 0.23046875 0.0234375 0.0421875
1 0.6640625 0.21171875 0.021875 0.03828125
1 0.6765625 0.24609375 0.02265625 0.040625
1 0.796875 0.1953125 0.01875 0.03828125
1 0.80703125 0.16484375 0.0109375 0.021875
1 0.81484375 0.18828125 0.0171875 0.03125
1 0.825 0.17421875 0.01328125 0.0328125
1 0.8453125 0.14765625 0.01328125 0.02734375
1 0.83828125 0.1875 0.015625 0.03671875
1 0.8625 0.18203125 0.0125 0.0328125
1 0.87265625 0.15859375 0.0140625 0.03125
1 0.88046875 0.1515625 0.01328125 0.02734375
1 0.9 0.159375 0.0125 0.0328125
1 0.90859375 0.1734375 0.01640625 0.02734375
1 0.89453125 0.1796875 0.015625 0.0296875
1 0.934375 0.2 0.0171875 0.04375
1 0.94609375 0.18515625 0.01328125 0.0328125
1 0.8875 0.21015625 0.015625 0.02421875
1 0.87578125 0.23828125 0.02265625 0.0546875
1 0.85390625 0.22265625 0.0171875 0.03828125
1 0.92734375 0.27734375 0.0203125 0.04375
1 0.903125 0.33125 0.025 0.05703125
1 0.84375 0.30625 0.0203125 0.0515625
1 0.8328125 0.35859375 0.02890625 0.0609375
1 0.7796875 0.2703125 0.0234375 0.053125
1 0.8109375 0.2625 0.02265625 0.05859375
1 0.73515625 0.415625 0.03515625 0.0609375
1 0.640625 0.26796875 0.028125 0.0515625