1 0.89609375 0.4578125 0.0625 0.13515625
1 0.7171875 0.5453125 0.03125 0.06953125
1 0.678125 0.5234375 0.0328125 0.06171875
1 0.690625 0.5 0.02890625 0.05078125
1 0.6421875 0.51640625 0.02734375 0.06171875
1 0.5609375 0.52890625 0.03515625 0.07265625
1 0.56328125 0.4796875 0.03125 0.06171875
1 0.5390625 0.4984375 0.0328125 0.0546875
1 0.43046875 0.5109375 0.03515625 0.065625
1 0.4546875 0.4875 0.0328125 0.06953125
1 0.4015625 0.4875 0.02734375 0.0546875
1 0.3703125 0.53671875 0.04375 0.08046875
1 0.36015625 0.63359375 0.0640625 0.13515625
1 0.34609375 0.48359375 0.0328125 0.0765625
1 0.28515625 0.52890625 0.0515625 0.109375
1 0.165625 0.57265625 0.0703125 0.1390625
1 0.1921875 0.36484375 0.0640625 0.13125
1 0.23359375 0.45234375 0.03125 0.07265625
1 0.24140625 0.39609375 0.01875 0.04765625
1 0.22734375 0.40703125 0.02265625 0.04765625
1 0.325 0.41796875 0.02265625 0.0546875
1 0.37421875 0.46171875 0.02734375 0.06171875
1 0.290625 0.46875 0.0375 0.0546875
1 0.309375 0.45625 0.025 0.065625
1 0.29140625 0.4234375 0.02734375 0.05859375
1 0.3609375 0.42890625 0.02109375 0.0546875
1 0.13671875 0.4140625 0.0328125 0.06953125
1 0.10078125 0.41640625 0.03125 0.05859375
1 0.0765625 0.45625 0.04140625 0.08046875
1 0.02265625 0.4234375 0.0375 0.07265625
1 0.0484375 0.41640625 0.02734375 0.05859375
1 0.0484375 0.36484375 0.02734375 0.04375
1 0.0703125 0.34296875 0.02109375 0.04375
1 0.13046875 0.346875 0.025 0.03671875
1 0.01640625 0.346875 0.025 0.04375
1 0.02109375 0.31015625 0.025 0.04375