1 0.03125 0.5734375 0.05546875 0.12890625
1 0.03125 0.47265625 0.05234375 0.11015625
1 0.12734375 0.5625 0.11875 0.2359375
1 0.21171875 0.45703125 0.046875 0.0921875
1 0.18046875 0.4328125 0.0265625 0.06171875
1 0.25546875 0.4328125 0.03671875 0.0734375
1 0.28984375 0.52421875 0.059375 0.11640625
1 0.30703125 0.46015625 0.03828125 0.0859375
1 0.328125 0.45546875 0.028125 0.0640625
1 0.3734375 0.434375 0.02109375 0.04609375
1 0.38828125 0.4203125 0.02265625 0.04296875
1 0.41484375 0.46796875 0.0328125 0.0765625
1 0.46953125 0.596875 0.11875 0.20546875
1 0.44765625 0.4203125 0.0265625 0.04921875
1 0.47109375 0.4140625 0.02109375 0.04296875
1 0.48671875 0.4203125 0.028125 0.04921875
1 0.478125 0.38359375 0.02109375 0.04921875
1 0.53046875 0.4046875 0.0171875 0.03671875
1 0.54296875 0.4171875 0.02421875 0.03671875
1 0.56015625 0.4296875 0.028125 0.06171875
1 0.5546875 0.49375 0.0421875 0.0921875
1 0.60703125 0.44609375 0.03515625 0.0765625
1 0.665625 0.421875 0.02265625 0.05234375
1 0.71328125 0.44921875 0.03671875 0.0640625
1 0.69296875 0.54609375 0.08359375 0.153125
1 0.8046875 0.4140625 0.028125 0.06171875
1 0.82890625 0.5046875 0.06640625 0.12578125
1 0.91328125 0.4234375 0.03984375 0.0921875
1 0.96875 0.409375 0.03125 0.0640625
1 0.978125 0.4875 0.04375 0.12890625