1 0.078125 0.5640625 0.0875 0.12109375
1 0.0625 0.70625 0.11015625 0.26171875
1 0.065625 0.5 0.06484375 0.09140625
1 0.06171875 0.43671875 0.0546875 0.07890625
1 0.1484375 0.546875 0.07578125 0.15078125
1 0.171875 0.4875 0.065625 0.10625
1 0.13125 0.45703125 0.053125 0.09375
1 0.2234375 0.45546875 0.03984375 0.08125
1 0.2609375 0.4953125 0.05703125 0.08671875
1 0.29609375 0.59296875 0.084375 0.1484375
1 0.2875 0.4703125 0.0390625 0.0765625
1 0.3171875 0.434375 0.034375 0.06875
1 0.33984375 0.4453125 0.04296875 0.071875
1 0.36953125 0.51328125 0.05859375 0.10390625
1 0.375 0.43359375 0.0390625 0.06640625
1 0.42109375 0.4703125 0.04453125 0.09140625
1 0.4515625 0.44453125 0.03125 0.059375
1 0.43203125 0.43203125 0.03125 0.059375
1 0.48671875 0.428125 0.04296875 0.08125
1 0.49921875 0.4890625 0.04609375 0.07421875
1 0.5046875 0.53671875 0.06015625 0.10625
1 0.453125 0.62109375 0.08359375 0.1703125
1 0.3203125 0.8109375 0.15234375 0.2890625
1 0.6828125 0.85546875 0.19765625 0.2640625
1 0.640625 0.66875 0.09921875 0.16328125
1 0.60625 0.575 0.08203125 0.13828125
1 0.60703125 0.5015625 0.0515625 0.08359375
1 0.57734375 0.4875 0.0359375 0.08125
1 0.57578125 0.4421875 0.0328125 0.0640625
1 0.6453125 0.4296875 0.04296875 0.0640625
1 0.69375 0.4890625 0.05859375 0.10859375
1 0.6765625 0.47890625 0.04140625 0.08359375
1 0.7234375 0.4515625 0.0390625 0.07421875
1 0.7703125 0.55078125 0.06875 0.13828125
1 0.76484375 0.471875 0.03984375 0.07890625
1 0.8015625 0.465625 0.04140625 0.071875
1 0.84453125 0.5234375 0.06171875 0.11875
1 0.9125 0.48359375 0.0515625 0.11875
1 0.83125 0.3359375 0.0359375 0.0546875