1 0.23203125 0.23984375 0.0234375 0.0453125
1 0.25859375 0.21875 0.0203125 0.0484375
1 0.2765625 0.21015625 0.02109375 0.046875
1 0.2984375 0.25234375 0.0265625 0.05
1 0.31875 0.2140625 0.025 0.0453125
1 0.3484375 0.20859375 0.0203125 0.05
1 0.35703125 0.1875 0.021875 0.04375
1 0.36953125 0.21015625 0.021875 0.05
1 0.4046875 0.171875 0.0265625 0.0453125
1 0.44609375 0.2015625 0.02890625 0.053125
1 0.55078125 0.203125 0.02890625 0.06640625
1 0.6 0.246875 0.02578125 0.053125
1 0.615625 0.2359375 0.021875 0.053125
1 0.64140625 0.23515625 0.025 0.0515625
1 0.63515625 0.2140625 0.02421875 0.0453125