1 0.04765625 0.81953125 0.05859375 0.0828125
1 0.11796875 0.571875 0.03046875 0.04765625
1 0.22578125 0.64453125 0.03828125 0.059375
1 0.23828125 0.5890625 0.034375 0.0609375
1 0.3875 0.6859375 0.04140625 0.06796875
1 0.28046875 0.4921875 0.021875 0.0359375
1 0.2984375 0.50078125 0.0203125 0.0359375
1 0.33984375 0.52265625 0.021875 0.04453125
1 0.33125 0.5046875 0.015625 0.025
1 0.35625 0.48359375 0.0140625 0.028125
1 0.37734375 0.475 0.015625 0.034375
1 0.3890625 0.4875 0.0203125 0.0296875
1 0.39140625 0.528125 0.025 0.04296875
1 0.4265625 0.46640625 0.01953125 0.03828125
1 0.3921875 0.39765625 0.01484375 0.028125
1 0.44453125 0.459375 0.0203125 0.03828125
1 0.46328125 0.4875 0.01640625 0.0328125
1 0.47578125 0.515625 0.021875 0.04453125
1 0.4859375 0.4984375 0.021875 0.034375
1 0.47578125 0.45546875 0.01484375 0.03125
1 0.490625 0.465625 0.01953125 0.025
1 0.5109375 0.44765625 0.01328125 0.0328125
1 0.52578125 0.47890625 0.01640625 0.04296875
1 0.50625 0.5515625 0.02265625 0.03671875
1 0.55 0.5609375 0.028125 0.0546875
1 0.615625 0.56015625 0.03359375 0.059375
1 0.59296875 0.5328125 0.01953125 0.04609375
1 0.56015625 0.47578125 0.02109375 0.0359375
1 0.53515625 0.43046875 0.0125 0.028125
1 0.58125 0.44375 0.0140625 0.028125
1 0.58984375 0.4234375 0.01640625 0.0265625
1 0.60078125 0.45546875 0.01953125 0.034375
1 0.6078125 0.48359375 0.01953125 0.034375
1 0.61796875 0.46484375 0.015625 0.0328125
1 0.61796875 0.42734375 0.015625 0.03125
1 0.64140625 0.4234375 0.01796875 0.0296875
1 0.64609375 0.46875 0.015625 0.034375
1 0.66796875 0.49140625 0.0265625 0.03671875
1 0.640625 0.52265625 0.021875 0.05625
1 0.66640625 0.5484375 0.0296875 0.04453125
1 0.715625 0.48828125 0.02109375 0.03984375
1 0.690625 0.44765625 0.0171875 0.0359375
1 0.671875 0.44140625 0.0140625 0.0328125
1 0.72265625 0.43046875 0.0203125 0.03984375
1 0.7546875 0.4265625 0.01796875 0.03828125
1 0.7640625 0.4515625 0.015625 0.0296875
1 0.79140625 0.49453125 0.025 0.03828125
1 0.825 0.4953125 0.0234375 0.04609375
1 0.7921875 0.475 0.01640625 0.03671875
1 0.73984375 0.4765625 0.0203125 0.03984375
1 0.68125 0.6171875 0.0390625 0.07265625
1 0.65078125 0.7921875 0.06328125 0.1078125
1 0.84609375 0.84140625 0.0703125 0.1359375
1 0.85546875 0.6671875 0.05 0.090625
1 0.94765625 0.575 0.03828125 0.0625
1 0.98515625 0.69296875 0.02890625 0.0859375