1 0.93359375 0.21015625 0.015625 0.04453125
1 0.5765625 0.32578125 0.0484375 0.10078125
1 0.534375 0.1875 0.01953125 0.046875
1 0.4984375 0.1921875 0.01953125 0.03359375
1 0.49296875 0.15703125 0.01953125 0.04296875
1 0.4625 0.13046875 0.01796875 0.03359375
1 0.43828125 0.16171875 0.01484375 0.0296875
1 0.41640625 0.16171875 0.01484375 0.0296875
1 0.3859375 0.253125 0.0234375 0.0484375
1 0.35078125 0.2734375 0.0375 0.07421875
1 0.33984375 0.22890625 0.025 0.04453125
1 0.26796875 0.21171875 0.02421875 0.046875
1 0.1921875 0.25625 0.03046875 0.05