1 0.634375 0.09921875 0.0078125 0.0265625
1 0.66484375 0.1140625 0.01171875 0.028125
1 0.6921875 0.11171875 0.01328125 0.0296875
1 0.7421875 0.121875 0.01484375 0.03359375
1 0.7875 0.11953125 0.0125 0.01953125
1 0.8078125 0.12109375 0.01328125 0.028125
1 0.82578125 0.12421875 0.0109375 0.0265625
1 0.55859375 0.11484375 0.01796875 0.025
1 0.86953125 0.1359375 0.0140625 0.03359375
1 0.90859375 0.1421875 0.0125 0.03125
1 0.8953125 0.15859375 0.01328125 0.03671875
1 0.91875 0.15546875 0.01171875 0.03203125
1 0.4484375 0.153125 0.01640625 0.03125
1 0.4796875 0.14453125 0.01171875 0.025
1 0.50625 0.13828125 0.0125 0.0265625
1 0.52890625 0.1453125 0.01640625 0.0296875
1 0.3140625 0.2296875 0.01640625 0.0265625
1 0.33828125 0.21875 0.015625 0.03828125
1 0.35234375 0.228125 0.0171875 0.03828125
1 0.42421875 0.18671875 0.01796875 0.03359375
1 0.40859375 0.19921875 0.01796875 0.03671875
1 0.378125 0.23984375 0.0203125 0.0453125
1 0.3953125 0.28203125 0.01875 0.0453125
1 0.45390625 0.21796875 0.01796875 0.0390625
1 0.48359375 0.2 0.02421875 0.04921875
1 0.50234375 0.22109375 0.01875 0.04921875
1 0.53515625 0.1765625 0.02109375 0.040625
1 0.5578125 0.14921875 0.021875 0.03359375
1 0.5765625 0.1578125 0.0140625 0.03828125
1 0.58046875 0.1203125 0.01640625 0.03828125
1 0.5921875 0.11640625 0.01640625 0.03671875
1 0.60703125 0.13515625 0.01953125 0.040625
1 0.61640625 0.12109375 0.01875 0.03671875
1 0.63828125 0.1359375 0.01484375 0.028125
1 0.68203125 0.1671875 0.01484375 0.0390625
1 0.625 0.203125 0.0234375 0.04609375
1 0.56015625 0.25390625 0.0234375 0.05078125
1 0.54453125 0.3 0.021875 0.06328125
1 0.60234375 0.34765625 0.02421875 0.0546875
1 0.6 0.25 0.01796875 0.04765625
1 0.6640625 0.2671875 0.01796875 0.04921875
1 0.67578125 0.23671875 0.021875 0.04609375
1 0.68203125 0.19765625 0.02421875 0.03828125
1 0.7203125 0.1359375 0.01640625 0.0390625
1 0.17265625 0.47421875 0.03828125 0.071875
1 0.70703125 0.225 0.01953125 0.05078125
1 0.728125 0.19375 0.02421875 0.04765625
1 0.7484375 0.259375 0.02421875 0.04921875
1 0.771875 0.21875 0.0234375 0.03203125
1 0.80546875 0.19140625 0.02734375 0.06015625
1 0.8265625 0.2203125 0.021875 0.03671875
1 0.84296875 0.190625 0.01875 0.03359375
1 0.8515625 0.246875 0.02421875 0.0546875
1 0.8703125 0.2375 0.0265625 0.059375
1 0.925 0.2109375 0.0125 0.03671875
1 0.915625 0.2421875 0.01953125 0.04375
1 0.76796875 0.2953125 0.02109375 0.05078125
1 0.80390625 0.24375 0.021875 0.04609375
1 0.82109375 0.2953125 0.0234375 0.05078125
1 0.91796875 0.3109375 0.01953125 0.06015625
1 0.81875 0.396875 0.0390625 0.07421875
1 0.8875 0.44453125 0.03671875 0.0796875
1 0.8875 0.1890625 0.0140625 0.03515625
1 0.72265625 0.16484375 0.02265625 0.040625
1 0.51796875 0.16484375 0.02265625 0.04921875
1 0.4734375 0.1765625 0.0234375 0.04609375
1 0.36484375 0.253125 0.02109375 0.03359375
1 0.33984375 0.25546875 0.02109375 0.03671875
1 0.321875 0.259375 0.0234375 0.03828125
1 0.8203125 0.16171875 0.0078125 0.02265625
1 0.77890625 0.17109375 0.01484375 0.03125
1 0.75234375 0.1421875 0.0140625 0.02421875
1 0.62734375 0.09921875 0.01015625 0.01796875
1 0.85078125 0.16484375 0.0140625 0.03828125
1 0.8609375 0.15 0.0109375 0.0390625