1 0.78203125 0.44921875 0.05078125 0.08984375
1 0.66875 0.45 0.059375 0.09140625
1 0.5859375 0.44609375 0.0609375 0.0953125
1 0.50703125 0.4171875 0.04921875 0.08203125
1 0.42734375 0.45703125 0.05859375 0.09375
1 0.32109375 0.4578125 0.071875 0.0953125
1 0.2078125 0.4578125 0.06875 0.09921875
1 0.11953125 0.3546875 0.05078125 0.07578125
1 0.196875 0.31484375 0.05703125 0.07578125
1 0.26875 0.31796875 0.05078125 0.08203125
1 0.36953125 0.31640625 0.04921875 0.08359375
1 0.440625 0.30546875 0.05078125 0.0859375
1 0.5375 0.30703125 0.05078125 0.0875
1 0.6078125 0.28984375 0.05078125 0.08203125
1 0.67265625 0.3125 0.05546875 0.09140625
1 0.7390625 0.32265625 0.05390625 0.0796875
1 0.80703125 0.33359375 0.04609375 0.08203125
1 0.87421875 0.33203125 0.05546875 0.09375
1 0.646875 0.2328125 0.04921875 0.08359375
1 0.77734375 0.2203125 0.05703125 0.10546875
1 0.53671875 0.2328125 0.0609375 0.0796875
1 0.475 0.234375 0.05859375 0.0859375
1 0.39453125 0.22890625 0.05859375 0.0875
1 0.29140625 0.2390625 0.05234375 0.08359375
1 0.21328125 0.2203125 0.05703125 0.09375