1 0.1953125 0.36796875 0.04609375 0.09921875
1 0.2671875 0.23046875 0.015625 0.0296875
1 0.32890625 0.25078125 0.01953125 0.0453125
1 0.36953125 0.1953125 0.01640625 0.028125
1 0.38828125 0.1703125 0.015625 0.02265625
1 0.38515625 0.1953125 0.01171875 0.028125
1 0.43515625 0.14765625 0.01484375 0.0265625
1 0.440625 0.17265625 0.01484375 0.03359375
1 0.48203125 0.14140625 0.01875 0.028125
1 0.50234375 0.1359375 0.01484375 0.028125
1 0.51953125 0.13046875 0.01015625 0.02421875
1 0.51171875 0.15 0.01328125 0.03359375
1 0.53828125 0.13359375 0.01328125 0.02421875
1 0.4515625 0.20703125 0.01796875 0.0359375
1 0.37421875 0.25859375 0.02109375 0.0375
1 0.4359375 0.221875 0.021875 0.0390625
1 0.41171875 0.26953125 0.02578125 0.0453125
1 0.4921875 0.2171875 0.01796875 0.0375
1 0.578125 0.12578125 0.01328125 0.0296875
1 0.5859375 0.128125 0.0125 0.03203125
1 0.60078125 0.11171875 0.0125 0.02421875
1 0.59453125 0.13984375 0.01171875 0.02421875
1 0.5171875 0.1734375 0.015625 0.03203125
1 0.62109375 0.12734375 0.00859375 0.0265625
1 0.6296875 0.11796875 0.01015625 0.02265625
1 0.565625 0.1890625 0.021875 0.0296875
1 0.5765625 0.15703125 0.0125 0.02265625
1 0.5484375 0.29609375 0.02734375 0.0484375
1 0.58046875 0.23671875 0.01875 0.0359375
1 0.64453125 0.1515625 0.01875 0.0296875
1 0.6609375 0.11640625 0.01484375 0.03359375
1 0.675 0.121875 0.01796875 0.0453125
1 0.690625 0.12890625 0.01328125 0.03359375
1 0.6203125 0.22265625 0.01640625 0.03359375
1 0.64140625 0.24375 0.021875 0.0453125
1 0.6609375 0.1921875 0.015625 0.04296875
1 0.67734375 0.2171875 0.01953125 0.0375
1 0.68203125 0.2671875 0.01875 0.04296875
1 0.6953125 0.17421875 0.01796875 0.0296875
1 0.7078125 0.1375 0.01875 0.0359375
1 0.72890625 0.146875 0.01171875 0.03203125
1 0.715625 0.23203125 0.02109375 0.04140625
1 0.73828125 0.19453125 0.01875 0.03359375
1 0.76328125 0.16640625 0.01640625 0.03359375
1 0.74296875 0.234375 0.02265625 0.0453125
1 0.74140625 0.26796875 0.021875 0.0453125
1 0.7625 0.25546875 0.01640625 0.04296875
1 0.7984375 0.13828125 0.01328125 0.0265625
1 0.77890625 0.16015625 0.01640625 0.0359375
1 0.79140625 0.16328125 0.015625 0.03359375
1 0.7984375 0.21640625 0.01875 0.0390625
1 0.790625 0.28671875 0.025 0.05234375
1 0.8234375 0.14453125 0.01640625 0.03359375
1 0.83828125 0.1453125 0.009375 0.0203125
1 0.83671875 0.1640625 0.0125 0.0203125
1 0.83046875 0.1953125 0.01875 0.03203125
1 0.85390625 0.2671875 0.028125 0.046875
1 0.8296875 0.30234375 0.02421875 0.04296875
1 0.86015625 0.2 0.01953125 0.0375
1 0.87265625 0.1796875 0.0125 0.0296875
1 0.88203125 0.159375 0.01171875 0.0265625
1 0.90703125 0.16015625 0.0125 0.028125
1 0.95078125 0.17890625 0.01484375 0.02421875
1 0.9390625 0.2078125 0.01015625 0.03359375
1 0.92890625 0.2390625 0.02109375 0.0390625
1 0.9203125 0.29296875 0.02265625 0.0546875
1 0.92265625 0.36640625 0.02265625 0.05078125
1 0.490625 0.1796875 0.01875 0.0296875
1 0.4796875 0.16015625 0.015625 0.03203125
1 0.809375 0.15625 0.01484375 0.04296875
1 0.74609375 0.14609375 0.01171875 0.02265625