1 0.16328125 0.30703125 0.11796875 0.2234375
1 0.04765625 0.33125 0.03984375 0.0671875
1 0.01484375 0.275 0.02578125 0.06015625
1 0.046875 0.24296875 0.02578125 0.04609375
1 0.07109375 0.25 0.02578125 0.053125
1 0.0921875 0.234375 0.0203125 0.0421875
1 0.10078125 0.278125 0.02578125 0.053125
1 0.22109375 0.2875 0.0296875 0.07109375
1 0.25625 0.31953125 0.03984375 0.07109375
1 0.29921875 0.28203125 0.02578125 0.06015625
1 0.27265625 0.26796875 0.02578125 0.04609375
1 0.28671875 0.2375 0.021875 0.05
1 0.34609375 0.234375 0.0203125 0.0421875
1 0.371875 0.275 0.028125 0.053125
1 0.415625 0.2734375 0.028125 0.05
1 0.4171875 0.2375 0.01796875 0.0421875
1 0.384375 0.37578125 0.03984375 0.0921875
1 0.41875 0.41640625 0.05390625 0.103125
1 0.42265625 0.528125 0.08203125 0.16328125
1 0.54765625 0.646875 0.1 0.18828125
1 0.553125 0.41328125 0.03828125 0.103125
1 0.52109375 0.34375 0.03828125 0.07109375
1 0.53203125 0.30703125 0.03203125 0.0671875
1 0.4796875 0.2890625 0.02421875 0.0671875
1 0.44296875 0.3265625 0.034375 0.07109375
1 0.5671875 0.2921875 0.021875 0.053125
1 0.6203125 0.30859375 0.028125 0.05
1 0.64921875 0.34765625 0.034375 0.07109375
1 0.646875 0.290625 0.021875 0.05
1 0.671875 0.48203125 0.0640625 0.134375
1 0.7 0.31171875 0.028125 0.0640625
1 0.75234375 0.36328125 0.03203125 0.08125
1 0.7953125 0.340625 0.0296875 0.05703125
1 0.80625 0.57109375 0.06796875 0.15625
1 0.840625 0.36875 0.0296875 0.07109375
1 0.8578125 0.3421875 0.03203125 0.053125
1 0.921875 0.34921875 0.028125 0.06015625