1 0.05 0.325 0.03125 0.05703125
1 0.0734375 0.32421875 0.03359375 0.05078125
1 0.15546875 0.33125 0.02734375 0.0484375
1 0.21171875 0.33671875 0.02421875 0.0421875
1 0.21015625 0.31171875 0.0171875 0.03203125
1 0.2359375 0.31171875 0.01953125 0.03828125
1 0.26171875 0.3234375 0.025 0.04609375
1 0.29921875 0.3671875 0.04140625 0.078125
1 0.30390625 0.31015625 0.028125 0.04453125
1 0.28359375 0.30859375 0.01796875 0.03671875
1 0.3171875 0.303125 0.01796875 0.03671875
1 0.34765625 0.2984375 0.021875 0.0390625
1 0.36875 0.38515625 0.0453125 0.08359375
1 0.38359375 0.3125 0.025 0.0375
1 0.4109375 0.31171875 0.0203125 0.04296875
1 0.42734375 0.321875 0.0296875 0.05703125
1 0.45390625 0.31328125 0.02734375 0.0546875
1 0.465625 0.33203125 0.0265625 0.05625
1 0.49765625 0.35234375 0.05859375 0.090625
1 0.55625 0.3453125 0.03828125 0.08359375
1 0.4953125 0.29609375 0.01640625 0.0265625
1 0.50703125 0.3015625 0.01640625 0.03671875
1 0.56171875 0.25703125 0.02265625 0.04921875
1 0.5875 0.234375 0.0265625 0.0546875
1 0.621875 0.32578125 0.028125 0.0609375
1 0.63828125 0.303125 0.01796875 0.0421875
1 0.66640625 0.30546875 0.015625 0.03359375
1 0.66015625 0.2984375 0.015625 0.02734375
1 0.6875 0.31875 0.02265625 0.0484375
1 0.690625 0.2875 0.009375 0.015625
1 0.70390625 0.29375 0.01796875 0.034375
1 0.715625 0.34140625 0.02578125 0.0625
1 0.7515625 0.34140625 0.03984375 0.0890625
1 0.7765625 0.3390625 0.03125 0.059375
1 0.796875 0.32109375 0.0265625 0.0546875
1 0.78359375 0.25859375 0.0203125 0.02734375
1 0.803125 0.27421875 0.015625 0.0328125
1 0.815625 0.31953125 0.01796875 0.03671875
1 0.81953125 0.29453125 0.01328125 0.03359375
1 0.90078125 0.36640625 0.05390625 0.09375
1 0.8796875 0.32890625 0.0375 0.0640625
1 0.859375 0.31171875 0.021875 0.04140625
1 0.86484375 0.26640625 0.01796875 0.0296875
1 0.90546875 0.26875 0.01796875 0.03671875
1 0.91875 0.31171875 0.0234375 0.04296875
1 0.93359375 0.2671875 0.0171875 0.0296875
1 0.95078125 0.31640625 0.02109375 0.03984375
1 0.97578125 0.3515625 0.0390625 0.07578125