1 0.0625 0.25234375 0.075 0.13359375
1 0.121875 0.2046875 0.06640625 0.1046875
1 0.20234375 0.28515625 0.0578125 0.09765625
1 0.23984375 0.5171875 0.07734375 0.13671875
1 0.2734375 0.24609375 0.06640625 0.11640625
1 0.22578125 0.16484375 0.0515625 0.09375
1 0.32734375 0.17578125 0.05234375 0.084375
1 0.359375 0.28671875 0.05859375 0.1015625
1 0.4015625 0.225 0.0546875 0.1015625
1 0.446875 0.153125 0.04375 0.10703125
1 0.49375 0.18984375 0.04765625 0.0859375
1 0.5375 0.2328125 0.06484375 0.1015625
1 0.5890625 0.20625 0.0359375 0.09375
1 0.640625 0.23515625 0.05390625 0.09921875
1 0.6765625 0.171875 0.04375 0.084375
1 0.696875 0.2609375 0.06875 0.1203125
1 0.75234375 0.196875 0.04765625 0.09375
1 0.7859375 0.246875 0.05859375 0.103125
1 0.8171875 0.1640625 0.05390625 0.0953125
1 0.8484375 0.23046875 0.05390625 0.10859375
1 0.93125 0.24609375 0.0546875 0.1046875
1 0.6140625 0.503125 0.07265625 0.14296875
1 0.45 0.496875 0.0625 0.12734375