1 0.028125 0.43515625 0.0546875 0.14453125
1 0.1828125 0.5015625 0.11875 0.125
1 0.2015625 0.40546875 0.08671875 0.1171875
1 0.33984375 0.58359375 0.17890625 0.25234375
1 0.3734375 0.4171875 0.09296875 0.1203125
1 0.47734375 0.453125 0.08671875 0.10078125
1 0.56953125 0.24765625 0.0828125 0.09921875
1 0.68125 0.4796875 0.0953125 0.10546875
1 0.6734375 0.38671875 0.0671875 0.09453125
1 0.76328125 0.39765625 0.0546875 0.0890625
1 0.83515625 0.5703125 0.1359375 0.16875
1 0.85703125 0.4328125 0.06953125 0.07578125
1 0.84375 0.38203125 0.0671875 0.07265625
1 0.9703125 0.5421875 0.05859375 0.14296875
1 0.953125 0.77109375 0.09140625 0.15625