1 0.14765625 0.54296875 0.1515625 0.29375
1 0.4765625 0.56796875 0.2 0.36484375
1 0.92890625 0.53515625 0.14140625 0.34140625
1 0.821875 0.51953125 0.11015625 0.23125
1 0.55 0.434375 0.13359375 0.24375
1 0.68828125 0.28359375 0.0765625 0.1890625
1 0.540625 0.29296875 0.0953125 0.14453125
1 0.80859375 0.20078125 0.0734375 0.12890625
1 0.8875 0.2625 0.08828125 0.1734375
1 0.9734375 0.31484375 0.053125 0.1625
1 0.25 0.31484375 0.08359375 0.13671875
1 0.23046875 0.48828125 0.10859375 0.21484375
1 0.13359375 0.359375 0.08359375 0.12578125