1 0.0765625 0.5140625 0.04453125 0.09765625
1 0.23046875 0.24921875 0.01875 0.04609375
1 0.24609375 0.25 0.0203125 0.04453125
1 0.265625 0.2375 0.01328125 0.04140625
1 0.32265625 0.22734375 0.015625 0.03984375
1 0.31875 0.20078125 0.01875 0.03125
1 0.34453125 0.2203125 0.0203125 0.04765625
1 0.3578125 0.2 0.01640625 0.04453125
1 0.3734375 0.18671875 0.01953125 0.034375
1 0.38359375 0.2421875 0.0203125 0.04453125
1 0.41640625 0.17578125 0.0171875 0.0328125
1 0.4421875 0.1796875 0.01328125 0.0359375
1 0.4375 0.2984375 0.01953125 0.05234375
1 0.48125 0.22421875 0.02265625 0.04609375
1 0.46328125 0.16015625 0.015625 0.03828125
1 0.4734375 0.1390625 0.015625 0.03125
1 0.48515625 0.16796875 0.021875 0.04140625
1 0.49921875 0.14140625 0.0109375 0.0328125
1 0.5234375 0.153125 0.01640625 0.028125
1 0.503125 0.1953125 0.015625 0.0328125
1 0.56015625 0.20625 0.01953125 0.04140625
1 0.53828125 0.15 0.01171875 0.034375
1 0.55859375 0.14921875 0.0109375 0.0265625
1 0.56015625 0.1296875 0.01484375 0.028125
1 0.58125 0.1296875 0.01640625 0.03125
1 0.60390625 0.11875 0.01328125 0.028125
1 0.6359375 0.12109375 0.01171875 0.0359375
1 0.58671875 0.1921875 0.01328125 0.0328125
1 0.659375 0.14296875 0.015625 0.0359375
1 0.66328125 0.1328125 0.01875 0.03125
1 0.69609375 0.13046875 0.01484375 0.0359375
1 0.71484375 0.14375 0.01171875 0.03125
1 0.6140625 0.16953125 0.01484375 0.03828125
1 0.62421875 0.18671875 0.01796875 0.04296875
1 0.66796875 0.21875 0.02265625 0.05078125
1 0.70390625 0.196875 0.01640625 0.0359375
1 0.6125 0.2828125 0.0234375 0.04609375
1 0.578125 0.3140625 0.02265625 0.04921875
1 0.60859375 0.34375 0.02421875 0.05703125
1 0.66171875 0.371875 0.0265625 0.05078125
1 0.73203125 0.36484375 0.0265625 0.05859375
1 0.72734375 0.24296875 0.02109375 0.04296875
1 0.7453125 0.2140625 0.01640625 0.04140625
1 0.7640625 0.184375 0.015625 0.0359375
1 0.7796875 0.18828125 0.0140625 0.04296875
1 0.79765625 0.1796875 0.02109375 0.0359375
1 0.8125 0.18203125 0.01328125 0.04296875
1 0.79921875 0.2421875 0.0171875 0.03828125
1 0.76796875 0.2671875 0.015625 0.04296875
1 0.815625 0.28828125 0.01875 0.05390625
1 0.79296875 0.421875 0.0296875 0.08359375
1 0.85625 0.4640625 0.02734375 0.08828125
1 0.87421875 0.3953125 0.02109375 0.05859375
1 0.865625 0.31640625 0.021875 0.04453125
1 0.8734375 0.22109375 0.01484375 0.034375
1 0.9015625 0.22421875 0.0140625 0.03984375
1 0.94140625 0.22578125 0.0171875 0.03671875
1 0.95078125 0.41640625 0.021875 0.06328125
1 0.98515625 0.24921875 0.01328125 0.03671875
1 0.96640625 0.290625 0.01796875 0.03984375
1 0.975 0.334375 0.01796875 0.04765625
1 0.92421875 0.32421875 0.01875 0.05234375
1 0.89296875 0.26484375 0.01796875 0.05078125
1 0.93046875 0.2515625 0.0109375 0.03671875
1 0.8234375 0.209375 0.01796875 0.0359375
1 0.40546875 0.2359375 0.01640625 0.03828125
1 0.42578125 0.1625 0.0140625 0.025
1 0.6890625 0.14921875 0.01953125 0.0328125
1 0.94453125 0.35546875 0.01953125 0.05859375