1 0.190625 0.3921875 0.04140625 0.09140625
1 0.21796875 0.39140625 0.0296875 0.07421875
1 0.23125 0.28984375 0.02734375 0.06015625
1 0.26484375 0.29921875 0.0359375 0.07265625
1 0.24921875 0.2328125 0.021875 0.04921875
1 0.3296875 0.33203125 0.028125 0.06875
1 0.35703125 0.31640625 0.034375 0.071875
1 0.378125 0.42734375 0.04609375 0.10234375
1 0.40625 0.30703125 0.03515625 0.07421875
1 0.39921875 0.2265625 0.028125 0.06015625
1 0.3328125 0.23671875 0.02578125 0.0578125
1 0.55859375 0.31328125 0.0390625 0.059375