1 0.88828125 0.43984375 0.04375 0.06640625
1 0.6546875 0.6234375 0.0296875 0.05390625
1 0.60078125 0.5828125 0.02578125 0.0390625
1 0.5828125 0.57265625 0.02578125 0.0484375
1 0.49765625 0.625 0.03203125 0.05703125
1 0.45234375 0.65546875 0.05234375 0.08125
1 0.4546875 0.61328125 0.03828125 0.05703125
1 0.4921875 0.5734375 0.0203125 0.0390625
1 0.521875 0.575 0.0203125 0.0359375
1 0.43828125 0.56484375 0.015625 0.02734375
1 0.409375 0.59375 0.0296875 0.0421875
1 0.37890625 0.6234375 0.034375 0.07265625
1 0.36015625 0.5875 0.03203125 0.0484375
1 0.35 0.5515625 0.02421875 0.0359375
1 0.3546875 0.71953125 0.0578125 0.084375
1 0.28515625 0.628125 0.04609375 0.075
1 0.30234375 0.59609375 0.02421875 0.0484375
1 0.309375 0.56640625 0.021875 0.0359375
1 0.30390625 0.55234375 0.0203125 0.0328125
1 0.2828125 0.546875 0.021875 0.0328125
1 0.2609375 0.5734375 0.021875 0.0390625
1 0.2421875 0.5484375 0.02421875 0.0484375
1 0.22578125 0.53046875 0.0203125 0.0359375
1 0.1953125 0.52421875 0.01796875 0.0359375
1 0.21171875 0.5828125 0.03203125 0.0453125
1 0.1609375 0.6625 0.04609375 0.084375
1 0.15390625 0.58125 0.04765625 0.07265625
1 0.184375 0.56015625 0.028125 0.0484375
1 0.178125 0.534375 0.0203125 0.0328125
1 0.11015625 0.56171875 0.03984375 0.05703125
1 0.10390625 0.53046875 0.02421875 0.0484375
1 0.065625 0.52890625 0.02421875 0.0390625
1 0.05625 0.57265625 0.03203125 0.05390625
1 0.03671875 0.534375 0.021875 0.0390625
1 0.02734375 0.63515625 0.05 0.084375