1 0.0890625 0.43125 0.05859375 0.07421875
1 0.21484375 0.47578125 0.040625 0.06328125
1 0.221875 0.428125 0.0375 0.05546875
1 0.28671875 0.43828125 0.02890625 0.04296875
1 0.3578125 0.48203125 0.05703125 0.0984375
1 0.42109375 0.465625 0.0390625 0.06875
1 0.659375 0.5 0.046875 0.078125
1 0.6078125 0.465625 0.04296875 0.071875
1 0.5671875 0.46015625 0.03203125 0.04609375
1 0.5625 0.42109375 0.025 0.0390625
1 0.69765625 0.43203125 0.034375 0.05390625
1 0.75625 0.43984375 0.02890625 0.05703125
1 0.790625 0.45703125 0.0375 0.06640625
1 0.878125 0.4703125 0.0515625 0.078125