1 0.209375 0.55546875 0.04765625 0.071875
1 0.3015625 0.59140625 0.0703125 0.08671875
1 0.3453125 0.5515625 0.04453125 0.065625
1 0.4421875 0.6546875 0.08984375 0.14765625
1 0.4484375 0.56015625 0.05859375 0.08828125
1 0.53671875 0.3984375 0.04140625 0.04375
1 0.5453125 0.578125 0.03984375 0.07421875
1 0.57890625 0.615625 0.0578125 0.0859375
1 0.565625 0.55 0.04453125 0.06484375
1 0.6421875 0.56015625 0.05 0.07265625
1 0.66875 0.78203125 0.11796875 0.184375
1 0.70703125 0.59765625 0.06484375 0.08359375
1 0.80078125 0.58828125 0.053125 0.06796875
1 0.7859375 0.52421875 0.04296875 0.06484375
1 0.85 0.51875 0.03984375 0.065625
1 0.9796875 0.56015625 0.040625 0.0609375
1 0.97265625 0.6609375 0.05078125 0.1171875
1 0.8171875 0.76328125 0.1046875 0.1453125