1 0.278125 0.24140625 0.01875 0.03671875
1 0.29765625 0.234375 0.01875 0.0328125
1 0.29609375 0.26015625 0.0171875 0.04140625
1 0.36015625 0.25390625 0.01875 0.04140625
1 0.38203125 0.2703125 0.015625 0.04140625
1 0.3859375 0.2203125 0.0171875 0.03125
1 0.37890625 0.1953125 0.015625 0.0296875
1 0.36953125 0.18359375 0.01875 0.0328125
1 0.40546875 0.16171875 0.01328125 0.0296875
1 0.42421875 0.17265625 0.0171875 0.028125
1 0.434375 0.15703125 0.0125 0.0296875
1 0.4421875 0.14609375 0.01484375 0.025
1 0.46875 0.1484375 0.0171875 0.0265625
1 0.48203125 0.171875 0.0171875 0.04296875
1 0.45703125 0.19765625 0.02578125 0.0546875
1 0.4390625 0.225 0.01875 0.03671875
1 0.50390625 0.17734375 0.015625 0.03828125
1 0.5265625 0.19609375 0.021875 0.03828125
1 0.515625 0.15078125 0.01875 0.03671875
1 0.50859375 0.1171875 0.01484375 0.0328125
1 0.54453125 0.11484375 0.01484375 0.034375
1 0.54453125 0.165625 0.01875 0.03984375
1 0.5640625 0.17421875 0.0171875 0.034375
1 0.56796875 0.1296875 0.0140625 0.028125
1 0.56328125 0.10859375 0.009375 0.021875
1 0.58515625 0.13359375 0.01328125 0.0265625
1 0.5921875 0.1171875 0.01796875 0.0265625
1 0.58828125 0.096875 0.0140625 0.021875
1 0.6078125 0.15390625 0.01953125 0.0328125
1 0.61171875 0.13359375 0.0125 0.0234375
1 0.61640625 0.09375 0.0125 0.025
1 0.63984375 0.09453125 0.0109375 0.0265625
1 0.6484375 0.10625 0.01328125 0.03125
1 0.65625 0.1234375 0.0140625 0.028125
1 0.65546875 0.15859375 0.02265625 0.04609375
1 0.66640625 0.103125 0.01015625 0.025
1 0.6984375 0.096875 0.0140625 0.028125
1 0.68046875 0.15546875 0.01953125 0.03984375
1 0.69609375 0.1734375 0.0203125 0.03984375
1 0.67578125 0.196875 0.01875 0.04296875
1 0.63359375 0.19453125 0.021875 0.03828125
1 0.6265625 0.24453125 0.028125 0.053125
1 0.55859375 0.253125 0.02890625 0.04609375
1 0.4984375 0.30078125 0.03515625 0.053125
1 0.53984375 0.32890625 0.03125 0.059375
1 0.6078125 0.31640625 0.03203125 0.0609375
1 0.67734375 0.28828125 0.03203125 0.0609375
1 0.7171875 0.2484375 0.0234375 0.0546875
1 0.7453125 0.3296875 0.03671875 0.06796875
1 0.80234375 0.36953125 0.03984375 0.06796875
1 0.90234375 0.34921875 0.0359375 0.08125
1 0.78203125 0.26015625 0.03359375 0.0609375
1 0.84140625 0.29921875 0.03046875 0.059375
1 0.81171875 0.23203125 0.02265625 0.0515625
1 0.78359375 0.2 0.0203125 0.04609375
1 0.75703125 0.2078125 0.02265625 0.04765625
1 0.73125 0.1828125 0.02265625 0.04453125
1 0.72734375 0.22421875 0.02421875 0.0515625
1 0.73125 0.1140625 0.015625 0.0328125
1 0.75390625 0.125 0.0171875 0.04140625
1 0.76796875 0.12578125 0.0171875 0.0328125
1 0.78671875 0.14453125 0.01875 0.04453125
1 0.8140625 0.14765625 0.0171875 0.03828125
1 0.83828125 0.1328125 0.0109375 0.03125
1 0.83984375 0.1125 0.01484375 0.0296875
1 0.85703125 0.1609375 0.01875 0.04453125
1 0.83359375 0.2 0.02578125 0.053125
1 0.86328125 0.24296875 0.0265625 0.05625
1 0.9203125 0.2734375 0.02890625 0.0578125
1 0.92578125 0.234375 0.01796875 0.04296875
1 0.92734375 0.2015625 0.01484375 0.03671875
1 0.8859375 0.19453125 0.015625 0.03828125
1 0.87421875 0.18046875 0.0125 0.0328125
1 0.8671875 0.13828125 0.01328125 0.028125
1 0.8734375 0.11953125 0.0140625 0.028125
1 0.89453125 0.1328125 0.0109375 0.028125
1 0.9015625 0.14921875 0.01953125 0.03828125
1 0.8921875 0.165625 0.0171875 0.0328125
1 0.93046875 0.14453125 0.01484375 0.03125