1 0.28984375 0.41640625 0.05703125 0.12109375
1 0.3734375 0.525 0.06484375 0.13984375
1 0.4140625 0.20703125 0.02109375 0.04609375
1 0.4328125 0.209375 0.0125 0.03046875
1 0.4515625 0.21640625 0.01484375 0.0375
1 0.47890625 0.24140625 0.02109375 0.0359375
1 0.5109375 0.23671875 0.021875 0.04453125
1 0.590625 0.125 0.01796875 0.02890625
1 0.6171875 0.12265625 0.01328125 0.02734375
1 0.64921875 0.13203125 0.01171875 0.02578125
1 0.596875 0.26171875 0.0234375 0.0390625
1 0.6453125 0.25234375 0.03046875 0.0578125