1 0.05546875 0.25546875 0.01875 0.0359375
1 0.078125 0.23828125 0.01640625 0.02734375
1 0.1625 0.30546875 0.03671875 0.0890625
1 0.1671875 0.45 0.0375 0.08671875
1 0.3328125 0.1546875 0.0203125 0.0296875
1 0.528125 0.1515625 0.02265625 0.0484375
1 0.4625 0.1734375 0.02109375 0.03828125
1 0.62890625 0.2015625 0.025 0.05546875
1 0.56484375 0.059375 0.01328125 0.02578125
1 0.5921875 0.06015625 0.01328125 0.02734375
1 0.61328125 0.06328125 0.01640625 0.02578125
1 0.7421875 0.0765625 0.0140625 0.03359375
1 0.7984375 0.09609375 0.015625 0.0359375
1 0.90703125 0.16875 0.01328125 0.03203125
1 0.93828125 0.190625 0.01171875 0.0296875
1 0.928125 0.23828125 0.01875 0.0359375
1 0.93046875 0.17265625 0.00703125 0.0234375