1 0.17578125 0.48515625 0.03359375 0.0609375
1 0.25078125 0.259375 0.01328125 0.0265625
1 0.27265625 0.27421875 0.015625 0.0296875
1 0.32421875 0.27578125 0.01484375 0.0296875
1 0.36171875 0.2515625 0.0171875 0.0328125
1 0.38515625 0.25625 0.01484375 0.0328125
1 0.39609375 0.29609375 0.01875 0.04453125
1 0.3109375 0.23046875 0.0109375 0.01796875
1 0.31875 0.240625 0.01015625 0.02109375
1 0.33359375 0.22578125 0.0140625 0.028125
1 0.34765625 0.23203125 0.01328125 0.03125
1 0.39453125 0.2171875 0.0125 0.03125
1 0.4359375 0.2296875 0.01875 0.0359375
1 0.38671875 0.196875 0.0109375 0.0265625
1 0.4765625 0.24765625 0.015625 0.0296875
1 0.44453125 0.190625 0.0125 0.02265625
1 0.425 0.19140625 0.0140625 0.028125
1 0.40546875 0.18671875 0.0109375 0.028125
1 0.44765625 0.1625 0.0109375 0.01953125
1 0.440625 0.1734375 0.01015625 0.02109375
1 0.49296875 0.21171875 0.01328125 0.02265625
1 0.4734375 0.1953125 0.0109375 0.0265625
1 0.48984375 0.18828125 0.0109375 0.02109375
1 0.48671875 0.1640625 0.01015625 0.02265625
1 0.4875 0.13359375 0.01328125 0.025
1 0.52265625 0.21328125 0.01796875 0.0296875
1 0.53203125 0.17265625 0.01484375 0.0328125
1 0.56953125 0.1671875 0.01796875 0.0328125
1 0.559375 0.15078125 0.0109375 0.02265625
1 0.5609375 0.12734375 0.0125 0.028125
1 0.5953125 0.14765625 0.009375 0.02265625
1 0.59765625 0.1234375 0.00859375 0.02265625
1 0.6078125 0.140625 0.0078125 0.02109375
1 0.61484375 0.12265625 0.0078125 0.025
1 0.63203125 0.14296875 0.0140625 0.0265625
1 0.63671875 0.12265625 0.01328125 0.025
1 0.675 0.1203125 0.01015625 0.025
1 0.61796875 0.15234375 0.0125 0.02265625
1 0.603125 0.2046875 0.015625 0.034375
1 0.5765625 0.221875 0.0203125 0.04296875
1 0.55 0.30703125 0.021875 0.04296875
1 0.5265625 0.29140625 0.01953125 0.04453125
1 0.62265625 0.2453125 0.01953125 0.04765625
1 0.60234375 0.3421875 0.02890625 0.05078125
1 0.66015625 0.22109375 0.01484375 0.0375
1 0.64765625 0.18984375 0.01328125 0.028125
1 0.67890625 0.24453125 0.01875 0.04296875
1 0.7015625 0.23671875 0.01796875 0.04296875
1 0.68984375 0.190625 0.0171875 0.0328125
1 0.69609375 0.15078125 0.009375 0.02265625
1 0.71875 0.2859375 0.021875 0.0390625
1 0.76171875 0.22734375 0.015625 0.04453125
1 0.73359375 0.20390625 0.0171875 0.0328125
1 0.70625 0.14453125 0.0125 0.0296875
1 0.73671875 0.165625 0.01328125 0.0328125
1 0.740625 0.14375 0.0140625 0.028125
1 0.765625 0.13828125 0.0109375 0.0265625
1 0.75390625 0.1296875 0.0109375 0.0296875
1 0.759375 0.16796875 0.01328125 0.03125
1 0.78515625 0.16171875 0.0125 0.028125
1 0.79921875 0.159375 0.01328125 0.0296875
1 0.77109375 0.20703125 0.01484375 0.0359375
1 0.77109375 0.309375 0.0265625 0.05390625
1 0.84296875 0.31796875 0.028125 0.0609375
1 0.85703125 0.23671875 0.021875 0.04296875
1 0.84453125 0.19140625 0.0140625 0.025
1 0.85390625 0.171875 0.0109375 0.028125
1 0.834375 0.15859375 0.0140625 0.025
1 0.8890625 0.17890625 0.0140625 0.0328125
1 0.89296875 0.15625 0.009375 0.02265625
1 0.915625 0.2703125 0.01875 0.04765625
1 0.91171875 0.2328125 0.01484375 0.0328125
1 0.87890625 0.2046875 0.01328125 0.025