1 0.14375 0.9375 0.14765625 0.12109375
1 0.11875 0.778125 0.0921875 0.1796875
1 0.07734375 0.715625 0.06796875 0.10625
1 0.1 0.6359375 0.0640625 0.08984375
1 0.059375 0.6078125 0.0390625 0.0734375
1 0.06953125 0.553125 0.03125 0.04765625
1 0.0640625 0.5234375 0.02421875 0.0359375
1 0.12421875 0.52421875 0.02890625 0.04921875
1 0.1546875 0.52890625 0.03125 0.05390625
1 0.15390625 0.5796875 0.034375 0.06484375
1 0.19921875 0.61328125 0.046875 0.078125
1 0.21953125 0.66640625 0.046875 0.08515625
1 0.2703125 0.69296875 0.05625 0.1140625
1 0.378125 0.7890625 0.0921875 0.17578125
1 0.55 0.89140625 0.12578125 0.2171875
1 0.3203125 0.4859375 0.0390625 0.078125
1 0.228125 0.53359375 0.03203125 0.05078125
1 0.23984375 0.51640625 0.02421875 0.04375
1 0.17578125 0.51953125 0.02578125 0.04375
1 0.2734375 0.52109375 0.01484375 0.028125
1 0.3734375 0.571875 0.03125 0.0734375
1 0.40234375 0.5640625 0.02578125 0.04765625
1 0.41796875 0.609375 0.03984375 0.0703125
1 0.33671875 0.56484375 0.028125 0.05234375
1 0.371875 0.51796875 0.021875 0.04609375
1 0.41171875 0.5078125 0.025 0.04609375
1 0.425 0.5359375 0.02421875 0.04375
1 0.4578125 0.56484375 0.034375 0.0671875
1 0.471875 0.521875 0.02265625 0.0390625
1 0.49453125 0.634375 0.0453125 0.09296875
1 0.52578125 0.61953125 0.03671875 0.078125
1 0.52890625 0.56484375 0.028125 0.04375
1 0.53046875 0.53203125 0.025 0.0359375
1 0.5671875 0.5328125 0.02109375 0.0375
1 0.5953125 0.62578125 0.04296875 0.08515625
1 0.63984375 0.68125 0.053125 0.09765625
1 0.5921875 0.5703125 0.02890625 0.04609375
1 0.590625 0.5421875 0.01875 0.034375
1 0.6234375 0.5234375 0.01875 0.0359375
1 0.6859375 0.59453125 0.034375 0.06171875
1 0.6578125 0.56953125 0.02734375 0.0453125
1 0.67734375 0.54609375 0.02421875 0.040625
1 0.72578125 0.55078125 0.025 0.04609375
1 0.73671875 0.6765625 0.0546875 0.103125
1 0.809375 0.7140625 0.07421875 0.13046875
1 0.7703125 0.63203125 0.03515625 0.06484375
1 0.74765625 0.58671875 0.02890625 0.05234375
1 0.7546875 0.54921875 0.02578125 0.04375
1 0.79765625 0.56484375 0.02578125 0.04921875
1 0.85078125 0.578125 0.02421875 0.04375
1 0.87578125 0.5921875 0.0296875 0.05390625
1 0.8375 0.64140625 0.03515625 0.05390625
1 0.91328125 0.69453125 0.0546875 0.109375
1 0.8921875 0.65546875 0.05 0.078125
1 0.9671875 0.65546875 0.0546875 0.08359375
1 0.96796875 0.5953125 0.0359375 0.06015625
1 0.92265625 0.5734375 0.02890625 0.05234375