1 0.025 0.57578125 0.0421875 0.07890625
1 0.05625 0.54765625 0.0359375 0.06640625
1 0.12265625 0.59296875 0.06171875 0.11328125
1 0.17890625 0.5265625 0.03828125 0.06953125
1 0.2640625 0.5125 0.03984375 0.06640625
1 0.2953125 0.61171875 0.0578125 0.10078125
1 0.30078125 0.55390625 0.05 0.07890625
1 0.35390625 0.6296875 0.06796875 0.11640625
1 0.36875 0.528125 0.0421875 0.07265625
1 0.41875 0.55234375 0.0421875 0.07578125
1 0.46171875 0.540625 0.05234375 0.10390625
1 0.51171875 0.5359375 0.0359375 0.06953125
1 0.42265625 0.8515625 0.1296875 0.21484375
1 0.56484375 0.65625 0.0703125 0.11953125
1 0.57578125 0.5375 0.04375 0.08515625
1 0.70078125 0.5296875 0.04609375 0.07578125
1 0.7328125 0.59140625 0.0578125 0.09140625
1 0.70390625 0.73828125 0.128125 0.2015625
1 0.85 0.37734375 0.03203125 0.06640625
1 0.8421875 0.56015625 0.04375 0.08515625
1 0.91328125 0.6484375 0.09375 0.1421875
1 0.9109375 0.55859375 0.04609375 0.08203125
1 0.9375 0.90859375 0.125 0.1640625