1 0.0828125 0.74609375 0.08203125 0.11484375
1 0.06640625 0.68359375 0.0640625 0.078125
1 0.090625 0.64921875 0.04609375 0.06875
1 0.08671875 0.54140625 0.0265625 0.0390625
1 0.1640625 0.51953125 0.03046875 0.05
1 0.234375 0.5453125 0.025 0.04296875
1 0.3140625 0.5140625 0.025 0.04609375
1 0.38515625 0.51171875 0.02890625 0.05
1 0.459375 0.51328125 0.028125 0.04453125
1 0.534375 0.5359375 0.025 0.04609375
1 0.5953125 0.53046875 0.0265625 0.0390625
1 0.64609375 0.53203125 0.03046875 0.04296875
1 0.70859375 0.53203125 0.025 0.0390625
1 0.76484375 0.54140625 0.02890625 0.04296875
1 0.8234375 0.55859375 0.021875 0.04296875
1 0.88125 0.53203125 0.02890625 0.0390625
1 0.915625 0.6734375 0.040625 0.05390625
1 0.87734375 0.6546875 0.0375 0.05703125
1 0.878125 0.62421875 0.0359375 0.040625
1 0.7984375 0.6515625 0.046875 0.059375
1 0.765625 0.6234375 0.02890625 0.05
1 0.73203125 0.63125 0.025 0.04453125
1 0.67421875 0.61875 0.03203125 0.05546875
1 0.6296875 0.69609375 0.059375 0.1
1 0.51875 0.684375 0.0484375 0.071875
1 0.4796875 0.64921875 0.0484375 0.06484375
1 0.43984375 0.690625 0.0515625 0.07421875
1 0.3859375 0.68046875 0.05 0.06484375
1 0.415625 0.61640625 0.03359375 0.05546875
1 0.36484375 0.65 0.02890625 0.0484375
1 0.31875 0.64375 0.03203125 0.0390625
1 0.315625 0.61640625 0.04140625 0.059375
1 0.22265625 0.66953125 0.040625 0.05703125
1 0.23515625 0.60859375 0.0265625 0.0390625
1 0.51015625 0.778125 0.0734375 0.10390625
1 0.590625 0.85703125 0.08359375 0.1109375
1 0.69453125 0.8109375 0.075 0.1
1 0.8671875 0.88359375 0.1625 0.2296875
1 0.32890625 0.91640625 0.1109375 0.16640625
1 0.334375 0.80625 0.11953125 0.13515625
1 0.24375 0.76640625 0.07890625 0.11875
1 0.2765625 0.7109375 0.05546875 0.078125
1 0.17734375 0.646875 0.040625 0.05
1 0.1421875 0.6234375 0.034375 0.05390625