1 0.0640625 0.5578125 0.05625 0.0921875
1 0.0203125 0.55078125 0.0375 0.07421875
1 0.1328125 0.603125 0.06953125 0.0953125
1 0.25859375 0.77890625 0.1328125 0.1671875
1 0.221875 0.521875 0.040625 0.0609375
1 0.27890625 0.53125 0.0421875 0.05546875
1 0.28828125 0.50859375 0.03203125 0.046875
1 0.31796875 0.403125 0.028125 0.0359375
1 0.36015625 0.53125 0.0421875 0.0578125
1 0.440625 0.49765625 0.03515625 0.0546875
1 0.475 0.58515625 0.0546875 0.0921875
1 0.503125 0.51484375 0.03125 0.04375
1 0.54296875 0.52421875 0.03125 0.04296875
1 0.5953125 0.51640625 0.0359375 0.0421875
1 0.60859375 0.5765625 0.06015625 0.08203125
1 0.70078125 0.67578125 0.10625 0.15
1 0.665625 0.54921875 0.04765625 0.05390625
1 0.63671875 0.5 0.0296875 0.0375
1 0.6953125 0.490625 0.02890625 0.040625
1 0.74609375 0.52265625 0.0390625 0.05078125
1 0.78828125 0.5109375 0.0296875 0.05859375
1 0.821875 0.521875 0.03359375 0.05390625
1 0.86875 0.5328125 0.05 0.07734375
1 0.86171875 0.65546875 0.08828125 0.11796875
1 0.934375 0.56484375 0.053125 0.078125
1 0.94375 0.521875 0.0390625 0.05390625