1 0.06171875 0.603125 0.0859375 0.1265625
1 0.1203125 0.540625 0.0375 0.05859375
1 0.1234375 0.5046875 0.0390625 0.046875
1 0.196875 0.5671875 0.05625 0.08828125
1 0.19609375 0.50546875 0.0375 0.0484375
1 0.2375 0.49765625 0.03515625 0.05859375
1 0.28828125 0.4796875 0.0265625 0.04296875
1 0.2625 0.7015625 0.1046875 0.15
1 0.34453125 0.57265625 0.04609375 0.06796875
1 0.38984375 0.51796875 0.0375 0.053125
1 0.371875 0.50859375 0.0234375 0.03984375
1 0.38984375 0.48359375 0.02265625 0.03359375
1 0.34375 0.49140625 0.025 0.03671875
1 0.4453125 0.53515625 0.0390625 0.053125
1 0.43046875 0.4890625 0.0234375 0.03203125
1 0.4328125 0.46953125 0.0140625 0.021875
1 0.4828125 0.490625 0.0203125 0.03203125
1 0.48671875 0.47109375 0.01875 0.021875
1 0.47421875 0.4765625 0.01640625 0.0265625
1 0.5109375 0.5125 0.02890625 0.04140625
1 0.51171875 0.4703125 0.01640625 0.0265625
1 0.5359375 0.48046875 0.0234375 0.04140625
1 0.56015625 0.49765625 0.0375 0.05859375
1 0.5921875 0.49609375 0.0234375 0.04140625
1 0.62578125 0.4875 0.0234375 0.03828125
1 0.65234375 0.4765625 0.0171875 0.0265625
1 0.66796875 0.484375 0.02109375 0.03515625
1 0.6921875 0.47421875 0.0234375 0.03203125
1 0.71015625 0.46953125 0.0203125 0.03203125
1 0.72734375 0.50078125 0.02734375 0.0453125
1 0.7125 0.52734375 0.0375 0.05859375
1 0.66015625 0.53984375 0.0328125 0.05703125
1 0.61640625 0.56328125 0.04765625 0.06015625
1 0.553125 0.6296875 0.0609375 0.096875
1 0.4734375 0.7359375 0.10390625 0.16484375
1 0.79453125 0.5515625 0.0359375 0.06640625
1 0.759375 0.50546875 0.0265625 0.04140625
1 0.7703125 0.48984375 0.01875 0.03671875
1 0.7859375 0.48515625 0.02109375 0.03359375
1 0.79296875 0.47109375 0.01875 0.03203125
1 0.81171875 0.47890625 0.01640625 0.03203125
1 0.8375 0.4875 0.0171875 0.03515625
1 0.85078125 0.503125 0.0265625 0.03984375
1 0.859375 0.478125 0.01640625 0.0296875
1 0.9109375 0.5140625 0.0359375 0.06796875
1 0.9359375 0.4796875 0.0234375 0.03359375
1 0.9609375 0.49453125 0.01875 0.028125
1 0.98515625 0.5109375 0.0296875 0.05
1 0.8734375 0.5875 0.06015625 0.08515625
1 0.8671875 0.63828125 0.0703125 0.11015625