1 0.40625 0.61875 0.05625 0.1046875
1 0.28125 0.6109375 0.04140625 0.07578125
1 0.06875 0.671875 0.06953125 0.153125
1 0.13984375 0.64921875 0.0453125 0.07421875
1 0.0984375 0.596875 0.03359375 0.06015625
1 0.06171875 0.55625 0.028125 0.04765625
1 0.02734375 0.5359375 0.025 0.0453125
1 0.10625 0.53359375 0.02109375 0.0375
1 0.1609375 0.53046875 0.0265625 0.03671875
1 0.19296875 0.52265625 0.028125 0.04765625
1 0.221875 0.51328125 0.0203125 0.0328125
1 0.26328125 0.53203125 0.02265625 0.04140625
1 0.2796875 0.5078125 0.01953125 0.034375
1 0.31015625 0.51953125 0.0234375 0.03671875
1 0.371875 0.49765625 0.02109375 0.0375
1 0.4203125 0.509375 0.01796875 0.0375
1 0.4703125 0.51484375 0.02265625 0.03515625
1 0.50234375 0.51953125 0.02265625 0.03828125
1 0.5125 0.51484375 0.01796875 0.03125
1 0.54296875 0.52265625 0.01796875 0.03125
1 0.559375 0.49609375 0.01796875 0.03125
1 0.5796875 0.5078125 0.0140625 0.028125
1 0.603125 0.53125 0.021875 0.03515625
1 0.6078125 0.509375 0.01875 0.028125
1 0.6421875 0.53046875 0.01875 0.03984375
1 0.6859375 0.53203125 0.01953125 0.03984375
1 0.7265625 0.5296875 0.015625 0.03671875
1 0.75546875 0.525 0.0234375 0.04375
1 0.78515625 0.52578125 0.02109375 0.0453125
1 0.88828125 0.546875 0.02578125 0.05859375
1 0.91328125 0.54453125 0.0234375 0.0546875