1 0.09765625 0.6640625 0.053125 0.0859375
1 0.0484375 0.63515625 0.04375 0.0625
1 0.08125 0.61875 0.05078125 0.0671875
1 0.20859375 0.69296875 0.05703125 0.08828125
1 0.2671875 0.615625 0.046875 0.0765625
1 0.27109375 0.58359375 0.025 0.04609375
1 0.2828125 0.56640625 0.0328125 0.0484375
1 0.3625 0.62109375 0.04453125 0.0765625
1 0.35703125 0.5734375 0.0328125 0.0375
1 0.53828125 0.49375 0.02734375 0.059375
1 0.76953125 0.590625 0.02421875 0.04609375
1 0.8046875 0.6109375 0.040625 0.06875
1 0.83984375 0.54609375 0.02578125 0.0375
1 0.8578125 0.5578125 0.02578125 0.04765625
1 0.90703125 0.6125 0.04140625 0.07109375
1 0.925 0.5921875 0.03828125 0.059375
1 0.93203125 0.68046875 0.06484375 0.11015625
1 0.9890625 0.5484375 0.021875 0.05