1 0.2015625 0.446875 0.03984375 0.07421875
1 0.3515625 0.24921875 0.0234375 0.034375
1 0.384375 0.2671875 0.01875 0.046875
1 0.421875 0.2796875 0.0234375 0.03984375
1 0.3578125 0.209375 0.01328125 0.02421875
1 0.4046875 0.19609375 0.01875 0.02578125
1 0.39296875 0.121875 0.01875 0.0296875
1 0.4578125 0.2203125 0.02109375 0.03984375
1 0.5 0.23671875 0.03046875 0.03828125
1 0.52890625 0.1796875 0.0171875 0.034375
1 0.48359375 0.14296875 0.0171875 0.0328125
1 0.5203125 0.12890625 0.01171875 0.02578125
1 0.53515625 0.1265625 0.009375 0.02734375
1 0.56015625 0.1203125 0.0171875 0.0296875
1 0.5875 0.12578125 0.01484375 0.03671875
1 0.640625 0.13828125 0.0125 0.0171875
1 0.559375 0.2046875 0.02421875 0.03671875
1 0.60625 0.19375 0.02109375 0.034375
1 0.58828125 0.253125 0.02734375 0.03984375
1 0.65390625 0.25546875 0.02421875 0.05
1 0.6625 0.209375 0.025 0.03828125
1 0.68203125 0.19609375 0.015625 0.0328125
1 0.684375 0.26953125 0.02421875 0.04140625
1 0.73828125 0.23359375 0.01640625 0.0453125
1 0.75234375 0.28515625 0.02421875 0.0515625
1 0.78203125 0.27421875 0.034375 0.05703125
1 0.8421875 0.3125 0.01953125 0.05390625
1 0.86953125 0.3171875 0.0265625 0.05390625
1 0.88828125 0.28203125 0.02734375 0.03828125
1 0.93984375 0.36171875 0.01875 0.05546875
1 0.95703125 0.30859375 0.02265625 0.046875
1 0.95703125 0.21953125 0.01484375 0.03828125
1 0.91328125 0.21953125 0.01640625 0.03125
1 0.86015625 0.23515625 0.02109375 0.04140625
1 0.86796875 0.19921875 0.01640625 0.03125
1 0.85234375 0.17890625 0.01328125 0.0328125
1 0.75625 0.1453125 0.0171875 0.03125