1 0.2046875 0.265625 0.02109375 0.04765625
1 0.36171875 0.28828125 0.025 0.04765625
1 0.35859375 0.24921875 0.0203125 0.04765625
1 0.33984375 0.24140625 0.01796875 0.03359375
1 0.3421875 0.21484375 0.01875 0.02890625
1 0.3609375 0.20078125 0.015625 0.03515625
1 0.39453125 0.22109375 0.02109375 0.03359375
1 0.3984375 0.28359375 0.02734375 0.05390625
1 0.403125 0.196875 0.015625 0.03125
1 0.3921875 0.18828125 0.01640625 0.03125
1 0.43671875 0.18671875 0.01796875 0.03984375
1 0.4546875 0.203125 0.01796875 0.03125
1 0.4625 0.23515625 0.025 0.05390625
1 0.484375 0.19765625 0.01796875 0.04140625
1 0.471875 0.1875 0.015625 0.02890625
1 0.48671875 0.30234375 0.028125 0.05
1 0.56953125 0.14375 0.0140625 0.025
1 0.603125 0.2 0.01875 0.0375
1 0.6125 0.25 0.0234375 0.04140625
1 0.659375 0.19921875 0.02265625 0.03984375
1 0.6765625 0.16171875 0.01875 0.03515625
1 0.72578125 0.18203125 0.0203125 0.03984375
1 0.75625 0.17734375 0.01875 0.0375
1 0.66640625 0.265625 0.025 0.04765625
1 0.725 0.26328125 0.02578125 0.05234375
1 0.7609375 0.26796875 0.025 0.05625
1 0.7546875 0.23125 0.0234375 0.04609375
1 0.83984375 0.28984375 0.02734375 0.05859375
1 0.91015625 0.23125 0.02109375 0.05