1 0.2125 0.45703125 0.05 0.0984375
1 0.246875 0.43125 0.04609375 0.0890625
1 0.309375 0.28125 0.021875 0.0421875
1 0.3609375 0.2609375 0.01953125 0.03828125
1 0.43046875 0.26796875 0.025 0.05234375
1 0.41640625 0.225 0.01953125 0.03828125
1 0.440625 0.22109375 0.0171875 0.03828125
1 0.44296875 0.18046875 0.0171875 0.03828125
1 0.46640625 0.18828125 0.0203125 0.04609375
1 0.44296875 0.14296875 0.01484375 0.03203125
1 0.46484375 0.15 0.01484375 0.03046875
1 0.52109375 0.13671875 0.015625 0.0359375
1 0.54921875 0.146875 0.0171875 0.0359375
1 0.57109375 0.15390625 0.0171875 0.034375
1 0.52890625 0.19921875 0.01953125 0.04453125
1 0.471875 0.3234375 0.025 0.0546875
1 0.6453125 0.25703125 0.02890625 0.05859375
1 0.71875 0.2765625 0.0296875 0.06015625
1 0.77109375 0.28125 0.03203125 0.05859375
1 0.67578125 0.1484375 0.0203125 0.03828125
1 0.7046875 0.146875 0.0171875 0.03203125
1 0.72578125 0.15625 0.01796875 0.0421875
1 0.7390625 0.13984375 0.021875 0.0421875
1 0.7578125 0.16015625 0.015625 0.03828125
1 0.790625 0.1828125 0.01953125 0.04609375
1 0.80078125 0.12109375 0.01484375 0.028125
1 0.87109375 0.2125 0.02421875 0.05078125