1 0.06484375 0.525 0.1 0.1828125
1 0.33359375 0.71640625 0.18359375 0.3109375
1 0.18984375 0.89609375 0.15703125 0.2078125
1 0.275 0.4796875 0.0796875 0.1328125
1 0.20859375 0.51875 0.06015625 0.1
1 0.36171875 0.53515625 0.06640625 0.1078125
1 0.38359375 0.49765625 0.04296875 0.0828125
1 0.50078125 0.253125 0.0515625 0.0953125
1 0.53671875 0.3921875 0.04296875 0.0828125
1 0.58828125 0.50625 0.06015625 0.08515625
1 0.53984375 0.61171875 0.06328125 0.1203125
1 0.6015625 0.68515625 0.08359375 0.14765625
1 0.503125 0.896875 0.13984375 0.20546875
1 0.7875 0.76796875 0.175 0.31796875
1 0.72734375 0.56640625 0.078125 0.13046875
1 0.70546875 0.42265625 0.0453125 0.0828125
1 0.81328125 0.234375 0.05 0.06796875
1 0.8375 0.5109375 0.0515625 0.0953125
1 0.90390625 0.49765625 0.0546875 0.09296875
1 0.88984375 0.596875 0.0734375 0.115625
1 0.953125 0.68671875 0.09296875 0.2359375
1 0.94765625 0.4859375 0.04140625 0.08046875
1 0.6390625 0.403125 0.0453125 0.08046875