1 0.02109375 0.4140625 0.0359375 0.0421875
1 0.13671875 0.5796875 0.075 0.1046875
1 0.19140625 0.509375 0.0703125 0.07578125
1 0.28828125 0.471875 0.05234375 0.0609375
1 0.3203125 0.44296875 0.0328125 0.0421875
1 0.3546875 0.4359375 0.0296875 0.0390625
1 0.3484375 0.40859375 0.02265625 0.03359375
1 0.57890625 0.4171875 0.02890625 0.04453125
1 0.61328125 0.44609375 0.04140625 0.05546875
1 0.63828125 0.48515625 0.04453125 0.0578125
1 0.6390625 0.54296875 0.07109375 0.071875
1 0.76875 0.57734375 0.0890625 0.096875
1 0.81171875 0.70625 0.109375 0.15078125
1 0.7890625 0.45 0.03359375 0.05234375
1 0.7546875 0.43203125 0.0296875 0.0453125
1 0.72890625 0.41640625 0.025 0.03671875
1 0.8828125 0.45859375 0.04765625 0.0578125
1 0.86796875 0.40703125 0.03359375 0.04453125
1 0.90546875 0.42421875 0.021875 0.03203125
1 0.9671875 0.4375 0.0359375 0.046875