1 0.04609375 0.5484375 0.05625 0.090625
1 0.18046875 0.58125 0.10234375 0.15390625
1 0.23515625 0.5734375 0.06953125 0.14140625
1 0.4078125 0.6203125 0.11015625 0.15546875
1 0.36484375 0.56328125 0.06640625 0.0921875
1 0.47734375 0.28515625 0.0453125 0.08984375
1 0.52734375 0.58671875 0.05234375 0.09296875
1 0.47421875 0.8234375 0.15 0.24375
1 0.5828125 0.62890625 0.084375 0.121875
1 0.69921875 0.66875 0.1046875 0.17265625
1 0.70625 0.596875 0.078125 0.10234375
1 0.85234375 0.63671875 0.08828125 0.15
1 0.9140625 0.60546875 0.06875 0.11640625