1 0.09609375 0.5109375 0.04453125 0.1046875
1 0.2984375 0.21953125 0.01484375 0.0359375
1 0.3171875 0.228125 0.01484375 0.04296875
1 0.3375 0.22578125 0.01484375 0.0375
1 0.353125 0.24453125 0.0140625 0.046875
1 0.384375 0.24453125 0.0203125 0.03984375
1 0.42890625 0.2359375 0.02109375 0.03984375
1 0.496875 0.28515625 0.02265625 0.0484375
1 0.5453125 0.29140625 0.025 0.0609375
1 0.60625 0.33671875 0.02421875 0.0609375
1 0.70703125 0.31328125 0.0234375 0.05390625
1 0.759375 0.37734375 0.02421875 0.05
1 0.81953125 0.38828125 0.02421875 0.0609375
1 0.89921875 0.41015625 0.02734375 0.05390625
1 0.9234375 0.3328125 0.0171875 0.0578125
1 0.85703125 0.2921875 0.02265625 0.05546875
1 0.81640625 0.25625 0.02109375 0.0453125
1 0.78515625 0.30546875 0.01953125 0.05390625
1 0.73359375 0.28359375 0.01953125 0.0453125
1 0.68828125 0.24296875 0.02265625 0.05
1 0.63671875 0.23828125 0.02421875 0.0453125
1 0.58203125 0.2296875 0.02265625 0.0453125
1 0.49453125 0.21796875 0.01953125 0.02890625
1 0.45625 0.21328125 0.0203125 0.02734375
1 0.346875 0.17890625 0.0171875 0.02734375
1 0.3859375 0.1984375 0.0109375 0.0375
1 0.428125 0.14296875 0.01640625 0.03046875
1 0.4203125 0.18203125 0.01640625 0.025
1 0.44765625 0.16796875 0.01640625 0.04140625
1 0.47734375 0.1359375 0.01640625 0.01953125
1 0.490625 0.175 0.0140625 0.03046875
1 0.52890625 0.17734375 0.01484375 0.0375
1 0.52265625 0.1375 0.0109375 0.0234375
1 0.53359375 0.125 0.01484375 0.02734375
1 0.55390625 0.12421875 0.01796875 0.025
1 0.58984375 0.11796875 0.009375 0.01953125
1 0.60546875 0.12890625 0.01328125 0.02734375
1 0.6296875 0.12890625 0.01953125 0.0234375
1 0.625 0.15703125 0.01484375 0.03046875
1 0.590625 0.1703125 0.0171875 0.02734375
1 0.56953125 0.18359375 0.0171875 0.025
1 0.5609375 0.15625 0.01484375 0.02890625
1 0.67578125 0.19453125 0.01484375 0.03203125
1 0.721875 0.184375 0.0171875 0.034375
1 0.70625 0.16171875 0.01484375 0.03203125
1 0.67421875 0.13515625 0.01484375 0.02890625
1 0.671875 0.10546875 0.0109375 0.01953125
1 0.69453125 0.12109375 0.01640625 0.0234375
1 0.69296875 0.10234375 0.01484375 0.0140625
1 0.7203125 0.1171875 0.01328125 0.021875
1 0.75546875 0.13203125 0.01484375 0.034375
1 0.78984375 0.13828125 0.0109375 0.03203125
1 0.8046875 0.1546875 0.0140625 0.02890625
1 0.7578125 0.165625 0.01328125 0.03203125
1 0.7703125 0.24609375 0.0203125 0.04296875
1 0.8109375 0.215625 0.01953125 0.025
1 0.71171875 0.22734375 0.02109375 0.0375
1 0.875 0.26875 0.01953125 0.0453125
1 0.88828125 0.228125 0.01953125 0.04296875
1 0.9328125 0.22421875 0.01953125 0.0484375
1 0.93046875 0.2859375 0.01953125 0.03984375
1 0.76328125 0.2015625 0.0234375 0.03203125
1 0.65625 0.1296875 0.0125 0.025