1 0.09296875 0.71484375 0.10703125 0.13984375
1 0.1265625 0.88671875 0.159375 0.203125
1 0.203125 0.7078125 0.0671875 0.1015625
1 0.27109375 0.66796875 0.05078125 0.0796875
1 0.159375 0.66640625 0.05078125 0.08203125
1 0.3234375 0.7140625 0.06875 0.09921875
1 0.3640625 0.7296875 0.08125 0.08203125
1 0.43515625 0.675 0.0703125 0.084375
1 0.534375 0.66875 0.0484375 0.06796875
1 0.61875 0.78515625 0.13359375 0.1640625
1 0.66640625 0.56796875 0.04140625 0.0625
1 0.84921875 0.67421875 0.05234375 0.06796875
1 0.82578125 0.64609375 0.0453125 0.06484375
1 0.80078125 0.66640625 0.05078125 0.0625
1 0.8953125 0.6765625 0.04375 0.06796875
1 0.94296875 0.7609375 0.1140625 0.17421875
1 0.390625 0.8890625 0.3 0.2171875