1 0.071875 0.2890625 0.03203125 0.05546875
1 0.278125 0.2171875 0.01953125 0.03046875
1 0.2890625 0.23828125 0.01640625 0.03046875
1 0.3171875 0.22890625 0.01796875 0.03828125
1 0.3296875 0.203125 0.0140625 0.03984375
1 0.346875 0.22890625 0.01640625 0.0421875
1 0.35078125 0.259375 0.02109375 0.04609375
1 0.35859375 0.190625 0.01796875 0.0421875
1 0.37890625 0.2078125 0.0125 0.03828125
1 0.38359375 0.1734375 0.01484375 0.03046875
1 0.41953125 0.1578125 0.01484375 0.0328125
1 0.43125 0.15078125 0.0125 0.03046875
1 0.42109375 0.2015625 0.01484375 0.04375
1 0.4109375 0.23671875 0.01796875 0.03828125
1 0.428125 0.24609375 0.0203125 0.0421875
1 0.44453125 0.2 0.0140625 0.034375
1 0.45703125 0.18671875 0.01171875 0.03046875
1 0.44609375 0.1625 0.01484375 0.03046875
1 0.4859375 0.1859375 0.0203125 0.0328125
1 0.47890625 0.20703125 0.01953125 0.0359375
1 0.48203125 0.1296875 0.01171875 0.02265625
1 0.4890625 0.14375 0.0140625 0.02890625
1 0.50703125 0.1171875 0.0125 0.025
1 0.51953125 0.14921875 0.01171875 0.0265625
1 0.52421875 0.12890625 0.009375 0.025
1 0.53203125 0.17578125 0.01171875 0.03046875
1 0.53984375 0.15390625 0.01484375 0.02890625
1 0.55703125 0.1375 0.0125 0.03046875
1 0.565625 0.121875 0.0109375 0.02265625
1 0.5578125 0.18046875 0.01640625 0.04375
1 0.57890625 0.15546875 0.0125 0.0328125
1 0.58515625 0.13515625 0.01484375 0.0265625
1 0.60703125 0.109375 0.009375 0.02890625
1 0.60703125 0.13828125 0.01640625 0.02890625
1 0.63671875 0.11484375 0.00859375 0.0265625
1 0.6421875 0.13359375 0.01171875 0.0265625
1 0.653125 0.15390625 0.0125 0.0328125
1 0.65859375 0.13515625 0.0109375 0.0265625
1 0.65546875 0.1125 0.0109375 0.03046875
1 0.684375 0.125 0.0125 0.025
1 0.6859375 0.11171875 0.0109375 0.025
1 0.7140625 0.10625 0.01171875 0.025
1 0.615625 0.1609375 0.01640625 0.03984375
1 0.66875 0.18359375 0.01640625 0.034375
1 0.59609375 0.2203125 0.0203125 0.0359375
1 0.646875 0.2359375 0.0203125 0.04765625
1 0.65 0.20234375 0.0171875 0.034375
1 0.68984375 0.22265625 0.02109375 0.0359375
1 0.69609375 0.26796875 0.02265625 0.04375
1 0.70546875 0.309375 0.02890625 0.07265625
1 0.71640625 0.18515625 0.01640625 0.034375
1 0.7390625 0.14375 0.0125 0.0328125
1 0.7515625 0.15625 0.0171875 0.03828125
1 0.7546875 0.2 0.01796875 0.03828125
1 0.72578125 0.24453125 0.0203125 0.03828125
1 0.76171875 0.2578125 0.02109375 0.04609375
1 0.76875 0.35078125 0.028125 0.06484375
1 0.81015625 0.28515625 0.0203125 0.0515625
1 0.77578125 0.121875 0.01171875 0.0265625
1 0.80546875 0.1375 0.0125 0.02265625
1 0.80234375 0.16484375 0.01640625 0.025
1 0.8046875 0.20234375 0.01640625 0.03828125
1 0.81796875 0.19140625 0.01640625 0.0359375
1 0.83671875 0.16796875 0.01484375 0.034375
1 0.83125 0.1375 0.0109375 0.01875
1 0.8484375 0.15234375 0.01171875 0.03046875
1 0.865625 0.14921875 0.01171875 0.0265625
1 0.83984375 0.24609375 0.0203125 0.0421875
1 0.86015625 0.21875 0.0171875 0.04375
1 0.89609375 0.23125 0.01484375 0.0421875
1 0.88046875 0.175 0.01484375 0.0328125
1 0.88359375 0.1640625 0.0140625 0.03046875
1 0.92109375 0.14609375 0.0125 0.0328125
1 0.91953125 0.1765625 0.01171875 0.0328125
1 0.909375 0.196875 0.01640625 0.034375
1 0.89921875 0.21171875 0.0140625 0.03828125
1 0.9421875 0.24453125 0.01953125 0.053125
1 0.946875 0.20390625 0.0125 0.034375
1 0.96171875 0.190625 0.0140625 0.03046875
1 0.95390625 0.17578125 0.0125 0.0265625
1 0.921875 0.33125 0.02578125 0.06328125