1 0.18515625 0.46875 0.046875 0.08203125
1 0.36328125 0.28125 0.02578125 0.05703125
1 0.39140625 0.328125 0.034375 0.078125
1 0.26875 0.22109375 0.0171875 0.02890625
1 0.34375 0.1890625 0.0140625 0.03203125
1 0.365625 0.1890625 0.01484375 0.02890625
1 0.365625 0.21953125 0.0171875 0.025
1 0.3421875 0.23984375 0.02109375 0.034375
1 0.40859375 0.20625 0.015625 0.02890625
1 0.39453125 0.1890625 0.0125 0.025
1 0.38046875 0.18515625 0.0125 0.025
1 0.44375 0.21953125 0.015625 0.0359375
1 0.415625 0.259375 0.0203125 0.03984375
1 0.47265625 0.21015625 0.0234375 0.03984375
1 0.440625 0.17421875 0.0140625 0.03203125
1 0.4390625 0.14140625 0.0140625 0.02890625
1 0.47265625 0.1703125 0.015625 0.02109375
1 0.51015625 0.1828125 0.01796875 0.03828125
1 0.54296875 0.19375 0.01796875 0.0421875
1 0.51875 0.16640625 0.01796875 0.0359375
1 0.50703125 0.13515625 0.0140625 0.03046875
1 0.52109375 0.12734375 0.0140625 0.0265625
1 0.478125 0.14921875 0.01796875 0.02109375
1 0.5359375 0.1359375 0.0140625 0.02890625
1 0.5796875 0.16953125 0.015625 0.034375
1 0.61015625 0.1171875 0.01953125 0.0359375
1 0.58828125 0.12265625 0.01171875 0.02890625
1 0.65078125 0.11953125 0.015625 0.03046875
1 0.6640625 0.10234375 0.0171875 0.03046875
1 0.671875 0.13046875 0.0125 0.03203125
1 0.68984375 0.109375 0.01484375 0.0359375
1 0.71484375 0.12109375 0.0140625 0.025
1 0.596875 0.246875 0.01953125 0.0421875
1 0.628125 0.253125 0.02265625 0.04921875
1 0.72265625 0.2421875 0.0203125 0.0359375
1 0.6671875 0.30390625 0.02109375 0.03828125
1 0.6703125 0.1796875 0.01953125 0.03203125
1 0.7640625 0.35078125 0.02421875 0.0625
1 0.7875 0.325 0.02109375 0.0609375
1 0.76015625 0.2859375 0.0234375 0.0625
1 0.7734375 0.27578125 0.0203125 0.053125
1 0.77109375 0.20234375 0.0171875 0.0359375
1 0.74140625 0.19609375 0.0140625 0.0265625
1 0.7625 0.18046875 0.0125 0.02265625
1 0.7453125 0.153125 0.0171875 0.02109375
1 0.7203125 0.165625 0.01796875 0.02265625
1 0.75625 0.13671875 0.0140625 0.02265625
1 0.77890625 0.1546875 0.01171875 0.025
1 0.79765625 0.1578125 0.0140625 0.03046875
1 0.8125 0.1484375 0.0125 0.03046875
1 0.8046875 0.12421875 0.0125 0.025
1 0.82578125 0.1328125 0.01171875 0.0265625
1 0.83984375 0.15234375 0.01171875 0.03046875
1 0.8546875 0.15 0.01171875 0.03046875
1 0.8296875 0.18515625 0.0140625 0.02890625
1 0.853125 0.22734375 0.0171875 0.03984375
1 0.84609375 0.20546875 0.0125 0.03046875
1 0.8578125 0.1875 0.01171875 0.02890625
1 0.87421875 0.1640625 0.01484375 0.0359375
1 0.88515625 0.14296875 0.01484375 0.034375
1 0.91015625 0.15 0.01484375 0.034375
1 0.8375 0.359375 0.0265625 0.0453125
1 0.90859375 0.39140625 0.0234375 0.04921875
1 0.909375 0.32109375 0.02109375 0.0453125
1 0.88359375 0.25703125 0.0234375 0.04921875
1 0.93515625 0.28671875 0.02265625 0.04921875
1 0.93125 0.24453125 0.015625 0.02890625
1 0.9 0.20234375 0.0140625 0.025
1 0.8921875 0.228125 0.01953125 0.03828125
1 0.95234375 0.2046875 0.0140625 0.03203125
1 0.9421875 0.19296875 0.0109375 0.02890625
1 0.953125 0.17109375 0.0125 0.0265625