1 0.06171875 0.4296875 0.04921875 0.059375
1 0.0328125 0.42421875 0.0328125 0.05078125
1 0.115625 0.4109375 0.04140625 0.06015625
1 0.17734375 0.38984375 0.04140625 0.0578125
1 0.2 0.45234375 0.05078125 0.06484375
1 0.2546875 0.434375 0.0390625 0.0578125
1 0.28203125 0.45390625 0.0390625 0.06015625
1 0.2984375 0.396875 0.03671875 0.05234375
1 0.20390625 0.2078125 0.0328125 0.04453125
1 0.2390625 0.225 0.034375 0.04921875
1 0.278125 0.22734375 0.03046875 0.04765625
1 0.33203125 0.234375 0.03515625 0.05390625
1 0.36171875 0.2140625 0.02265625 0.0375
1 0.36171875 0.4546875 0.0421875 0.05859375
1 0.3515625 0.41484375 0.03359375 0.046875
1 0.3625 0.38984375 0.0375 0.04453125
1 0.38359375 0.2171875 0.0234375 0.03984375
1 0.41953125 0.4203125 0.03984375 0.04921875
1 0.44375 0.40234375 0.0296875 0.04375
1 0.45703125 0.37734375 0.0328125 0.04609375
1 0.4703125 0.45078125 0.0421875 0.065625
1 0.4984375 0.43671875 0.03828125 0.0609375
1 0.57890625 0.45546875 0.04296875 0.05859375
1 0.57421875 0.41484375 0.034375 0.04140625
1 0.57421875 0.38828125 0.028125 0.03828125
1 0.62421875 0.41171875 0.03125 0.05
1 0.6515625 0.434375 0.0390625 0.06171875
1 0.59453125 0.22109375 0.034375 0.05546875
1 0.67421875 0.2109375 0.03125 0.04296875
1 0.52890625 0.20703125 0.03046875 0.03359375
1 0.5046875 0.21796875 0.01875 0.02578125
1 0.484375 0.20390625 0.025 0.028125
1 0.43671875 0.21484375 0.03203125 0.0421875
1 0.41796875 0.20546875 0.0265625 0.03046875
1 0.45234375 0.20390625 0.02265625 0.03046875
1 0.77421875 0.22890625 0.09453125 0.13046875
1 0.90078125 0.415625 0.0328125 0.06328125
1 0.9515625 0.459375 0.0453125 0.07109375