1 0.09453125 0.57421875 0.04921875 0.10625
1 0.19140625 0.30546875 0.02109375 0.04609375
1 0.221875 0.29921875 0.0234375 0.0578125
1 0.246875 0.26484375 0.01953125 0.04453125
1 0.303125 0.2484375 0.0171875 0.0390625
1 0.30390625 0.2171875 0.02265625 0.04765625
1 0.32890625 0.23828125 0.01796875 0.04609375
1 0.34140625 0.2265625 0.0171875 0.04609375
1 0.3625 0.27578125 0.01875 0.04921875
1 0.359375 0.20625 0.01953125 0.04609375
1 0.3828125 0.20390625 0.01875 0.04296875
1 0.39921875 0.2390625 0.01796875 0.04765625
1 0.4296875 0.33046875 0.021875 0.06015625
1 0.43203125 0.2015625 0.01875 0.04140625
1 0.4375 0.178125 0.015625 0.04140625
1 0.45234375 0.18046875 0.0203125 0.053125
1 0.465625 0.25546875 0.02421875 0.05625
1 0.48828125 0.209375 0.01875 0.04609375
1 0.47890625 0.16875 0.0203125 0.0390625
1 0.49375 0.1578125 0.01484375 0.04609375
1 0.5171875 0.17890625 0.021875 0.05625
1 0.546875 0.22109375 0.01640625 0.04296875
1 0.55859375 0.17578125 0.02109375 0.04140625
1 0.54765625 0.14140625 0.01796875 0.04609375
1 0.57109375 0.21953125 0.01640625 0.0390625
1 0.57890625 0.18359375 0.01875 0.04609375
1 0.575 0.1390625 0.01796875 0.04296875
1 0.5953125 0.1328125 0.015625 0.0359375
1 0.60390625 0.16328125 0.01953125 0.0390625
1 0.60078125 0.2015625 0.01640625 0.04140625
1 0.61953125 0.20625 0.0171875 0.04609375
1 0.628125 0.1359375 0.01328125 0.0359375
1 0.65 0.1484375 0.01328125 0.04140625
1 0.65390625 0.19375 0.01484375 0.0359375
1 0.66328125 0.153125 0.015625 0.04921875
1 0.68515625 0.165625 0.015625 0.04140625
1 0.6921875 0.146875 0.01328125 0.03046875
1 0.71796875 0.1640625 0.01484375 0.04140625
1 0.6578125 0.2609375 0.025 0.06015625
1 0.60234375 0.30234375 0.0265625 0.06484375
1 0.5390625 0.3859375 0.02578125 0.06484375
1 0.5890625 0.41640625 0.03203125 0.0703125
1 0.66640625 0.4234375 0.02890625 0.0734375
1 0.70859375 0.221875 0.0140625 0.04140625
1 0.72109375 0.28828125 0.0234375 0.06015625
1 0.7421875 0.2359375 0.015625 0.04453125
1 0.7484375 0.30546875 0.01875 0.053125
1 0.728125 0.428125 0.025 0.0765625
1 0.7625 0.20625 0.015625 0.0390625
1 0.7796875 0.21171875 0.01796875 0.0515625
1 0.80859375 0.19765625 0.01953125 0.04921875
1 0.8203125 0.23359375 0.01875 0.0390625
1 0.82890625 0.2234375 0.01484375 0.0390625
1 0.78984375 0.271875 0.025 0.0515625
1 0.81484375 0.30859375 0.02109375 0.05625
1 0.79140625 0.47109375 0.03125 0.10078125
1 0.85546875 0.49609375 0.0296875 0.075
1 0.890625 0.41171875 0.021875 0.0578125
1 0.95859375 0.48203125 0.02578125 0.071875
1 0.96484375 0.41171875 0.02265625 0.06171875
1 0.97421875 0.37890625 0.01640625 0.04921875
1 0.9765625 0.321875 0.0203125 0.04609375
1 0.98125 0.2671875 0.01796875 0.04296875
1 0.946875 0.24921875 0.01484375 0.04140625
1 0.93125 0.28359375 0.0109375 0.04140625
1 0.93046875 0.346875 0.0171875 0.0515625
1 0.86640625 0.36953125 0.0234375 0.0578125
1 0.86875 0.3171875 0.01953125 0.04609375
1 0.88671875 0.28359375 0.01484375 0.04453125
1 0.9015625 0.271875 0.0125 0.034375
1 0.90703125 0.24453125 0.01484375 0.04453125
1 0.8671875 0.2421875 0.015625 0.0390625