1 0.20390625 0.3578125 0.04453125 0.07734375
1 0.2953125 0.21484375 0.01875 0.03515625
1 0.32734375 0.2515625 0.01953125 0.040625
1 0.33984375 0.215625 0.01953125 0.03359375
1 0.35390625 0.19609375 0.0140625 0.02890625
1 0.3484375 0.18515625 0.01640625 0.03359375
1 0.37890625 0.19609375 0.015625 0.0390625
1 0.39296875 0.19765625 0.01953125 0.040625
1 0.3828125 0.25234375 0.01953125 0.0390625
1 0.3734375 0.2328125 0.01640625 0.03359375
1 0.41796875 0.259375 0.0234375 0.046875
1 0.42421875 0.20625 0.01875 0.03203125
1 0.4265625 0.17421875 0.015625 0.03203125
1 0.4265625 0.14765625 0.0140625 0.03203125
1 0.44609375 0.17109375 0.01640625 0.03203125
1 0.44765625 0.21171875 0.0203125 0.0421875
1 0.4828125 0.225 0.021875 0.0390625
1 0.47578125 0.1546875 0.01640625 0.02890625
1 0.47578125 0.13828125 0.0109375 0.0203125
1 0.49296875 0.171875 0.01953125 0.046875
1 0.49375 0.1359375 0.01484375 0.025
1 0.51328125 0.12578125 0.0140625 0.02890625
1 0.5203125 0.14140625 0.0140625 0.02734375
1 0.53125 0.1265625 0.01640625 0.02734375
1 0.5109375 0.17265625 0.01640625 0.02890625
1 0.52578125 0.18046875 0.01640625 0.03671875
1 0.54765625 0.190625 0.021875 0.040625
1 0.53671875 0.1609375 0.0140625 0.025
1 0.559375 0.1625 0.015625 0.02890625
1 0.5703125 0.1546875 0.01171875 0.025
1 0.5546875 0.14140625 0.00859375 0.0234375
1 0.55390625 0.1265625 0.01171875 0.0203125
1 0.58984375 0.16875 0.0140625 0.03046875
1 0.59453125 0.146875 0.01171875 0.02734375
1 0.58984375 0.12890625 0.0109375 0.025
1 0.58984375 0.1140625 0.0125 0.021875
1 0.60546875 0.134375 0.0140625 0.025
1 0.62265625 0.15 0.01484375 0.03046875
1 0.61640625 0.13671875 0.01171875 0.0203125
1 0.61484375 0.1125 0.0125 0.021875
1 0.63125 0.12578125 0.0140625 0.03203125
1 0.6546875 0.13359375 0.015625 0.03359375
1 0.671875 0.1375 0.01484375 0.02890625
1 0.66875 0.109375 0.01171875 0.02734375
1 0.69296875 0.121875 0.0109375 0.02890625
1 0.69296875 0.09921875 0.01171875 0.0234375
1 0.72734375 0.1109375 0.01796875 0.02734375
1 0.5015625 0.2859375 0.02578125 0.059375
1 0.5640625 0.2890625 0.03046875 0.065625
1 0.57890625 0.240625 0.021875 0.04921875
1 0.61875 0.2375 0.02421875 0.05078125
1 0.6328125 0.22109375 0.01875 0.03671875
1 0.690625 0.2421875 0.0234375 0.04921875
1 0.6109375 0.32890625 0.0296875 0.05703125
1 0.71171875 0.3109375 0.03359375 0.059375
1 0.7375 0.290625 0.02734375 0.0625
1 0.73203125 0.22734375 0.02421875 0.04375
1 0.7125 0.190625 0.01875 0.03671875
1 0.69140625 0.1796875 0.01875 0.03515625
1 0.71015625 0.1609375 0.01875 0.0390625
1 0.75546875 0.1359375 0.01484375 0.03515625
1 0.76171875 0.15859375 0.01796875 0.03359375
1 0.765625 0.184375 0.01953125 0.0421875
1 0.775 0.2515625 0.02265625 0.05703125
1 0.7515625 0.375 0.03828125 0.07578125
1 0.8265625 0.39609375 0.034375 0.08125
1 0.8078125 0.2859375 0.02265625 0.05234375
1 0.8015625 0.24921875 0.01875 0.03671875
1 0.80625 0.21484375 0.01953125 0.0421875
1 0.80546875 0.1625 0.01875 0.03515625
1 0.79140625 0.14453125 0.0140625 0.03203125
1 0.884375 0.228125 0.02265625 0.0421875
1 0.878125 0.2703125 0.021875 0.04921875
1 0.84609375 0.30234375 0.02421875 0.065625
1 0.90546875 0.415625 0.040625 0.07890625
1 0.9203125 0.31484375 0.0234375 0.065625
1 0.93046875 0.28515625 0.0203125 0.046875
1 0.934375 0.22578125 0.01953125 0.040625