1 0.13046875 0.471875 0.0578125 0.1046875
1 0.3140625 0.2265625 0.0171875 0.04765625
1 0.3140625 0.20078125 0.01328125 0.028125
1 0.34921875 0.1953125 0.0140625 0.03203125
1 0.41171875 0.19375 0.0171875 0.0390625
1 0.446875 0.203125 0.015625 0.0375
1 0.446875 0.16953125 0.0140625 0.0265625
1 0.4765625 0.21640625 0.01875 0.04609375
1 0.48046875 0.1875 0.0171875 0.03359375
1 0.53203125 0.2 0.01796875 0.0375
1 0.5625 0.15390625 0.01484375 0.03359375
1 0.58359375 0.15703125 0.0171875 0.03359375
1 0.615625 0.09296875 0.0109375 0.0265625
1 0.6875 0.1171875 0.01171875 0.03203125
1 0.70078125 0.1125 0.01171875 0.0265625
1 0.5140625 0.29453125 0.0203125 0.053125
1 0.58359375 0.23125 0.0203125 0.04296875
1 0.590625 0.28515625 0.01796875 0.0515625
1 0.60703125 0.284375 0.0265625 0.0671875
1 0.6265625 0.27109375 0.02578125 0.05859375
1 0.67890625 0.2375 0.02109375 0.040625
1 0.68984375 0.32421875 0.03359375 0.07265625
1 0.67578125 0.20625 0.0203125 0.04296875
1 0.67734375 0.16796875 0.01484375 0.03359375
1 0.70703125 0.18671875 0.0171875 0.04609375
1 0.72265625 0.22109375 0.0203125 0.04453125
1 0.72578125 0.353125 0.025 0.0640625
1 0.74375 0.16953125 0.01171875 0.0375
1 0.76328125 0.14296875 0.01328125 0.03359375
1 0.78515625 0.12890625 0.0109375 0.0234375
1 0.78828125 0.16953125 0.01484375 0.04453125
1 0.80234375 0.1890625 0.0140625 0.0375
1 0.8296875 0.1734375 0.01328125 0.03046875
1 0.84296875 0.146875 0.01328125 0.03359375
1 0.84296875 0.1828125 0.01484375 0.04296875
1 0.86875 0.1796875 0.01328125 0.03203125
1 0.90546875 0.15703125 0.01328125 0.0375
1 0.94140625 0.16796875 0.01484375 0.03046875
1 0.8390625 0.23203125 0.01796875 0.040625
1 0.80859375 0.259375 0.01875 0.04609375
1 0.81484375 0.28046875 0.01875 0.04609375
1 0.8171875 0.3484375 0.0265625 0.06015625
1 0.84765625 0.31953125 0.02421875 0.06015625
1 0.90390625 0.415625 0.02578125 0.07421875
1 0.92109375 0.32578125 0.0203125 0.0515625
1 0.91015625 0.30234375 0.02421875 0.04609375
1 0.86796875 0.28828125 0.021875 0.03359375
1 0.88984375 0.225 0.0171875 0.0515625
1 0.93046875 0.240625 0.01796875 0.04765625
1 0.946875 0.2015625 0.0140625 0.03046875
1 0.925 0.16015625 0.0109375 0.03203125
1 0.88125 0.14296875 0.01171875 0.03046875
1 0.878125 0.1609375 0.01171875 0.03359375
1 0.8171875 0.18359375 0.015625 0.04765625
1 0.63046875 0.21875 0.0203125 0.04296875
1 0.41953125 0.1484375 0.01171875 0.01953125
1 0.41953125 0.16796875 0.0140625 0.03046875
1 0.47421875 0.14765625 0.0109375 0.028125
1 0.49609375 0.14453125 0.01171875 0.03046875
1 0.51875 0.1515625 0.0140625 0.03359375
1 0.53671875 0.1296875 0.0109375 0.028125
1 0.59453125 0.10234375 0.01015625 0.0234375
1 0.5890625 0.14296875 0.015625 0.03046875
1 0.63203125 0.09609375 0.00859375 0.02109375
1 0.63671875 0.12109375 0.01015625 0.028125
1 0.6328125 0.1375 0.01171875 0.03046875
1 0.65546875 0.1296875 0.01171875 0.028125
1 0.55078125 0.1546875 0.0109375 0.028125