1 0.15 0.3640625 0.0703125 0.125
1 0.2484375 0.44375 0.06796875 0.1203125
1 0.33203125 0.5578125 0.0703125 0.125
1 0.41875 0.45234375 0.05625 0.09453125
1 0.38359375 0.334375 0.05625 0.1078125
1 0.49140625 0.7390625 0.08203125 0.1421875
1 0.54296875 0.54921875 0.0734375 0.125
1 0.53828125 0.38984375 0.053125 0.1078125
1 0.5796875 0.3171875 0.05859375 0.11640625
1 0.6234375 0.53671875 0.0703125 0.1078125
1 0.65625 0.625 0.05859375 0.11171875
1 0.63515625 0.9328125 0.1 0.13359375
1 0.728125 0.80390625 0.09140625 0.15078125
1 0.83203125 0.853125 0.08203125 0.146875
1 0.76640625 0.61015625 0.06796875 0.125
1 0.721875 0.5109375 0.06171875 0.125
1 0.68515625 0.4140625 0.053125 0.103125
1 0.76328125 0.334375 0.05 0.09921875