1 0.07265625 0.43828125 0.046875 0.09765625
1 0.2515625 0.27890625 0.015625 0.0328125
1 0.2921875 0.2703125 0.01875 0.04296875
1 0.303125 0.2546875 0.01796875 0.04140625
1 0.31953125 0.2125 0.0171875 0.0328125
1 0.33125 0.23984375 0.02265625 0.04765625
1 0.3484375 0.26796875 0.0171875 0.034375
1 0.33515625 0.2828125 0.01484375 0.034375
1 0.4296875 0.2609375 0.0265625 0.04921875
1 0.35078125 0.2109375 0.015625 0.0359375
1 0.36953125 0.2109375 0.015625 0.0359375
1 0.3796875 0.2140625 0.015625 0.034375
1 0.4 0.20234375 0.015625 0.034375
1 0.42734375 0.20859375 0.0171875 0.034375
1 0.4109375 0.1671875 0.01796875 0.028125
1 0.4296875 0.1796875 0.015625 0.0359375
1 0.45859375 0.2125 0.0171875 0.0359375
1 0.44140625 0.19609375 0.01796875 0.0328125
1 0.45859375 0.16328125 0.01484375 0.0296875
1 0.46796875 0.1859375 0.01796875 0.034375
1 0.4921875 0.21953125 0.028125 0.04296875
1 0.51796875 0.2046875 0.01953125 0.04296875
1 0.48203125 0.16015625 0.01328125 0.0265625
1 0.45234375 0.1390625 0.0125 0.028125
1 0.46953125 0.1484375 0.0125 0.0265625
1 0.4875 0.13046875 0.0125 0.0234375
1 0.5171875 0.15078125 0.01484375 0.03125
1 0.553125 0.1484375 0.01796875 0.0359375
1 0.53515625 0.13359375 0.0140625 0.0359375
1 0.55859375 0.109375 0.0125 0.02109375
1 0.571875 0.17734375 0.01875 0.03125
1 0.57890625 0.15078125 0.01875 0.03125
1 0.59140625 0.11796875 0.0140625 0.025
1 0.5890625 0.09765625 0.01484375 0.01953125
1 0.621875 0.13125 0.0140625 0.03125
1 0.6265625 0.09609375 0.0109375 0.0265625
1 0.64296875 0.09921875 0.0125 0.0265625
1 0.65703125 0.11484375 0.015625 0.034375
1 0.6734375 0.11171875 0.01953125 0.034375
1 0.6953125 0.09296875 0.015625 0.034375
1 0.4890625 0.29765625 0.02734375 0.0546875
1 0.54609375 0.29765625 0.03125 0.0578125
1 0.6109375 0.321875 0.03671875 0.06953125
1 0.565625 0.2484375 0.021875 0.05078125
1 0.61328125 0.25390625 0.02421875 0.053125
1 0.609375 0.19296875 0.02421875 0.04609375
1 0.65390625 0.19609375 0.0234375 0.04609375
1 0.659375 0.1671875 0.021875 0.034375
1 0.69453125 0.171875 0.01953125 0.03984375
1 0.69140625 0.140625 0.015625 0.0296875
1 0.70703125 0.13515625 0.0171875 0.0296875
1 0.69921875 0.2171875 0.0203125 0.04453125
1 0.67265625 0.23828125 0.0234375 0.04765625
1 0.67421875 0.3203125 0.0375 0.07578125
1 0.71640625 0.2703125 0.034375 0.0625
1 0.73203125 0.15625 0.01953125 0.03828125
1 0.74375 0.13125 0.015625 0.03125
1 0.74375 0.1140625 0.01484375 0.0234375
1 0.77109375 0.12421875 0.0125 0.028125
1 0.746875 0.196875 0.01953125 0.04140625
1 0.76796875 0.2203125 0.021875 0.0578125
1 0.7546875 0.1640625 0.0171875 0.04140625
1 0.79375 0.2953125 0.02890625 0.06953125
1 0.81015625 0.2359375 0.021875 0.059375
1 0.79921875 0.17109375 0.021875 0.04453125
1 0.79375 0.13046875 0.0140625 0.0328125
1 0.78515625 0.1171875 0.0140625 0.0296875
1 0.8046875 0.12109375 0.01328125 0.028125
1 0.8234375 0.13828125 0.015625 0.0328125
1 0.85 0.18125 0.01875 0.04296875
1 0.85078125 0.1484375 0.01875 0.03984375
1 0.87109375 0.221875 0.015625 0.05078125
1 0.90078125 0.2015625 0.0203125 0.03984375
1 0.928125 0.1953125 0.01796875 0.04140625
1 0.93125 0.15546875 0.01796875 0.0328125
1 0.8984375 0.1390625 0.0125 0.028125
1 0.890625 0.15859375 0.0140625 0.0328125
1 0.8828125 0.1390625 0.01484375 0.028125