1 0.03046875 0.5203125 0.0421875 0.04609375
1 0.0625 0.5 0.03359375 0.04140625
1 0.09296875 0.5234375 0.0265625 0.0390625
1 0.12734375 0.49140625 0.0359375 0.0375
1 0.146875 0.51796875 0.03125 0.0359375
1 0.171875 0.52421875 0.02734375 0.0328125
1 0.1859375 0.54921875 0.03359375 0.0421875
1 0.2015625 0.53125 0.0265625 0.03359375
1 0.209375 0.509375 0.02890625 0.0296875
1 0.23984375 0.484375 0.0296875 0.034375
1 0.253125 0.54609375 0.03203125 0.0390625
1 0.24375 0.52578125 0.02265625 0.0296875
1 0.271875 0.5203125 0.028125 0.03203125
1 0.29375 0.5265625 0.028125 0.03203125
1 0.32890625 0.5453125 0.034375 0.0390625
1 0.328125 0.5171875 0.025 0.0359375
1 0.3046875 0.509375 0.025 0.02578125
1 0.35703125 0.5046875 0.0265625 0.03125
1 0.3609375 0.5375 0.0296875 0.03203125
1 0.403125 0.54453125 0.03046875 0.0375
1 0.3875 0.5171875 0.0234375 0.02890625
1 0.4078125 0.50859375 0.01953125 0.03125
1 0.4296875 0.49296875 0.02421875 0.0265625
1 0.428125 0.52890625 0.03515625 0.0359375
1 0.46640625 0.540625 0.0359375 0.0390625
1 0.453125 0.5046875 0.0296875 0.03125
1 0.4796875 0.496875 0.02890625 0.03515625
1 0.49375 0.5328125 0.02578125 0.03203125
1 0.52265625 0.5359375 0.0265625 0.0375
1 0.521875 0.5046875 0.03046875 0.03046875
1 0.49921875 0.5046875 0.0203125 0.02734375
1 0.55390625 0.5265625 0.0359375 0.040625
1 0.5640625 0.50546875 0.02421875 0.0296875
1 0.5875 0.5203125 0.02578125 0.03828125
1 0.5890625 0.4953125 0.02578125 0.0265625
1 0.615625 0.5171875 0.03203125 0.03671875
1 0.6328125 0.54453125 0.0296875 0.0390625
1 0.6515625 0.515625 0.028125 0.03203125
1 0.68828125 0.5109375 0.025 0.02734375
1 0.6890625 0.534375 0.0265625 0.03359375
1 0.71953125 0.5296875 0.021875 0.03671875
1 0.6765625 0.5 0.021875 0.0296875
1 0.76171875 0.534375 0.034375 0.03984375
1 0.78203125 0.5390625 0.0234375 0.03359375
1 0.78203125 0.50859375 0.0265625 0.03125
1 0.80625 0.534375 0.02421875 0.04140625
1 0.828125 0.5328125 0.03828125 0.04140625
1 0.853125 0.528125 0.025 0.0359375
1 0.8703125 0.51953125 0.0328125 0.0375
1 0.9078125 0.5265625 0.02890625 0.03828125
1 0.9390625 0.521875 0.03046875 0.03671875
1 0.9671875 0.54140625 0.03828125 0.0390625
1 0.6265625 0.628125 0.03515625 0.04140625
1 0.70234375 0.6296875 0.0359375 0.04609375
1 0.778125 0.625 0.03984375 0.04375
1 0.8734375 0.63671875 0.04921875 0.0515625