1 0.0609375 0.4984375 0.0390625 0.07890625
1 0.28828125 0.23359375 0.01796875 0.03359375
1 0.28828125 0.2640625 0.01640625 0.03671875
1 0.303125 0.26484375 0.01875 0.03828125
1 0.3546875 0.26171875 0.02421875 0.03828125
1 0.34296875 0.21015625 0.015625 0.03359375
1 0.35546875 0.209375 0.01640625 0.03828125
1 0.36953125 0.221875 0.0171875 0.03671875
1 0.40078125 0.2796875 0.021875 0.0421875
1 0.38984375 0.275 0.0203125 0.05234375
1 0.41328125 0.21328125 0.01796875 0.03671875
1 0.39921875 0.1796875 0.01640625 0.03359375
1 0.38671875 0.18515625 0.01640625 0.03671875
1 0.42421875 0.1890625 0.0171875 0.03515625
1 0.45546875 0.17734375 0.015625 0.03515625
1 0.46875 0.22265625 0.0203125 0.0453125
1 0.4953125 0.221875 0.02421875 0.040625
1 0.471875 0.15703125 0.0171875 0.03515625
1 0.47578125 0.1359375 0.0140625 0.0265625
1 0.503125 0.15703125 0.0171875 0.03203125
1 0.49453125 0.1265625 0.0125 0.021875
1 0.48671875 0.1796875 0.0171875 0.03671875
1 0.5234375 0.18046875 0.0171875 0.03515625
1 0.53984375 0.19375 0.025 0.0421875
1 0.55 0.15703125 0.01640625 0.03203125
1 0.57421875 0.13984375 0.01328125 0.03046875
1 0.57578125 0.1109375 0.01640625 0.03046875
1 0.58125 0.16328125 0.0171875 0.03046875
1 0.60078125 0.1171875 0.0140625 0.03203125
1 0.60703125 0.13359375 0.01640625 0.025
1 0.62734375 0.115625 0.0125 0.03046875
1 0.6328125 0.1359375 0.01640625 0.03046875
1 0.659375 0.11953125 0.015625 0.03671875
1 0.696875 0.11484375 0.01328125 0.02890625
1 0.703125 0.14140625 0.0171875 0.03671875
1 0.72421875 0.13984375 0.0171875 0.03671875
1 0.6859375 0.16953125 0.01796875 0.03046875
1 0.671875 0.20078125 0.01875 0.03828125
1 0.63828125 0.1984375 0.02265625 0.05078125
1 0.590625 0.2203125 0.02578125 0.05390625
1 0.5921875 0.2828125 0.028125 0.05546875
1 0.52265625 0.29140625 0.02578125 0.0484375
1 0.621875 0.25625 0.028125 0.05546875
1 0.65 0.3 0.03671875 0.05859375
1 0.69609375 0.24765625 0.0296875 0.05546875
1 0.7203125 0.21171875 0.021875 0.04375
1 0.721875 0.17421875 0.01640625 0.03515625
1 0.7390625 0.16875 0.0171875 0.03515625
1 0.76328125 0.1859375 0.0203125 0.0421875
1 0.78671875 0.19765625 0.021875 0.0453125
1 0.78046875 0.1578125 0.01640625 0.03046875
1 0.76640625 0.14140625 0.0140625 0.0265625
1 0.7671875 0.11171875 0.0140625 0.02890625
1 0.78125 0.121875 0.0140625 0.03203125
1 0.79140625 0.13671875 0.015625 0.03515625
1 0.81328125 0.1578125 0.021875 0.03359375
1 0.82890625 0.12265625 0.01796875 0.03046875
1 0.83125 0.14453125 0.015625 0.03046875
1 0.8484375 0.14453125 0.01640625 0.03046875
1 0.85859375 0.175 0.01640625 0.03359375
1 0.86484375 0.15546875 0.015625 0.03515625
1 0.85 0.2078125 0.01875 0.0421875
1 0.771875 0.253125 0.02578125 0.0484375
1 0.74140625 0.2828125 0.028125 0.0625
1 0.78828125 0.2984375 0.03046875 0.05234375
1 0.86328125 0.2890625 0.02890625 0.05390625
1 0.88203125 0.22890625 0.025 0.05078125
1 0.91171875 0.2078125 0.02265625 0.0421875
1 0.909375 0.1671875 0.0140625 0.03515625
1 0.9140625 0.14921875 0.015625 0.0265625
1 0.94765625 0.23359375 0.02265625 0.040625
1 0.94140625 0.27734375 0.02421875 0.05390625