1 0.13671875 0.78515625 0.09375 0.146875
1 0.26328125 0.4234375 0.05390625 0.078125
1 0.39375 0.6578125 0.071875 0.13203125
1 0.55234375 0.8765625 0.14375 0.228125
1 0.60390625 0.63359375 0.07578125 0.13828125
1 0.653125 0.59921875 0.05390625 0.08671875
1 0.6 0.509375 0.028125 0.0453125
1 0.65 0.465625 0.0203125 0.0421875
1 0.6828125 0.47890625 0.02578125 0.05078125
1 0.746875 0.48046875 0.02578125 0.0484375
1 0.75234375 0.571875 0.04765625 0.06875
1 0.771875 0.684375 0.07578125 0.13203125
1 0.78125 0.49375 0.0296875 0.0453125
1 0.79921875 0.45078125 0.02578125 0.0421875
1 0.87265625 0.4625 0.0296875 0.0421875
1 0.92265625 0.4640625 0.0296875 0.05078125
1 0.93671875 0.86640625 0.12578125 0.25546875
1 0.90703125 0.59296875 0.0578125 0.09921875
1 0.94765625 0.56328125 0.05234375 0.08125
1 0.92734375 0.540625 0.0421875 0.06640625