1 0.0421875 0.4640625 0.03828125 0.0609375
1 0.084375 0.62109375 0.06953125 0.0921875
1 0.1796875 0.62109375 0.065625 0.096875
1 0.13515625 0.50234375 0.03984375 0.06484375
1 0.1125 0.46953125 0.03828125 0.04921875
1 0.1953125 0.4515625 0.025 0.04921875
1 0.23359375 0.47265625 0.0359375 0.0515625
1 0.26640625 0.5 0.03828125 0.046875
1 0.26640625 0.55625 0.04140625 0.0609375
1 0.30703125 0.5828125 0.034375 0.06953125
1 0.265625 0.65625 0.04921875 0.0765625
1 0.34921875 0.61328125 0.05625 0.09921875
1 0.4125 0.571875 0.04140625 0.06484375
1 0.309375 0.4671875 0.0296875 0.04921875
1 0.36796875 0.453125 0.028125 0.046875
1 0.40234375 0.4609375 0.0265625 0.0453125
1 0.428125 0.50078125 0.0296875 0.05390625
1 0.496875 0.48671875 0.028125 0.05625
1 0.54375 0.4640625 0.0265625 0.0515625
1 0.5609375 0.5046875 0.034375 0.0515625
1 0.565625 0.55625 0.03828125 0.05625
1 0.6 0.575 0.0296875 0.0671875
1 0.628125 0.55078125 0.034375 0.05859375
1 0.59609375 0.50234375 0.0328125 0.0515625
1 0.59921875 0.46484375 0.025 0.0359375
1 0.671875 0.44296875 0.0328125 0.04921875
1 0.68828125 0.5234375 0.0359375 0.05390625
1 0.66484375 0.6125 0.04765625 0.0875
1 0.73046875 0.58515625 0.04453125 0.06953125
1 0.715625 0.4515625 0.03125 0.04921875
1 0.778125 0.4890625 0.03828125 0.0609375
1 0.821875 0.46953125 0.0265625 0.0453125
1 0.8265625 0.53515625 0.04140625 0.05859375
1 0.79765625 0.63359375 0.0625 0.103125
1 0.95234375 0.6234375 0.059375 0.10078125
1 0.88828125 0.540625 0.0296875 0.05625
1 0.93984375 0.52578125 0.03828125 0.04921875
1 0.9078125 0.46484375 0.0234375 0.0359375
1 0.86640625 0.47109375 0.0234375 0.046875