1 0.1125 0.25234375 0.059375 0.11171875
1 0.234375 0.4546875 0.11484375 0.17265625
1 0.25703125 0.26875 0.05703125 0.08203125
1 0.38984375 0.2734375 0.03984375 0.06875
1 0.4671875 0.2640625 0.0515625 0.084375
1 0.54609375 0.26171875 0.03359375 0.05703125
1 0.62109375 0.26875 0.034375 0.06640625
1 0.6421875 0.30078125 0.0515625 0.06875
1 0.703125 0.54765625 0.134375 0.18203125
1 0.821875 0.30625 0.05390625 0.0703125
1 0.83359375 0.26171875 0.04453125 0.07265625
1 0.73984375 0.2640625 0.03359375 0.04921875
1 0.90546875 0.46640625 0.0984375 0.14140625
1 0.93515625 0.30703125 0.0640625 0.08828125