1 0.0203125 0.390625 0.02578125 0.03984375
1 0.26328125 0.26875 0.01640625 0.03828125
1 0.27890625 0.26328125 0.02265625 0.04375
1 0.30390625 0.26484375 0.01875 0.03515625
1 0.32265625 0.2796875 0.025 0.03828125
1 0.3375 0.2140625 0.01640625 0.0265625
1 0.34453125 0.221875 0.0171875 0.040625
1 0.390625 0.25234375 0.02109375 0.0421875
1 0.42109375 0.271875 0.02421875 0.04765625
1 0.40703125 0.22421875 0.01875 0.03984375
1 0.396875 0.1875 0.01484375 0.025
1 0.41171875 0.178125 0.01328125 0.02109375
1 0.4265625 0.1796875 0.015625 0.0296875
1 0.4375 0.1625 0.01640625 0.025
1 0.46640625 0.1421875 0.0125 0.025
1 0.4671875 0.15859375 0.0171875 0.0296875
1 0.4890625 0.13671875 0.01171875 0.025
1 0.496875 0.13046875 0.01328125 0.02421875
1 0.51875 0.14140625 0.0125 0.0296875
1 0.5234375 0.13203125 0.0125 0.02421875
1 0.54921875 0.14765625 0.01484375 0.03515625
1 0.5875 0.11484375 0.01328125 0.0296875
1 0.64609375 0.11640625 0.0140625 0.0265625
1 0.66484375 0.1140625 0.0125 0.025
1 0.62109375 0.14609375 0.01640625 0.0296875
1 0.6484375 0.16640625 0.01953125 0.03984375
1 0.58671875 0.165625 0.01640625 0.0296875
1 0.56484375 0.1625 0.0125 0.025
1 0.546875 0.1921875 0.01640625 0.03671875
1 0.50703125 0.18984375 0.01875 0.0328125
1 0.48125 0.19296875 0.015625 0.025
1 0.4734375 0.23046875 0.01953125 0.040625
1 0.44765625 0.2234375 0.01953125 0.0328125
1 0.76640625 0.12265625 0.0125 0.025
1 0.7484375 0.1453125 0.01484375 0.03125
1 0.734375 0.15703125 0.01328125 0.02421875
1 0.70234375 0.1578125 0.01484375 0.028125
1 0.71015625 0.17265625 0.0171875 0.03828125
1 0.73984375 0.18984375 0.01796875 0.03828125
1 0.76328125 0.165625 0.01875 0.0296875
1 0.803125 0.13828125 0.015625 0.03125
1 0.8109375 0.17265625 0.0171875 0.03828125
1 0.82734375 0.15859375 0.01484375 0.03828125
1 0.83828125 0.1484375 0.01328125 0.03359375
1 0.8671875 0.1421875 0.015625 0.028125
1 0.84296875 0.18515625 0.0171875 0.03359375
1 0.87109375 0.20703125 0.015625 0.03984375
1 0.884375 0.20078125 0.01171875 0.0328125
1 0.82265625 0.2125 0.015625 0.03515625
1 0.83359375 0.2328125 0.01953125 0.0421875
1 0.871875 0.246875 0.01875 0.03984375
1 0.9078125 0.2703125 0.0203125 0.05234375
1 0.86796875 0.30078125 0.02109375 0.0453125
1 0.7875 0.29140625 0.0234375 0.06640625
1 0.78046875 0.21015625 0.01875 0.0421875
1 0.75625 0.228125 0.02109375 0.0421875
1 0.7109375 0.2171875 0.0203125 0.03671875
1 0.653125 0.21875 0.02265625 0.03359375
1 0.6109375 0.20703125 0.02265625 0.03984375
1 0.609375 0.24140625 0.0234375 0.0453125
1 0.65546875 0.25703125 0.0234375 0.046875
1 0.70390625 0.3078125 0.028125 0.06328125
1 0.7171875 0.2859375 0.025 0.05625
1 0.74140625 0.3625 0.0328125 0.06484375
1 0.5640625 0.25 0.01875 0.046875
1 0.54765625 0.3015625 0.0265625 0.05078125
1 0.50234375 0.3 0.0234375 0.046875
1 0.66015625 0.35625 0.04296875 0.08359375