1 0.04453125 0.1703125 0.0578125 0.08671875
1 0.18828125 0.375 0.14140625 0.2109375
1 0.23828125 0.28046875 0.08125 0.134375
1 0.2015625 0.1953125 0.04375 0.07578125
1 0.284375 0.23515625 0.06171875 0.12109375
1 0.26640625 0.17109375 0.040625 0.06484375
1 0.3078125 0.184375 0.034375 0.0625
1 0.3796875 0.16171875 0.03515625 0.084375
1 0.415625 0.3015625 0.0890625 0.15234375
1 0.50234375 0.40234375 0.175 0.2734375
1 0.46875 0.20078125 0.04140625 0.07890625
1 0.56796875 0.16796875 0.0359375 0.0796875
1 0.5828125 0.228125 0.059375 0.0984375
1 0.6546875 0.21875 0.0609375 0.10390625
1 0.72265625 0.28828125 0.10078125 0.17421875
1 0.678125 0.1515625 0.0484375 0.09296875
1 0.78671875 0.18046875 0.0453125 0.090625
1 0.821875 0.21640625 0.046875 0.09609375
1 0.87578125 0.259375 0.06640625 0.1234375
1 0.9578125 0.21484375 0.0578125 0.10859375
1 0.93125 0.1828125 0.03828125 0.08125