1 0.13203125 0.27734375 0.015625 0.0328125
1 0.21484375 0.46015625 0.04296875 0.09375
1 0.25546875 0.42578125 0.040625 0.1
1 0.3453125 0.25234375 0.01953125 0.0359375
1 0.3671875 0.259375 0.01640625 0.0390625
1 0.42421875 0.28515625 0.01953125 0.0359375
1 0.43984375 0.23359375 0.01875 0.034375
1 0.4171875 0.228125 0.0203125 0.0296875
1 0.44609375 0.18984375 0.01484375 0.0328125
1 0.471875 0.1984375 0.01796875 0.0359375
1 0.45625 0.153125 0.0109375 0.02109375
1 0.46796875 0.146875 0.01328125 0.02421875
1 0.47578125 0.1625 0.0109375 0.02265625
1 0.48125 0.1265625 0.01015625 0.02265625
1 0.5125 0.1578125 0.015625 0.03125
1 0.52578125 0.13984375 0.01484375 0.03125
1 0.5546875 0.14921875 0.01328125 0.0265625
1 0.571875 0.15390625 0.0140625 0.0265625
1 0.53515625 0.19609375 0.01796875 0.034375
1 0.55234375 0.0609375 0.01171875 0.02265625
1 0.6109375 0.053125 0.0109375 0.01796875
1 0.50390625 0.28984375 0.02734375 0.05546875
1 0.6484375 0.2515625 0.0234375 0.04765625
1 0.7125 0.2890625 0.028125 0.05078125
1 0.75703125 0.2953125 0.028125 0.05234375
1 0.8703125 0.23125 0.01796875 0.0390625
1 0.7953125 0.1921875 0.0140625 0.0296875
1 0.75390625 0.1796875 0.01640625 0.034375
1 0.74375 0.15234375 0.015625 0.0265625
1 0.7296875 0.16015625 0.01484375 0.0375
1 0.678125 0.16328125 0.015625 0.03125
1 0.70625 0.1453125 0.0140625 0.03125
1 0.809375 0.13125 0.0140625 0.0296875