1 0.10625 0.36875 0.1296875 0.2125
1 0.11796875 0.1453125 0.08046875 0.12578125
1 0.23984375 0.14609375 0.08671875 0.140625
1 0.32890625 0.4578125 0.15859375 0.23125
1 0.325 0.07265625 0.05078125 0.090625
1 0.44375 0.0890625 0.07109375 0.10703125
1 0.48515625 0.22265625 0.08203125 0.15546875
1 0.58671875 0.08515625 0.06484375 0.13203125
1 0.64453125 0.275 0.0921875 0.1640625
1 0.8078125 0.1125 0.0625 0.13203125
1 0.76875 0.06328125 0.04140625 0.08828125
1 0.61640625 0.04375 0.05078125 0.084375
1 0.846875 0.04296875 0.0390625 0.08203125
1 0.925 0.0828125 0.07265625 0.11953125