1 0.2015625 0.38046875 0.04765625 0.0859375
1 0.3078125 0.215625 0.015625 0.0359375
1 0.321875 0.24453125 0.0171875 0.04609375
1 0.33046875 0.18203125 0.0203125 0.0375
1 0.33203125 0.21796875 0.0203125 0.03125
1 0.3796875 0.23828125 0.02578125 0.0515625
1 0.35 0.19921875 0.01640625 0.034375
1 0.39140625 0.19921875 0.01953125 0.0375
1 0.41640625 0.25390625 0.02578125 0.04765625
1 0.43984375 0.21875 0.02421875 0.04296875
1 0.48984375 0.27734375 0.028125 0.06015625
1 0.4890625 0.21875 0.02421875 0.04296875
1 0.41953125 0.14765625 0.01484375 0.02734375
1 0.434375 0.16328125 0.0125 0.034375
1 0.44609375 0.16328125 0.01640625 0.04140625
1 0.47578125 0.17734375 0.0171875 0.0390625
1 0.478125 0.1453125 0.01171875 0.02890625
1 0.4828125 0.1515625 0.01328125 0.02890625
1 0.5046875 0.190625 0.02109375 0.0375
1 0.55859375 0.18359375 0.01875 0.0375
1 0.49453125 0.13671875 0.01328125 0.02890625
1 0.509375 0.14375 0.015625 0.02734375
1 0.51015625 0.1203125 0.01484375 0.02421875
1 0.534375 0.14921875 0.01484375 0.03125
1 0.5453125 0.12265625 0.01640625 0.0328125
1 0.5640625 0.15625 0.01640625 0.03125
1 0.58515625 0.1671875 0.015625 0.0328125
1 0.596875 0.13359375 0.015625 0.03125
1 0.58671875 0.11953125 0.01171875 0.02578125
1 0.6078125 0.10703125 0.0125 0.0328125
1 0.63125 0.12578125 0.01328125 0.02890625
1 0.62265625 0.15703125 0.01875 0.0359375
1 0.6390625 0.10625 0.01171875 0.02734375
1 0.653125 0.125 0.01484375 0.02734375
1 0.66796875 0.09765625 0.0125 0.02734375
1 0.6734375 0.13125 0.01328125 0.02890625
1 0.6890625 0.115625 0.0125 0.02578125
1 0.71796875 0.11171875 0.0125 0.03125
1 0.5671875 0.246875 0.02578125 0.0515625
1 0.5515625 0.30625 0.0296875 0.06328125
1 0.59765625 0.35 0.02734375 0.06484375
1 0.63203125 0.2546875 0.02421875 0.053125
1 0.64765625 0.215625 0.0171875 0.04609375
1 0.67734375 0.178125 0.0203125 0.04140625
1 0.71640625 0.18671875 0.02109375 0.04140625
1 0.70625 0.16640625 0.01484375 0.03125
1 0.73671875 0.1484375 0.01875 0.0328125
1 0.75078125 0.1296875 0.01484375 0.0359375
1 0.76484375 0.15 0.01484375 0.0328125
1 0.7796875 0.159375 0.0171875 0.0375
1 0.78828125 0.1328125 0.01171875 0.02890625
1 0.8125 0.15546875 0.01484375 0.0328125
1 0.7515625 0.20859375 0.01875 0.04296875
1 0.72109375 0.23671875 0.0234375 0.04765625
1 0.68046875 0.27265625 0.028125 0.0546875
1 0.66796875 0.3484375 0.0296875 0.06875
1 0.728125 0.43359375 0.0421875 0.06875
1 0.825 0.40078125 0.02734375 0.06015625
1 0.8609375 0.40625 0.0296875 0.06875
1 0.840625 0.34296875 0.025 0.05859375
1 0.78203125 0.29609375 0.02421875 0.05625
1 0.74453125 0.29296875 0.021875 0.0546875
1 0.7671875 0.23828125 0.02109375 0.04453125
1 0.79609375 0.2546875 0.02421875 0.04609375
1 0.80390625 0.23515625 0.02109375 0.03125
1 0.87109375 0.27578125 0.0203125 0.06171875
1 0.88828125 0.234375 0.01875 0.04609375
1 0.915625 0.35 0.025 0.06484375
1 0.93046875 0.29921875 0.0234375 0.05625
1 0.93203125 0.2390625 0.015625 0.04296875