1 0.08828125 0.46171875 0.04765625 0.096875
1 0.25078125 0.28515625 0.01875 0.03203125
1 0.29140625 0.26015625 0.015625 0.03515625
1 0.30234375 0.26328125 0.01640625 0.0453125
1 0.31171875 0.29921875 0.0203125 0.03984375
1 0.32890625 0.21640625 0.0140625 0.03203125
1 0.35234375 0.21953125 0.0140625 0.03828125
1 0.3765625 0.26328125 0.0203125 0.0421875
1 0.36796875 0.2296875 0.015625 0.03515625
1 0.36796875 0.2140625 0.0140625 0.0265625
1 0.3875 0.19921875 0.01796875 0.03046875
1 0.4125 0.17578125 0.015625 0.03046875
1 0.415625 0.22578125 0.01796875 0.04375
1 0.440625 0.16328125 0.01171875 0.03203125
1 0.45078125 0.14296875 0.01015625 0.025
1 0.4546875 0.16875 0.01328125 0.03671875
1 0.4375 0.19921875 0.0140625 0.03359375
1 0.44375 0.21953125 0.01484375 0.03515625
1 0.4359375 0.2609375 0.01953125 0.046875
1 0.46875 0.1953125 0.015625 0.03671875
1 0.471875 0.171875 0.01484375 0.03359375
1 0.47265625 0.15078125 0.01171875 0.0265625
1 0.4859375 0.1375 0.01015625 0.0234375
1 0.50546875 0.16953125 0.01640625 0.028125
1 0.49921875 0.19140625 0.015625 0.03515625
1 0.515625 0.1375 0.0140625 0.0265625
1 0.5328125 0.140625 0.0140625 0.03046875
1 0.559375 0.11796875 0.0140625 0.028125
1 0.5953125 0.103125 0.01328125 0.028125
1 0.6140625 0.10859375 0.00859375 0.0265625
1 0.62109375 0.11171875 0.01171875 0.03671875
1 0.63828125 0.10390625 0.01328125 0.0265625
1 0.62265625 0.140625 0.01484375 0.03359375
1 0.56953125 0.16484375 0.015625 0.03828125
1 0.58359375 0.13359375 0.01171875 0.03046875
1 0.58828125 0.12109375 0.0109375 0.025
1 0.553125 0.16328125 0.01484375 0.03203125
1 0.58125 0.15625 0.0140625 0.03203125
1 0.52421875 0.21328125 0.01953125 0.03828125
1 0.50390625 0.2265625 0.0203125 0.0484375
1 0.49375 0.2828125 0.02734375 0.053125
1 0.53828125 0.3125 0.02734375 0.06328125
1 0.565625 0.24296875 0.01875 0.0484375
1 0.6078125 0.25234375 0.02265625 0.05
1 0.6296875 0.190625 0.0203125 0.05
1 0.60859375 0.32578125 0.02734375 0.05703125
1 0.6578125 0.25234375 0.0234375 0.05
1 0.6515625 0.228125 0.01796875 0.03203125
1 0.675 0.11640625 0.01328125 0.03203125
1 0.696875 0.103125 0.01171875 0.03203125
1 0.6625 0.16953125 0.01640625 0.03828125
1 0.690625 0.178125 0.015625 0.03515625
1 0.6921875 0.1421875 0.015625 0.03359375
1 0.703125 0.14296875 0.0109375 0.03203125
1 0.7328125 0.13046875 0.0140625 0.0265625
1 0.728125 0.15859375 0.0140625 0.03671875
1 0.7421875 0.18359375 0.01640625 0.03671875
1 0.69453125 0.2234375 0.0234375 0.0484375
1 0.75078125 0.23046875 0.01953125 0.05
1 0.6796875 0.33125 0.028125 0.06328125
1 0.72265625 0.31484375 0.02421875 0.0515625
1 0.78359375 0.29609375 0.0234375 0.06328125
1 0.80390625 0.2359375 0.01953125 0.05
1 0.75234375 0.17734375 0.01640625 0.03671875
1 0.74453125 0.14375 0.01328125 0.0265625
1 0.7484375 0.1125 0.0140625 0.025
1 0.765625 0.134375 0.01328125 0.03203125
1 0.7796875 0.1234375 0.01171875 0.03359375
1 0.79609375 0.1328125 0.01171875 0.03203125
1 0.81484375 0.128125 0.01328125 0.025
1 0.79609375 0.17578125 0.01640625 0.03984375
1 0.81171875 0.1671875 0.01484375 0.03671875
1 0.83046875 0.14140625 0.0140625 0.03203125
1 0.84296875 0.1890625 0.01640625 0.04375
1 0.84921875 0.16328125 0.01484375 0.03515625
1 0.86171875 0.15078125 0.01484375 0.03046875
1 0.8625 0.1265625 0.01328125 0.03203125
1 0.89375 0.1296875 0.01015625 0.03203125
1 0.89375 0.16171875 0.01171875 0.028125
1 0.88671875 0.17578125 0.01328125 0.03671875
1 0.87890625 0.20078125 0.015625 0.03359375
1 0.87265625 0.228125 0.01640625 0.03828125
1 0.92109375 0.28359375 0.01953125 0.0515625
1 0.93046875 0.203125 0.01484375 0.03828125
1 0.915625 0.18359375 0.01484375 0.03671875
1 0.9234375 0.1578125 0.0109375 0.03203125