1 0.059375 0.425 0.03828125 0.090625
1 0.0875 0.43359375 0.0484375 0.09375
1 0.315625 0.2125 0.01953125 0.0265625
1 0.34765625 0.24296875 0.0171875 0.03125
1 0.38359375 0.22265625 0.0203125 0.04453125
1 0.39921875 0.19375 0.015625 0.0328125
1 0.4640625 0.17265625 0.02109375 0.04296875
1 0.496875 0.0921875 0.009375 0.02265625
1 0.52421875 0.25078125 0.0296875 0.05390625
1 0.56640625 0.14921875 0.025 0.04140625
1 0.58671875 0.18203125 0.02421875 0.04765625
1 0.60234375 0.13359375 0.021875 0.03984375
1 0.63125 0.19921875 0.025 0.04609375
1 0.5875 0.30703125 0.03359375 0.0578125
1 0.64453125 0.1296875 0.0171875 0.04609375
1 0.65625 0.14140625 0.0171875 0.04921875
1 0.68203125 0.13671875 0.01953125 0.04296875