1 0.871875 0.121875 0.0109375 0.0265625
1 0.9015625 0.12734375 0.009375 0.025
1 0.93046875 0.140625 0.0078125 0.021875
1 0.92890625 0.1546875 0.0109375 0.0265625
1 0.91953125 0.203125 0.01484375 0.03671875
1 0.92265625 0.26484375 0.01796875 0.05
1 0.86484375 0.14921875 0.0140625 0.03203125
1 0.89140625 0.178125 0.01328125 0.0296875
1 0.88125 0.19609375 0.01484375 0.03515625
1 0.86875 0.21640625 0.01484375 0.04296875
1 0.85234375 0.18671875 0.01328125 0.03671875
1 0.84765625 0.15 0.01484375 0.03671875
1 0.83203125 0.13671875 0.0140625 0.03359375
1 0.75078125 0.11015625 0.01015625 0.0265625
1 0.7328125 0.11640625 0.0125 0.0265625
1 0.73984375 0.1328125 0.0140625 0.03515625
1 0.75703125 0.13671875 0.0109375 0.0296875
1 0.79375 0.1171875 0.01015625 0.028125
1 0.7859375 0.13046875 0.0125 0.03203125
1 0.79921875 0.175 0.015625 0.03671875
1 0.81484375 0.1703125 0.01328125 0.03671875
1 0.7703125 0.21953125 0.01796875 0.0546875
1 0.77890625 0.2890625 0.021875 0.05859375
1 0.73515625 0.18046875 0.015625 0.04140625
1 0.70390625 0.12890625 0.0140625 0.03828125
1 0.6890625 0.0984375 0.0125 0.0296875
1 0.6640625 0.1265625 0.01328125 0.0296875
1 0.68359375 0.1453125 0.0140625 0.03671875
1 0.6828125 0.18203125 0.01875 0.046875
1 0.6984375 0.22109375 0.021875 0.0484375
1 0.70703125 0.2859375 0.02421875 0.0515625
1 0.65859375 0.24921875 0.0203125 0.0453125
1 0.6609375 0.20390625 0.01953125 0.0453125
1 0.64375 0.175 0.015625 0.03984375
1 0.6703125 0.33046875 0.02890625 0.06171875
1 0.60859375 0.19765625 0.01875 0.04140625
1 0.59296875 0.2515625 0.0203125 0.046875
1 0.56875 0.23984375 0.0171875 0.04296875
1 0.56015625 0.2921875 0.0203125 0.0546875
1 0.6078125 0.325 0.028125 0.05703125
1 0.6234375 0.09609375 0.0125 0.028125
1 0.63828125 0.09921875 0.01015625 0.021875
1 0.63984375 0.12265625 0.009375 0.028125
1 0.61015625 0.115625 0.0109375 0.025
1 0.6203125 0.1375 0.0140625 0.03515625
1 0.5921875 0.09765625 0.0109375 0.028125
1 0.56015625 0.1046875 0.01015625 0.0234375
1 0.584375 0.15390625 0.01484375 0.03203125
1 0.5484375 0.15078125 0.01328125 0.03515625
1 0.525 0.13671875 0.0140625 0.0296875
1 0.45078125 0.140625 0.009375 0.021875
1 0.45390625 0.1640625 0.01015625 0.025
1 0.47890625 0.16015625 0.0109375 0.0296875
1 0.475 0.14296875 0.009375 0.0203125
1 0.5125 0.16796875 0.01484375 0.0265625
1 0.5390625 0.19140625 0.01484375 0.03671875
1 0.4859375 0.19609375 0.0140625 0.03203125
1 0.46484375 0.1890625 0.01328125 0.03203125
1 0.409375 0.16015625 0.00859375 0.0203125
1 0.43046875 0.16640625 0.0109375 0.0296875
1 0.3890625 0.1953125 0.0125 0.0265625
1 0.41875 0.21484375 0.015625 0.03359375
1 0.4484375 0.215625 0.015625 0.04140625
1 0.43515625 0.27265625 0.021875 0.0515625
1 0.46953125 0.24453125 0.01875 0.0453125
1 0.484375 0.290625 0.01953125 0.0515625
1 0.3421875 0.21640625 0.015625 0.03359375
1 0.3546875 0.22890625 0.0171875 0.025
1 0.36875 0.24609375 0.01875 0.03203125
1 0.3421875 0.27890625 0.01484375 0.03828125
1 0.328125 0.2640625 0.0171875 0.04140625
1 0.3109375 0.2390625 0.01328125 0.025
1 0.303125 0.25390625 0.0171875 0.03203125
1 0.25703125 0.28203125 0.01328125 0.0234375
1 0.27890625 0.27265625 0.0140625 0.025
1 0.059375 0.51171875 0.04609375 0.10703125
1 0.81328125 0.13359375 0.009375 0.0203125