1 0.03515625 0.65234375 0.059375 0.11796875
1 0.02734375 0.58125 0.04921875 0.084375
1 0.071875 0.44375 0.0328125 0.0546875
1 0.0375 0.37421875 0.02734375 0.0515625
1 0.09375 0.36796875 0.0234375 0.04296875
1 0.14140625 0.3625 0.02265625 0.03828125
1 0.13125 0.41171875 0.0328125 0.0578125
1 0.19765625 0.42109375 0.02265625 0.03984375
1 0.19921875 0.36015625 0.021875 0.03671875
1 0.2421875 0.40234375 0.021875 0.04453125
1 0.25 0.353125 0.01875 0.03984375
1 0.29375 0.4015625 0.0265625 0.04609375
1 0.33984375 0.39609375 0.0234375 0.03671875
1 0.38359375 0.45 0.0234375 0.03515625
1 0.32421875 0.446875 0.0234375 0.03828125
1 0.29609375 0.46875 0.02890625 0.0546875
1 0.25390625 0.48984375 0.03515625 0.06171875
1 0.1890625 0.4984375 0.0359375 0.06796875
1 0.1765625 0.7203125 0.0734375 0.13125
1 0.31171875 0.7625 0.0765625 0.159375
1 0.4203125 0.66953125 0.06171875 0.09765625
1 0.3 0.62578125 0.05625 0.09765625
1 0.24296875 0.58671875 0.04609375 0.07265625
1 0.37890625 0.5125 0.03671875 0.053125
1 0.41171875 0.4890625 0.02890625 0.05625
1 0.43046875 0.44765625 0.021875 0.03984375
1 0.44296875 0.43046875 0.02578125 0.04140625
1 0.46015625 0.471875 0.02421875 0.0546875
1 0.4984375 0.4734375 0.02734375 0.04453125
1 0.52890625 0.46484375 0.02578125 0.04140625
1 0.5546875 0.44453125 0.02265625 0.05
1 0.6875 0.4046875 0.02265625 0.053125
1 0.7671875 0.57109375 0.03984375 0.06796875
1 0.87421875 0.51015625 0.02890625 0.0515625
1 0.9546875 0.67578125 0.065625 0.12109375
1 0.97734375 0.6046875 0.0453125 0.09140625