1 0.03359375 0.65 0.06640625 0.10625
1 0.021875 0.596875 0.03984375 0.06875
1 0.04453125 0.5421875 0.03125 0.053125
1 0.115625 0.6078125 0.05234375 0.078125
1 0.17109375 0.6546875 0.075 0.121875
1 0.125 0.746875 0.1375 0.18125
1 0.27890625 0.7109375 0.1125 0.184375
1 0.20234375 0.5953125 0.05859375 0.096875
1 0.22734375 0.5640625 0.04140625 0.071875
1 0.08984375 0.5625 0.0375 0.075
1 0.190625 0.4703125 0.03125 0.046875
1 0.22421875 0.4765625 0.03125 0.046875
1 0.29453125 0.4671875 0.03515625 0.046875
1 0.32578125 0.484375 0.02734375 0.05
1 0.36171875 0.490625 0.02734375 0.0375
1 0.40703125 0.4796875 0.03125 0.034375
1 0.43203125 0.478125 0.01875 0.03125
1 0.45859375 0.4796875 0.025 0.028125
1 0.496875 0.490625 0.03125 0.0375
1 0.51953125 0.4765625 0.02734375 0.040625
1 0.565625 0.4953125 0.02265625 0.040625
1 0.5875 0.4828125 0.025 0.034375
1 0.61484375 0.4875 0.02109375 0.0375
1 0.63046875 0.478125 0.02265625 0.0375
1 0.653125 0.4875 0.02734375 0.0375
1 0.69375 0.478125 0.025 0.04375
1 0.72265625 0.4890625 0.025 0.040625
1 0.746875 0.4828125 0.01875 0.040625
1 0.78203125 0.4796875 0.01875 0.034375
1 0.79765625 0.4890625 0.02109375 0.040625
1 0.81171875 0.48125 0.01875 0.0375
1 0.84765625 0.4890625 0.025 0.040625
1 0.87890625 0.496875 0.02890625 0.04375
1 0.90703125 0.4859375 0.02734375 0.040625
1 0.29375 0.5640625 0.04609375 0.065625
1 0.34609375 0.565625 0.04140625 0.075
1 0.37578125 0.6015625 0.04765625 0.071875
1 0.42890625 0.640625 0.07890625 0.10625
1 0.49921875 0.5921875 0.04375 0.065625
1 0.51328125 0.565625 0.03984375 0.0625
1 0.55 0.571875 0.0375 0.05625
1 0.6125 0.6546875 0.08359375 0.128125
1 0.6 0.5828125 0.0375 0.065625
1 0.65234375 0.603125 0.04140625 0.06875
1 0.69921875 0.6296875 0.04765625 0.078125
1 0.71328125 0.7015625 0.07265625 0.115625
1 0.678125 0.8015625 0.12734375 0.171875
1 0.77109375 0.80625 0.0875 0.16875
1 0.89609375 0.925 0.15390625 0.15
1 0.88203125 0.7140625 0.08125 0.134375
1 0.83046875 0.6890625 0.04765625 0.090625
1 0.76015625 0.634375 0.0625 0.1
1 0.71484375 0.5921875 0.0375 0.065625
1 0.86640625 0.6375 0.05390625 0.06875
1 0.88046875 0.5875 0.04375 0.075
1 0.90234375 0.5578125 0.03359375 0.053125
1 0.928125 0.6 0.04375 0.06875
1 0.98125 0.5734375 0.0375 0.053125
1 0.98515625 0.6234375 0.02890625 0.071875