1 0.0265625 0.63984375 0.0359375 0.05
1 0.0828125 0.78515625 0.078125 0.0875
1 0.10546875 0.9109375 0.11875 0.146875
1 0.2671875 0.82109375 0.10390625 0.12109375
1 0.225 0.69609375 0.04453125 0.0625
1 0.2 0.6546875 0.02890625 0.04921875
1 0.13125 0.665625 0.04296875 0.0625
1 0.103125 0.625 0.03359375 0.04375
1 0.171875 0.6125 0.02421875 0.0375
1 0.2140625 0.61015625 0.02734375 0.03671875
1 0.2265625 0.63515625 0.03125 0.04609375
1 0.28515625 0.67890625 0.0375 0.06015625
1 0.2859375 0.6265625 0.025 0.040625
1 0.3140625 0.64140625 0.028125 0.04140625
1 0.31484375 0.61015625 0.0234375 0.040625
1 0.346875 0.6078125 0.02265625 0.03828125
1 0.3640625 0.63203125 0.02578125 0.03984375
1 0.3859375 0.61875 0.02421875 0.04140625
1 0.4171875 0.61171875 0.02421875 0.03203125
1 0.425 0.6453125 0.03046875 0.04296875
1 0.41328125 0.70390625 0.0453125 0.06953125
1 0.3546875 0.71171875 0.05 0.06640625
1 0.4625 0.63984375 0.02578125 0.04609375
1 0.47265625 0.62578125 0.0171875 0.03671875
1 0.49453125 0.62578125 0.0234375 0.03515625
1 0.5359375 0.66328125 0.0359375 0.046875
1 0.559375 0.72578125 0.05703125 0.078125
1 0.60859375 0.725 0.04375 0.0625
1 0.57421875 0.65390625 0.03125 0.04921875
1 0.5640625 0.6265625 0.0234375 0.03671875
1 0.5859375 0.63125 0.02421875 0.0375
1 0.646875 0.653125 0.025 0.0375
1 0.67421875 0.63671875 0.0265625 0.04375
1 0.6921875 0.6953125 0.03984375 0.05078125
1 0.72734375 0.65625 0.0390625 0.06015625
1 0.91640625 0.52109375 0.059375 0.08046875