1 0.18359375 0.39140625 0.05078125 0.1
1 0.265625 0.228125 0.01953125 0.0375
1 0.3375 0.24765625 0.01953125 0.0453125
1 0.40859375 0.2390625 0.02109375 0.04296875
1 0.43828125 0.253125 0.0234375 0.04296875
1 0.42890625 0.215625 0.01875 0.0390625
1 0.39140625 0.19609375 0.01875 0.0390625
1 0.37109375 0.19296875 0.0140625 0.03359375
1 0.38125 0.17578125 0.01796875 0.0375
1 0.40859375 0.16171875 0.01328125 0.0296875
1 0.43515625 0.1703125 0.015625 0.03515625
1 0.43984375 0.14140625 0.01171875 0.0234375
1 0.465625 0.13515625 0.01328125 0.0234375
1 0.48203125 0.15078125 0.01171875 0.02734375
1 0.4734375 0.1796875 0.015625 0.0296875
1 0.4671875 0.2078125 0.01796875 0.04296875
1 0.49765625 0.2078125 0.01953125 0.046875
1 0.5234375 0.18359375 0.01796875 0.04140625
1 0.5359375 0.1640625 0.015625 0.03359375
1 0.5578125 0.178125 0.01875 0.03515625
1 0.509375 0.1359375 0.01171875 0.03359375
1 0.49765625 0.128125 0.0109375 0.021875
1 0.52421875 0.12578125 0.01328125 0.0234375
1 0.53671875 0.134375 0.0140625 0.02578125
1 0.546875 0.14140625 0.0109375 0.01953125
1 0.56796875 0.13515625 0.01171875 0.0234375
1 0.5765625 0.115625 0.01171875 0.0234375
1 0.60078125 0.1640625 0.015625 0.03359375
1 0.59921875 0.13125 0.015625 0.02734375
1 0.60078125 0.10859375 0.01171875 0.0296875
1 0.6421875 0.04765625 0.01171875 0.0296875
1 0.61796875 0.13515625 0.01171875 0.03515625
1 0.6234375 0.11796875 0.01015625 0.02734375
1 0.63125 0.11484375 0.0078125 0.021875
1 0.634375 0.14140625 0.01328125 0.02734375
1 0.66015625 0.10078125 0.01015625 0.02578125
1 0.6640625 0.11484375 0.01171875 0.02578125
1 0.67890625 0.1078125 0.01328125 0.02734375
1 0.68984375 0.11640625 0.0109375 0.0296875
1 0.73515625 0.0546875 0.015625 0.03515625
1 0.56640625 0.24375 0.02109375 0.0453125
1 0.62734375 0.25 0.02421875 0.05703125
1 0.63828125 0.19609375 0.01953125 0.04296875
1 0.66171875 0.18984375 0.01640625 0.03515625
1 0.67109375 0.2546875 0.02421875 0.05078125
1 0.7171875 0.234375 0.02109375 0.04921875
1 0.74140625 0.2625 0.0265625 0.05859375
1 0.7625 0.26484375 0.01953125 0.046875
1 0.69921875 0.1578125 0.015625 0.03359375
1 0.71328125 0.18046875 0.01953125 0.0390625
1 0.73125 0.13828125 0.01640625 0.0296875
1 0.7359375 0.18984375 0.015625 0.03125
1 0.74921875 0.2078125 0.021875 0.04296875
1 0.78671875 0.2140625 0.01953125 0.04296875
1 0.7890625 0.2796875 0.03046875 0.0609375
1 0.84375 0.31875 0.02421875 0.06875
1 0.86484375 0.28359375 0.02421875 0.05703125
1 0.909375 0.353125 0.0234375 0.06640625
1 0.93203125 0.27265625 0.02109375 0.05859375
1 0.91875 0.24765625 0.01953125 0.053125
1 0.93046875 0.22421875 0.0140625 0.0375
1 0.94140625 0.20859375 0.01328125 0.03359375
1 0.92890625 0.18828125 0.01640625 0.0390625
1 0.95078125 0.16484375 0.0140625 0.03515625
1 0.90234375 0.178125 0.015625 0.03515625
1 0.9109375 0.15390625 0.015625 0.03359375
1 0.8734375 0.1609375 0.01328125 0.03125
1 0.865625 0.18515625 0.01640625 0.0375
1 0.8859375 0.2265625 0.01875 0.0375
1 0.8390625 0.23203125 0.01875 0.0453125
1 0.8453125 0.1953125 0.01640625 0.0375
1 0.8421875 0.16875 0.0140625 0.03515625
1 0.8359375 0.1609375 0.01171875 0.03125
1 0.84609375 0.1453125 0.015625 0.03515625
1 0.81953125 0.13359375 0.01640625 0.03515625
1 0.78828125 0.1546875 0.01328125 0.03515625
1 0.79140625 0.1265625 0.01328125 0.0296875
1 0.7796875 0.14375 0.01171875 0.02578125
1 0.759375 0.13203125 0.01328125 0.0296875
1 0.7453125 0.13359375 0.015625 0.03125