1 0.26015625 0.459375 0.0484375 0.096875
1 0.20859375 0.45703125 0.0484375 0.0953125
1 0.31015625 0.29765625 0.02421875 0.0359375
1 0.36484375 0.265625 0.02734375 0.05078125
1 0.42421875 0.27890625 0.028125 0.04453125
1 0.475 0.33125 0.02265625 0.05390625
1 0.41796875 0.23125 0.01953125 0.034375
1 0.4453125 0.2296875 0.0171875 0.03125
1 0.44921875 0.1890625 0.01328125 0.0328125
1 0.48203125 0.2 0.01953125 0.034375
1 0.46640625 0.15234375 0.0140625 0.025
1 0.4828125 0.14765625 0.0125 0.02265625
1 0.5265625 0.14765625 0.02265625 0.0328125
1 0.5515625 0.14765625 0.015625 0.0328125
1 0.584375 0.14375 0.01484375 0.03125
1 0.53984375 0.20078125 0.0234375 0.0359375
1 0.65625 0.25390625 0.02890625 0.04765625
1 0.7140625 0.284375 0.03046875 0.04921875
1 0.7671875 0.29296875 0.02578125 0.05234375
1 0.88125 0.21796875 0.01796875 0.04765625
1 0.79765625 0.1828125 0.01875 0.04296875
1 0.75703125 0.11796875 0.01875 0.028125
1 0.80703125 0.12421875 0.01328125 0.03125
1 0.6984375 0.15234375 0.01875 0.04140625
1 0.7109375 0.146875 0.01875 0.03125
1 0.74296875 0.14140625 0.015625 0.0359375
1 0.47265625 0.19140625 0.01484375 0.034375