1 0.0875 0.6125 0.06875 0.09765625
1 0.2234375 0.76015625 0.16328125 0.23515625
1 0.33984375 0.784375 0.0828125 0.1390625
1 0.3046875 0.66484375 0.0640625 0.08984375
1 0.25625 0.634375 0.08046875 0.096875
1 0.3375 0.61640625 0.0625 0.08046875
1 0.5046875 0.66015625 0.0703125 0.09921875
1 0.5484375 0.64296875 0.04375 0.0640625
1 0.69921875 0.64765625 0.0546875 0.08046875
1 0.74375 0.67578125 0.06484375 0.10390625
1 0.90546875 0.684375 0.0796875 0.1171875
1 0.44453125 0.47421875 0.0265625 0.04140625