1 0.2109375 0.35625 0.0484375 0.0921875
1 0.28515625 0.26171875 0.021875 0.0390625
1 0.33203125 0.2828125 0.0234375 0.0421875
1 0.34609375 0.2609375 0.02109375 0.040625
1 0.35 0.2140625 0.01640625 0.0390625
1 0.37890625 0.203125 0.01875 0.0328125
1 0.3859375 0.20546875 0.0140625 0.02421875
1 0.42890625 0.2796875 0.02890625 0.046875
1 0.4390625 0.23515625 0.01796875 0.0328125
1 0.41953125 0.2171875 0.01796875 0.0390625
1 0.42265625 0.1734375 0.01640625 0.02890625
1 0.440625 0.2 0.01796875 0.0359375
1 0.465625 0.19453125 0.01875 0.0328125
1 0.44453125 0.16328125 0.015625 0.03046875
1 0.465625 0.159375 0.015625 0.02890625
1 0.49453125 0.17109375 0.01640625 0.034375
1 0.4921875 0.2109375 0.01875 0.0359375
1 0.4828125 0.13359375 0.01328125 0.02109375
1 0.515625 0.14140625 0.01796875 0.0390625
1 0.5375 0.13359375 0.01640625 0.03046875
1 0.55390625 0.12421875 0.01328125 0.02109375
1 0.5625 0.16171875 0.01484375 0.0375
1 0.5484375 0.16171875 0.015625 0.03046875
1 0.575 0.16171875 0.015625 0.034375
1 0.52421875 0.234375 0.01953125 0.040625
1 0.58671875 0.13984375 0.0109375 0.02890625
1 0.5875 0.109375 0.01328125 0.02421875
1 0.61015625 0.121875 0.01328125 0.01953125
1 0.60390625 0.1421875 0.01328125 0.03046875
1 0.6859375 0.1078125 0.015625 0.0375
1 0.4765625 0.32421875 0.0296875 0.05390625
1 0.5421875 0.31640625 0.03125 0.06171875
1 0.56328125 0.2390625 0.0203125 0.04375
1 0.60625 0.25546875 0.021875 0.046875
1 0.61328125 0.20625 0.02109375 0.0453125
1 0.59453125 0.31796875 0.03046875 0.06171875
1 0.65625 0.2640625 0.02109375 0.046875
1 0.665625 0.20234375 0.0234375 0.046875
1 0.67734375 0.165625 0.01953125 0.0421875
1 0.7078125 0.20390625 0.0203125 0.04375
1 0.70859375 0.28359375 0.03046875 0.05703125
1 0.70625 0.33515625 0.03125 0.06328125
1 0.76796875 0.32109375 0.0265625 0.06171875
1 0.69765625 0.178125 0.01796875 0.034375
1 0.7046875 0.14375 0.01953125 0.040625
1 0.7296875 0.15546875 0.01875 0.0359375
1 0.74296875 0.1875 0.01640625 0.0375
1 0.74765625 0.15234375 0.015625 0.0359375
1 0.73125 0.128125 0.01484375 0.0328125
1 0.74921875 0.10625 0.01484375 0.02734375
1 0.76171875 0.128125 0.015625 0.0328125
1 0.78671875 0.1421875 0.01875 0.0375
1 0.80703125 0.13203125 0.0109375 0.03046875
1 0.79765625 0.18203125 0.015625 0.0421875
1 0.8125 0.17109375 0.01640625 0.03046875
1 0.8421875 0.19453125 0.01953125 0.0421875
1 0.86875 0.23125 0.02109375 0.04375
1 0.88359375 0.1875 0.01953125 0.0375
1 0.91484375 0.18828125 0.01875 0.0453125
1 0.8671875 0.13203125 0.0140625 0.02734375
1 0.96640625 0.11171875 0.01640625 0.0328125