1 0.11015625 0.58671875 0.11953125 0.15703125
1 0.15078125 0.53671875 0.06875 0.11484375
1 0.1953125 0.49609375 0.05625 0.10078125
1 0.2265625 0.471875 0.03671875 0.0734375
1 0.24609375 0.4421875 0.03125 0.0546875
1 0.3140625 0.43203125 0.02890625 0.0421875
1 0.390625 0.33984375 0.03828125 0.05859375
1 0.453125 0.5265625 0.0546875 0.09140625
1 0.475 0.4609375 0.03046875 0.0515625
1 0.453125 0.446875 0.02890625 0.053125
1 0.46171875 0.415625 0.021875 0.03125
1 0.503125 0.43984375 0.0203125 0.034375
1 0.509375 0.49140625 0.03828125 0.0734375
1 0.53125 0.453125 0.03046875 0.04765625
1 0.55546875 0.42265625 0.0203125 0.03984375
1 0.55859375 0.46171875 0.03125 0.05703125
1 0.58828125 0.5109375 0.04765625 0.0859375
1 0.575 0.44140625 0.02578125 0.0421875
1 0.60390625 0.45078125 0.021875 0.0421875
1 0.60390625 0.4296875 0.025 0.03671875
1 0.6359375 0.4265625 0.0203125 0.034375
1 0.65859375 0.45625 0.02890625 0.05703125
1 0.63203125 0.475 0.034375 0.0625
1 0.6515625 0.42265625 0.01796875 0.02890625
1 0.70859375 0.590625 0.0671875 0.10625
1 0.7296875 0.496875 0.05078125 0.09140625
1 0.74609375 0.46640625 0.03671875 0.065625
1 0.71796875 0.425 0.021875 0.0421875
1 0.775 0.4265625 0.021875 0.04609375
1 0.82578125 0.4390625 0.02734375 0.04765625
1 0.83671875 0.43203125 0.025 0.03828125
1 0.86015625 0.42109375 0.021875 0.03828125
1 0.846875 0.4828125 0.03671875 0.065625
1 0.86875 0.5171875 0.04375 0.0625
1 0.87421875 0.596875 0.07109375 0.12265625
1 0.95625 0.49609375 0.046875 0.08203125
1 0.9203125 0.4515625 0.02734375 0.04375
1 0.896875 0.446875 0.025 0.03828125
1 0.953125 0.44140625 0.0234375 0.0421875
1 0.984375 0.4515625 0.02890625 0.0546875