1 0.09921875 0.575 0.040625 0.07421875
1 0.1859375 0.365625 0.0171875 0.0359375
1 0.2265625 0.37421875 0.01953125 0.04375
1 0.2546875 0.33125 0.01953125 0.03203125
1 0.2546875 0.39609375 0.028125 0.0515625
1 0.2890625 0.4109375 0.0296875 0.0421875
1 0.31640625 0.35703125 0.025 0.0375
1 0.328125 0.31171875 0.01796875 0.02890625
1 0.36484375 0.35234375 0.01875 0.03046875
1 0.3890625 0.3609375 0.025 0.0421875
1 0.37265625 0.275 0.01796875 0.02734375
1 0.41328125 0.2671875 0.0171875 0.02421875
1 0.4375 0.2734375 0.015625 0.02734375
1 0.45 0.25703125 0.01640625 0.02421875
1 0.46015625 0.234375 0.0125 0.02109375
1 0.5125 0.2515625 0.01796875 0.02578125
1 0.49609375 0.284375 0.01640625 0.02890625
1 0.51015625 0.290625 0.01796875 0.03203125
1 0.55 0.2890625 0.01875 0.03203125
1 0.54609375 0.25625 0.01796875 0.0375
1 0.56640625 0.2609375 0.0203125 0.02890625
1 0.5640625 0.2265625 0.0140625 0.02421875
1 0.578125 0.22578125 0.021875 0.02578125
1 0.6140625 0.21640625 0.01953125 0.03203125
1 0.6296875 0.225 0.0171875 0.03046875
1 0.64453125 0.23046875 0.01171875 0.03203125
1 0.66953125 0.22109375 0.0171875 0.02890625
1 0.6859375 0.22734375 0.01640625 0.02890625
1 0.64375 0.26328125 0.015625 0.03203125
1 0.6015625 0.26015625 0.01796875 0.02421875
1 0.453125 0.3375 0.02421875 0.034375
1 0.49375 0.3421875 0.021875 0.0375
1 0.434375 0.3703125 0.025 0.0453125
1 0.384375 0.31796875 0.01796875 0.02890625
1 0.4609375 0.43125 0.03125 0.05625
1 0.53515625 0.37890625 0.021875 0.0421875
1 0.53828125 0.42734375 0.02578125 0.0546875
1 0.59921875 0.3546875 0.02578125 0.0421875
1 0.6046875 0.40703125 0.028125 0.040625
1 0.59375 0.4859375 0.0296875 0.06484375
1 0.6375 0.50390625 0.03125 0.05859375
1 0.73203125 0.43125 0.02734375 0.053125
1 0.71484375 0.56328125 0.03671875 0.07265625
1 0.7921875 0.4546875 0.0296875 0.0546875
1 0.8421875 0.534375 0.03125 0.06953125
1 0.8734375 0.49375 0.03203125 0.06015625
1 0.94453125 0.50078125 0.03359375 0.05859375
1 0.884375 0.403125 0.025 0.0546875
1 0.83359375 0.378125 0.01953125 0.040625
1 0.846875 0.3546875 0.02265625 0.0421875
1 0.83671875 0.31640625 0.01796875 0.0375
1 0.82890625 0.2515625 0.015625 0.02890625
1 0.80078125 0.24921875 0.015625 0.02421875
1 0.76015625 0.25625 0.0203125 0.0375
1 0.78359375 0.27734375 0.02578125 0.040625
1 0.72421875 0.31328125 0.025 0.040625
1 0.7171875 0.26875 0.0171875 0.0359375
1 0.68828125 0.33359375 0.02265625 0.0390625
1 0.678125 0.28671875 0.01796875 0.03359375
1 0.64375 0.37890625 0.02578125 0.0546875
1 0.67109375 0.39296875 0.02421875 0.0484375
1 0.70078125 0.38359375 0.02578125 0.0359375
1 0.63828125 0.31796875 0.02734375 0.04375
1 0.86484375 0.26171875 0.0140625 0.02578125
1 0.88046875 0.2890625 0.01640625 0.0375
1 0.903125 0.26484375 0.01796875 0.03203125
1 0.9 0.35234375 0.0203125 0.0421875
1 0.87734375 0.34140625 0.02265625 0.0421875
1 0.921875 0.35 0.0171875 0.046875
1 0.92734375 0.31171875 0.01796875 0.02890625
1 0.971875 0.29921875 0.01171875 0.02421875
1 0.96640625 0.33203125 0.0203125 0.03359375
1 0.94765625 0.36171875 0.01953125 0.03203125
1 0.96328125 0.39140625 0.02265625 0.03359375