1 0.26484375 0.26171875 0.01328125 0.0203125
1 0.2765625 0.253125 0.0140625 0.02734375
1 0.29296875 0.26171875 0.01796875 0.034375
1 0.3375 0.2421875 0.021875 0.0453125
1 0.3921875 0.2625 0.015625 0.03203125
1 0.38515625 0.22109375 0.0140625 0.02265625
1 0.36328125 0.19609375 0.01640625 0.02734375
1 0.39765625 0.2 0.01796875 0.025
1 0.434375 0.225 0.0140625 0.034375
1 0.46484375 0.2203125 0.01640625 0.0390625
1 0.44375 0.1875 0.015625 0.03203125
1 0.428125 0.16640625 0.01171875 0.02265625
1 0.4140625 0.16328125 0.01328125 0.025
1 0.4484375 0.15390625 0.01171875 0.0203125
1 0.4875 0.20625 0.01328125 0.025
1 0.47265625 0.1859375 0.009375 0.025
1 0.4859375 0.16640625 0.01171875 0.02734375
1 0.509375 0.16796875 0.01328125 0.034375
1 0.5234375 0.19609375 0.01640625 0.03671875
1 0.5109375 0.13046875 0.01015625 0.01796875
1 0.52421875 0.13359375 0.01171875 0.015625
1 0.57890625 0.1390625 0.01171875 0.02265625
1 0.5609375 0.13046875 0.01328125 0.02265625
1 0.55390625 0.1109375 0.01015625 0.015625
1 0.590625 0.1046875 0.01015625 0.02265625
1 0.61328125 0.09921875 0.01171875 0.025
1 0.6390625 0.0984375 0.01171875 0.02265625
1 0.6640625 0.10859375 0.009375 0.0203125
1 0.69921875 0.10390625 0.01015625 0.0296875
1 0.6390625 0.1359375 0.01328125 0.0203125
1 0.59921875 0.15390625 0.01640625 0.0296875
1 0.55 0.17109375 0.01328125 0.02265625
1 0.49765625 0.28515625 0.01953125 0.0453125
1 0.53125 0.33359375 0.02578125 0.05
1 0.55390625 0.2578125 0.01640625 0.04140625
1 0.62578125 0.2453125 0.0203125 0.04765625
1 0.62265625 0.203125 0.0140625 0.03203125
1 0.6578125 0.22109375 0.015625 0.03203125
1 0.65703125 0.175 0.0140625 0.034375
1 0.690625 0.1765625 0.015625 0.034375
1 0.675 0.1609375 0.01015625 0.034375
1 0.73203125 0.11328125 0.01171875 0.025
1 0.740625 0.14921875 0.01328125 0.025
1 0.76328125 0.13203125 0.0140625 0.03203125
1 0.775 0.165625 0.0140625 0.025
1 0.7625 0.2125 0.015625 0.03671875
1 0.72890625 0.1875 0.01796875 0.03203125
1 0.72421875 0.2421875 0.01796875 0.0453125
1 0.68359375 0.30625 0.021875 0.0453125
1 0.59765625 0.32890625 0.028125 0.0453125
1 0.74609375 0.3296875 0.02578125 0.05234375
1 0.77265625 0.27421875 0.0203125 0.05
1 0.80546875 0.2359375 0.015625 0.034375
1 0.78359375 0.20234375 0.0140625 0.0296875
1 0.81171875 0.16328125 0.01328125 0.0296875
1 0.825 0.13828125 0.01171875 0.025
1 0.8515625 0.1359375 0.01015625 0.0203125
1 0.8640625 0.13203125 0.009375 0.02265625
1 0.853125 0.16796875 0.01328125 0.0296875
1 0.82265625 0.2109375 0.01640625 0.0390625
1 0.83125 0.3046875 0.021875 0.04765625
1 0.78359375 0.40390625 0.03125 0.06875
1 0.8796875 0.34453125 0.0234375 0.06875
1 0.909375 0.3 0.01640625 0.04375
1 0.8703125 0.2125 0.0140625 0.03203125
1 0.88515625 0.1703125 0.01015625 0.0296875
1 0.89453125 0.140625 0.01015625 0.0203125
1 0.921875 0.15625 0.01171875 0.025
1 0.91015625 0.19765625 0.0140625 0.0390625
1 0.9125 0.25078125 0.01328125 0.02265625
1 0.8578125 0.2578125 0.0203125 0.05