1 0.178125 0.45625 0.05859375 0.10390625
1 0.284375 0.22265625 0.01328125 0.03359375
1 0.3046875 0.22265625 0.0125 0.0296875
1 0.32890625 0.2265625 0.01484375 0.02578125
1 0.325 0.19921875 0.01328125 0.028125
1 0.3484375 0.22109375 0.01796875 0.021875
1 0.353125 0.1890625 0.01640625 0.03671875
1 0.375 0.2328125 0.01640625 0.03515625
1 0.38125 0.16875 0.01328125 0.02578125
1 0.38984375 0.209375 0.01875 0.03671875
1 0.40859375 0.23203125 0.01640625 0.040625
1 0.41953125 0.25078125 0.01796875 0.040625
1 0.41171875 0.16796875 0.01171875 0.03125
1 0.43046875 0.20625 0.01796875 0.03359375
1 0.43828125 0.16875 0.01484375 0.02578125
1 0.446875 0.1890625 0.01328125 0.03671875
1 0.46796875 0.20390625 0.01796875 0.040625
1 0.49140625 0.18125 0.015625 0.03125
1 0.52265625 0.17890625 0.015625 0.028125
1 0.48203125 0.15 0.0125 0.0296875
1 0.5015625 0.1296875 0.01015625 0.02578125
1 0.55859375 0.1875 0.01796875 0.03671875
1 0.59453125 0.22578125 0.01953125 0.05390625
1 0.63671875 0.2484375 0.02265625 0.040625
1 0.690625 0.259375 0.02109375 0.05546875
1 0.69609375 0.3203125 0.03125 0.0609375
1 0.75703125 0.35234375 0.01953125 0.05546875
1 0.79296875 0.2890625 0.01640625 0.0484375
1 0.91328125 0.35703125 0.02578125 0.0609375
1 0.725 0.2328125 0.01796875 0.04296875
1 0.53984375 0.16484375 0.01328125 0.03671875
1 0.54921875 0.1375 0.01171875 0.03359375
1 0.57265625 0.140625 0.0125 0.03359375
1 0.5859375 0.16796875 0.01484375 0.028125
1 0.59921875 0.15703125 0.0125 0.03125
1 0.6390625 0.16484375 0.01796875 0.02578125
1 0.659375 0.18125 0.01484375 0.03515625
1 0.78125 0.128125 0.01328125 0.03359375
1 0.690625 0.1328125 0.01484375 0.028125
1 0.7125 0.11875 0.01171875 0.0296875
1 0.71484375 0.1828125 0.01640625 0.03515625
1 0.73125 0.14921875 0.0125 0.028125
1 0.74140625 0.16875 0.015625 0.03671875
1 0.759375 0.2015625 0.01640625 0.0390625
1 0.8 0.20703125 0.01640625 0.0390625
1 0.79375 0.16953125 0.01484375 0.0390625
1 0.80625 0.1421875 0.0125 0.03125
1 0.8265625 0.1375 0.01171875 0.0296875
1 0.83203125 0.1765625 0.01328125 0.03359375
1 0.8296875 0.25390625 0.01875 0.04453125
1 0.83984375 0.22578125 0.01484375 0.04296875
1 0.89765625 0.23203125 0.01875 0.0484375
1 0.93203125 0.2515625 0.015625 0.04609375
1 0.85546875 0.1546875 0.0125 0.03515625
1 0.86796875 0.18671875 0.01484375 0.0390625
1 0.87734375 0.16328125 0.0125 0.0296875
1 0.90390625 0.18125 0.01484375 0.03515625
1 0.93671875 0.2109375 0.01640625 0.0390625
1 0.94296875 0.19296875 0.015625 0.03359375
1 0.68828125 0.109375 0.01171875 0.0296875
1 0.6375 0.140625 0.01484375 0.02578125
1 0.6453125 0.11953125 0.0125 0.028125
1 0.59453125 0.128125 0.01640625 0.02578125
1 0.8546875 0.21796875 0.01640625 0.03125
1 0.7734375 0.25390625 0.01875 0.040625
1 0.50703125 0.159375 0.01328125 0.0296875
1 0.41953125 0.16171875 0.01171875 0.02578125