1 0.75 0.70625 0.12890625 0.209375
1 0.440625 0.7484375 0.15546875 0.1984375
1 0.48359375 0.628125 0.10625 0.14765625
1 0.215625 0.65 0.12265625 0.13828125
1 0.3328125 0.534375 0.0875 0.11796875
1 0.2140625 0.5375 0.07578125 0.10546875
1 0.178125 0.46953125 0.05 0.0796875
1 0.13984375 0.4234375 0.0453125 0.06875
1 0.13125 0.50859375 0.06484375 0.08359375
1 0.11875 0.5875 0.08046875 0.12109375
1 0.04765625 0.4921875 0.05859375 0.0828125
1 0.03359375 0.4484375 0.03984375 0.0515625
1 0.2265625 0.425 0.04296875 0.059375
1 0.296875 0.4390625 0.0421875 0.065625
1 0.31484375 0.41875 0.03359375 0.0671875
1 0.3546875 0.4390625 0.0421875 0.07734375
1 0.4046875 0.4375 0.0390625 0.0625
1 0.465625 0.4578125 0.04296875 0.08125
1 0.48359375 0.45 0.03359375 0.06953125
1 0.50859375 0.40625 0.034375 0.05625
1 0.4609375 0.35 0.03671875 0.06640625
1 0.565625 0.4734375 0.059375 0.0765625
1 0.59296875 0.4640625 0.0453125 0.07734375
1 0.5921875 0.42578125 0.0328125 0.05390625
1 0.5828125 0.4015625 0.03359375 0.05625
1 0.6140625 0.3921875 0.03671875 0.0578125
1 0.65 0.39296875 0.0296875 0.0484375
1 0.6828125 0.434375 0.03515625 0.0640625
1 0.73046875 0.48984375 0.0578125 0.0921875
1 0.86796875 0.4796875 0.0578125 0.10234375
1 0.95078125 0.5296875 0.0796875 0.1234375
1 0.975 0.43984375 0.04296875 0.090625
1 0.9859375 0.35859375 0.0265625 0.0484375
1 0.940625 0.38515625 0.03828125 0.06875
1 0.90234375 0.3734375 0.0328125 0.0546875
1 0.853125 0.40703125 0.03671875 0.05234375
1 0.83984375 0.3859375 0.0296875 0.0515625
1 0.83671875 0.36171875 0.03046875 0.0359375
1 0.80078125 0.42109375 0.0453125 0.065625
1 0.753125 0.4015625 0.03828125 0.05625
1 0.70546875 0.38671875 0.03515625 0.0578125