1 0.05703125 0.2796875 0.0265625 0.04765625
1 0.2734375 0.21171875 0.015625 0.03203125
1 0.3140625 0.21796875 0.015625 0.03828125
1 0.34765625 0.1640625 0.0140625 0.0359375
1 0.353125 0.2125 0.01484375 0.034375
1 0.3609375 0.1828125 0.0140625 0.0359375
1 0.375 0.22421875 0.0171875 0.034375
1 0.40390625 0.22421875 0.0171875 0.0453125
1 0.42578125 0.240625 0.0203125 0.0453125
1 0.41796875 0.19140625 0.015625 0.03828125
1 0.39765625 0.14921875 0.0109375 0.025
1 0.38203125 0.1953125 0.015625 0.034375
1 0.4125 0.153125 0.0109375 0.0359375
1 0.42578125 0.1625 0.0125 0.025
1 0.434375 0.1890625 0.0171875 0.028125
1 0.4640625 0.19140625 0.01875 0.03828125
1 0.4359375 0.15078125 0.01171875 0.02109375
1 0.48203125 0.1875 0.0140625 0.034375
1 0.478125 0.12421875 0.0109375 0.02109375
1 0.490625 0.15078125 0.0171875 0.028125
1 0.5125 0.14609375 0.0171875 0.03046875
1 0.5 0.11328125 0.01171875 0.02109375
1 0.51875 0.12109375 0.01171875 0.02265625
1 0.55859375 0.115625 0.015625 0.02265625
1 0.53046875 0.16484375 0.01796875 0.03046875
1 0.55234375 0.17734375 0.01796875 0.03984375
1 0.5625 0.14609375 0.0171875 0.03046875
1 0.58359375 0.1578125 0.015625 0.04140625
1 0.578125 0.12421875 0.0125 0.02109375
1 0.596875 0.10546875 0.0140625 0.028125
1 0.6109375 0.11953125 0.0125 0.034375
1 0.62265625 0.10546875 0.0125 0.028125
1 0.64609375 0.10703125 0.01484375 0.028125
1 0.6390625 0.14765625 0.015625 0.03046875
1 0.62734375 0.19140625 0.01875 0.034375
1 0.5953125 0.21796875 0.0203125 0.03828125
1 0.6375 0.22265625 0.0234375 0.04375
1 0.6609375 0.171875 0.01484375 0.03203125
1 0.6765625 0.12265625 0.0140625 0.025
1 0.70703125 0.10234375 0.0125 0.0265625
1 0.70703125 0.15625 0.01484375 0.03203125
1 0.68046875 0.2109375 0.01875 0.03828125
1 0.68828125 0.24765625 0.0203125 0.04375
1 0.72734375 0.2203125 0.0203125 0.0453125
1 0.72265625 0.16953125 0.01484375 0.0359375
1 0.74296875 0.1796875 0.0203125 0.04375
1 0.73515625 0.13359375 0.0140625 0.028125
1 0.771875 0.11875 0.01484375 0.025
1 0.78515625 0.15859375 0.0140625 0.028125
1 0.78984375 0.19296875 0.0203125 0.03203125
1 0.75703125 0.24375 0.0234375 0.04375
1 0.75859375 0.3421875 0.0265625 0.0546875
1 0.69765625 0.30859375 0.0328125 0.06640625
1 0.821875 0.13359375 0.015625 0.028125
1 0.8421875 0.14453125 0.0140625 0.03046875
1 0.85625 0.1421875 0.01171875 0.034375
1 0.87109375 0.16796875 0.015625 0.04375
1 0.828125 0.16484375 0.01484375 0.0265625
1 0.83125 0.23828125 0.01796875 0.03984375
1 0.80078125 0.27734375 0.02421875 0.04921875
1 0.88984375 0.22578125 0.0171875 0.03828125
1 0.90859375 0.140625 0.01484375 0.03046875
1 0.91015625 0.1796875 0.0140625 0.03984375
1 0.94453125 0.17734375 0.01484375 0.0359375
1 0.92265625 0.1671875 0.0109375 0.034375
1 0.928125 0.23515625 0.01484375 0.04140625
1 0.91484375 0.321875 0.02578125 0.05859375
1 0.8515625 0.203125 0.015625 0.034375
1 0.54765625 0.15078125 0.0140625 0.028125
1 0.484375 0.140625 0.0140625 0.0265625
1 0.93515625 0.2078125 0.01484375 0.0359375
1 0.81171875 0.18203125 0.0171875 0.034375
1 0.85546875 0.184375 0.01484375 0.03046875
1 0.79609375 0.13203125 0.0109375 0.025
1 0.89921875 0.20859375 0.0140625 0.0453125
1 0.7328125 0.15859375 0.015625 0.0359375