1 0.1640625 0.46953125 0.04453125 0.0921875
1 0.2375 0.34375 0.01796875 0.03671875
1 0.26640625 0.3515625 0.02109375 0.046875
1 0.2953125 0.36875 0.02421875 0.046875
1 0.290625 0.30859375 0.01953125 0.03984375
1 0.3390625 0.37734375 0.0234375 0.05
1 0.35859375 0.29609375 0.015625 0.0328125
1 0.37578125 0.32578125 0.0140625 0.03828125
1 0.3875 0.33984375 0.01796875 0.034375
1 0.4125 0.33984375 0.0203125 0.03828125
1 0.43203125 0.3515625 0.01875 0.046875
1 0.4140625 0.3 0.01640625 0.03671875
1 0.40390625 0.2828125 0.0140625 0.03125
1 0.4 0.2578125 0.01484375 0.0328125
1 0.4328125 0.28359375 0.01328125 0.0328125
1 0.446875 0.31484375 0.02109375 0.03828125
1 0.47265625 0.30625 0.01640625 0.0328125
1 0.428125 0.26171875 0.0140625 0.02265625
1 0.4734375 0.26953125 0.01640625 0.0328125
1 0.46015625 0.25234375 0.015625 0.02734375
1 0.4703125 0.24296875 0.01484375 0.02578125
1 0.503125 0.2609375 0.01484375 0.0296875
1 0.51640625 0.27734375 0.0171875 0.028125
1 0.5203125 0.25234375 0.01484375 0.02734375
1 0.5390625 0.25234375 0.0171875 0.0328125
1 0.55 0.27734375 0.01640625 0.034375
1 0.5671875 0.2578125 0.01875 0.03515625
1 0.55390625 0.228125 0.01484375 0.02734375
1 0.57265625 0.22734375 0.0140625 0.02578125
1 0.60234375 0.22578125 0.01328125 0.02578125
1 0.603125 0.25390625 0.0171875 0.028125
1 0.61328125 0.20703125 0.0125 0.028125
1 0.6265625 0.21640625 0.0125 0.02734375
1 0.646875 0.2515625 0.01484375 0.028125
1 0.65859375 0.2203125 0.01171875 0.02578125
1 0.67421875 0.23359375 0.0140625 0.02734375
1 0.68828125 0.2328125 0.01328125 0.03125
1 0.52421875 0.31328125 0.0203125 0.04140625
1 0.5015625 0.37109375 0.0296875 0.0609375
1 0.54765625 0.40546875 0.02578125 0.05234375
1 0.54140625 0.37578125 0.0296875 0.04140625
1 0.6 0.3265625 0.025 0.0484375
1 0.58125 0.42109375 0.02421875 0.046875
1 0.615625 0.43359375 0.03125 0.07109375
1 0.6640625 0.45703125 0.03203125 0.07265625
1 0.66640625 0.36796875 0.02734375 0.05390625
1 0.646875 0.3421875 0.01953125 0.05078125
1 0.63671875 0.3109375 0.02109375 0.04296875
1 0.68359375 0.26875 0.01328125 0.03125
1 0.7046875 0.26171875 0.015625 0.034375
1 0.71640625 0.2875 0.01640625 0.03828125
1 0.7390625 0.253125 0.0125 0.03125
1 0.7484375 0.26953125 0.01875 0.0328125
1 0.74453125 0.22421875 0.0140625 0.03125
1 0.778125 0.23828125 0.01484375 0.03671875
1 0.765625 0.28515625 0.0125 0.03125
1 0.81015625 0.25078125 0.01484375 0.0328125
1 0.81171875 0.3078125 0.01796875 0.03828125
1 0.82265625 0.33984375 0.0171875 0.03984375
1 0.80859375 0.37109375 0.02421875 0.0484375
1 0.78359375 0.41484375 0.02890625 0.059375
1 0.7421875 0.4046875 0.0265625 0.0484375
1 0.6890625 0.34765625 0.02265625 0.0484375
1 0.71171875 0.5015625 0.03671875 0.0796875
1 0.834375 0.51171875 0.03515625 0.078125
1 0.8484375 0.46875 0.03125 0.05703125
1 0.86328125 0.41484375 0.025 0.059375
1 0.8734375 0.3515625 0.02109375 0.03828125
1 0.84296875 0.30859375 0.0171875 0.034375
1 0.8546875 0.28671875 0.0140625 0.034375
1 0.859375 0.265625 0.015625 0.028125
1 0.840625 0.25859375 0.015625 0.034375
1 0.87265625 0.259375 0.01328125 0.0328125
1 0.89765625 0.29296875 0.0140625 0.03984375
1 0.88359375 0.321875 0.01953125 0.04140625
1 0.90625 0.471875 0.02890625 0.06796875
1 0.9171875 0.4 0.02421875 0.05234375
1 0.92734375 0.35859375 0.0203125 0.046875
1 0.92265625 0.32890625 0.0171875 0.03515625
1 0.9328125 0.31640625 0.01484375 0.03671875
1 0.93359375 0.28515625 0.0140625 0.0296875