1 0.29765625 0.21328125 0.0203125 0.0359375
1 0.3421875 0.21015625 0.01875 0.0359375
1 0.35703125 0.24375 0.015625 0.04296875
1 0.371875 0.19765625 0.0140625 0.0359375
1 0.41640625 0.2375 0.03203125 0.05546875
1 0.3875 0.17421875 0.01796875 0.0359375
1 0.4296875 0.1546875 0.01875 0.03203125
1 0.4484375 0.21875 0.0296875 0.05
1 0.4453125 0.1796875 0.01328125 0.0359375
1 0.45859375 0.1515625 0.0171875 0.025
1 0.478125 0.15546875 0.015625 0.03046875
1 0.4875 0.22890625 0.02890625 0.05546875
1 0.49296875 0.1796875 0.0140625 0.0359375
1 0.50625 0.18671875 0.02109375 0.0359375
1 0.51796875 0.13671875 0.01796875 0.028125
1 0.53828125 0.20625 0.02421875 0.04296875
1 0.53515625 0.14140625 0.015625 0.03046875
1 0.55703125 0.25234375 0.02890625 0.05
1 0.571875 0.2890625 0.02578125 0.0515625
1 0.55 0.14609375 0.01171875 0.0359375
1 0.55625 0.1453125 0.0203125 0.03359375
1 0.58515625 0.13046875 0.0171875 0.0375
1 0.5875 0.17578125 0.0171875 0.0359375
1 0.61875 0.16796875 0.015625 0.03359375
1 0.61640625 0.1390625 0.0140625 0.028125
1 0.63125 0.12265625 0.01484375 0.028125
1 0.6375 0.103125 0.0140625 0.028125
1 0.65703125 0.10859375 0.015625 0.03203125
1 0.634375 0.2046875 0.02109375 0.0390625
1 0.6265625 0.2515625 0.02578125 0.05859375
1 0.67734375 0.10859375 0.01171875 0.028125
1 0.690625 0.1234375 0.01171875 0.0265625
1 0.7109375 0.12265625 0.0140625 0.028125
1 0.6609375 0.25859375 0.025 0.04765625
1 0.66875 0.22265625 0.021875 0.04296875
1 0.6984375 0.171875 0.0203125 0.040625
1 0.70078125 0.1921875 0.0203125 0.04296875
1 0.709375 0.234375 0.0203125 0.04453125
1 0.76171875 0.1265625 0.01875 0.028125
1 0.7375 0.16640625 0.01796875 0.03359375
1 0.72578125 0.2890625 0.02578125 0.05859375
1 0.74921875 0.19453125 0.02265625 0.0375
1 0.76015625 0.1625 0.015625 0.03359375
1 0.7703125 0.26015625 0.02578125 0.05703125
1 0.78203125 0.1515625 0.01875 0.04296875
1 0.7921875 0.29765625 0.03203125 0.0625
1 0.8359375 0.31328125 0.02578125 0.06796875
1 0.80625 0.2203125 0.01796875 0.04296875
1 0.79609375 0.1546875 0.01328125 0.03203125
1 0.80859375 0.153125 0.01328125 0.04609375
1 0.8375 0.23203125 0.02265625 0.0515625
1 0.825 0.17890625 0.01484375 0.0375
1 0.82265625 0.14296875 0.0140625 0.03359375
1 0.840625 0.14921875 0.01484375 0.04296875
1 0.84296875 0.190625 0.01328125 0.028125
1 0.86875 0.20078125 0.01875 0.0390625
1 0.884375 0.15859375 0.02265625 0.04296875
1 0.9125 0.1609375 0.01875 0.03046875
1 0.89453125 0.209375 0.015625 0.0265625
1 0.8828125 0.2625 0.025 0.05546875
1 0.8984375 0.3453125 0.03359375 0.06015625
1 0.91796875 0.29921875 0.025 0.053125
1 0.92578125 0.215625 0.01484375 0.0359375
1 0.9375 0.18125 0.0171875 0.0359375
1 0.71640625 0.153125 0.02421875 0.0390625
1 0.65703125 0.15 0.0265625 0.04453125
1 0.5 0.1390625 0.021875 0.0359375
1 0.44375 0.25625 0.0359375 0.04609375
1 0.3984375 0.23671875 0.0140625 0.04296875
1 0.9453125 0.221875 0.01484375 0.0375
1 0.39609375 0.19296875 0.01484375 0.03359375