1 0.240625 0.43203125 0.0484375 0.10625
1 0.275 0.2671875 0.01953125 0.0328125
1 0.29765625 0.27578125 0.0140625 0.0359375
1 0.29921875 0.2453125 0.01640625 0.01796875
1 0.33984375 0.290625 0.0234375 0.040625
1 0.378125 0.2953125 0.01796875 0.0359375
1 0.38046875 0.2546875 0.02265625 0.02109375
1 0.3515625 0.24765625 0.01953125 0.0265625
1 0.44609375 0.22734375 0.01484375 0.03125
1 0.38671875 0.18671875 0.01328125 0.02265625
1 0.40546875 0.1953125 0.015625 0.02265625
1 0.42109375 0.1828125 0.01484375 0.028125
1 0.45390625 0.18984375 0.01015625 0.0296875
1 0.471875 0.1890625 0.01796875 0.034375
1 0.4671875 0.23984375 0.01875 0.040625
1 0.5046875 0.3015625 0.02421875 0.05546875
1 0.5375 0.3265625 0.02265625 0.05546875
1 0.6015625 0.3484375 0.0234375 0.05390625
1 0.69375 0.32578125 0.025 0.05703125
1 0.75546875 0.3375 0.02890625 0.065625
1 0.81484375 0.40625 0.03125 0.071875
1 0.88359375 0.378125 0.03359375 0.0671875
1 0.9078125 0.31796875 0.028125 0.05546875
1 0.834375 0.31484375 0.025 0.05234375
1 0.7828125 0.27421875 0.01875 0.04453125
1 0.7328125 0.25390625 0.025 0.05234375
1 0.6140625 0.2640625 0.01796875 0.04609375
1 0.59140625 0.2453125 0.01875 0.04453125
1 0.5203125 0.2109375 0.015625 0.0375
1 0.496875 0.2046875 0.02109375 0.0359375
1 0.48046875 0.1578125 0.01875 0.034375
1 0.625 0.2109375 0.01796875 0.0375
1 0.66015625 0.215625 0.01796875 0.034375
1 0.7109375 0.240625 0.01640625 0.0390625
1 0.66796875 0.17578125 0.01484375 0.0328125
1 0.703125 0.18671875 0.0140625 0.0390625
1 0.73046875 0.20703125 0.0203125 0.0375
1 0.771875 0.221875 0.015625 0.04453125
1 0.8078125 0.24453125 0.01796875 0.04296875
1 0.86640625 0.2640625 0.02265625 0.05234375
1 0.921875 0.2671875 0.0203125 0.04921875
1 0.5140625 0.12734375 0.01171875 0.02109375
1 0.52578125 0.16640625 0.015625 0.028125
1 0.55 0.1859375 0.01328125 0.0375
1 0.5375 0.13125 0.015625 0.0296875
1 0.56328125 0.1265625 0.01328125 0.0296875
1 0.5796875 0.16796875 0.015625 0.034375
1 0.59140625 0.1375 0.01484375 0.0265625
1 0.6140625 0.1515625 0.01640625 0.03125
1 0.59765625 0.109375 0.01484375 0.03125
1 0.621875 0.1046875 0.01015625 0.02265625
1 0.6453125 0.13671875 0.0140625 0.034375
1 0.67109375 0.109375 0.01015625 0.02421875
1 0.70390625 0.10703125 0.01328125 0.028125
1 0.7328125 0.13828125 0.015625 0.0375
1 0.7609375 0.15234375 0.01328125 0.0296875
1 0.76953125 0.13203125 0.0109375 0.03125
1 0.7828125 0.17890625 0.01640625 0.0390625
1 0.8140625 0.1546875 0.01484375 0.028125
1 0.8375 0.121875 0.01484375 0.02421875
1 0.8296875 0.14765625 0.01640625 0.02265625
1 0.825 0.2015625 0.01796875 0.04296875
1 0.85703125 0.16640625 0.01171875 0.034375
1 0.87109375 0.134375 0.01328125 0.0296875
1 0.8734375 0.215625 0.01640625 0.040625
1 0.92578125 0.22109375 0.01328125 0.0390625
1 0.89375 0.178125 0.01484375 0.0375
1 0.93046875 0.16328125 0.01484375 0.028125
1 0.90078125 0.153125 0.015625 0.03125
1 0.7203125 0.1734375 0.01328125 0.0328125
1 0.69296875 0.17109375 0.01328125 0.034375