1 0.11484375 0.465625 0.05 0.11328125
1 0.2625 0.28203125 0.01875 0.03125
1 0.28203125 0.26171875 0.01875 0.03515625
1 0.30078125 0.26953125 0.02265625 0.04296875
1 0.31796875 0.21484375 0.01328125 0.0265625
1 0.34765625 0.2171875 0.015625 0.03515625
1 0.34609375 0.27109375 0.01796875 0.03671875
1 0.3796875 0.196875 0.01796875 0.03125
1 0.3765625 0.23359375 0.021875 0.0453125
1 0.4203125 0.2546875 0.025 0.04296875
1 0.41171875 0.22109375 0.01484375 0.03671875
1 0.41640625 0.16796875 0.01328125 0.0296875
1 0.43359375 0.1671875 0.01484375 0.025
1 0.44765625 0.16875 0.01328125 0.021875
1 0.4546875 0.18828125 0.02265625 0.0234375
1 0.47578125 0.1890625 0.0171875 0.03125
1 0.484375 0.159375 0.01875 0.0234375
1 0.478125 0.13828125 0.01328125 0.0234375
1 0.46015625 0.1390625 0.0125 0.025
1 0.48984375 0.1265625 0.0125 0.0296875
1 0.53359375 0.12890625 0.01796875 0.03125
1 0.553125 0.14453125 0.0140625 0.03359375
1 0.56171875 0.1046875 0.0125 0.0234375
1 0.5984375 0.09296875 0.01328125 0.0234375
1 0.59609375 0.1125 0.0125 0.021875
1 0.61640625 0.103125 0.0109375 0.0265625
1 0.62578125 0.09375 0.01015625 0.021875
1 0.64140625 0.0953125 0.01328125 0.025
1 0.646875 0.1109375 0.0140625 0.025
1 0.628125 0.13515625 0.0140625 0.0296875
1 0.5953125 0.14375 0.01484375 0.03125
1 0.58203125 0.1609375 0.0171875 0.03125
1 0.55 0.19296875 0.01953125 0.03984375
1 0.49375 0.21640625 0.02265625 0.03671875
1 0.48984375 0.28671875 0.01875 0.0484375
1 0.55546875 0.28359375 0.02734375 0.0546875
1 0.565625 0.24375 0.01953125 0.03515625
1 0.61484375 0.24765625 0.021875 0.04296875
1 0.621875 0.20390625 0.01796875 0.0453125
1 0.65703125 0.16640625 0.01953125 0.03671875
1 0.66875 0.115625 0.015625 0.03125
1 0.69921875 0.09140625 0.01484375 0.0296875
1 0.70625 0.13046875 0.01328125 0.03125
1 0.68984375 0.14140625 0.0140625 0.03671875
1 0.70078125 0.2109375 0.0234375 0.05
1 0.66328125 0.2015625 0.0203125 0.046875
1 0.675 0.25546875 0.01875 0.04140625
1 0.678125 0.32890625 0.0265625 0.0546875
1 0.609375 0.334375 0.02265625 0.05
1 0.7234375 0.28984375 0.028125 0.05625
1 0.7625 0.2421875 0.02265625 0.04140625
1 0.78515625 0.290625 0.025 0.0484375
1 0.753125 0.17890625 0.015625 0.03125
1 0.73203125 0.146875 0.01875 0.03515625
1 0.73671875 0.1140625 0.01328125 0.03125
1 0.74765625 0.128125 0.0140625 0.03359375
1 0.75625 0.10234375 0.0125 0.025
1 0.7703125 0.1296875 0.0140625 0.03359375
1 0.7796875 0.1203125 0.01484375 0.028125
1 0.7953125 0.12734375 0.01484375 0.03515625
1 0.81328125 0.1265625 0.01328125 0.0265625
1 0.83515625 0.1375 0.0171875 0.03515625
1 0.81640625 0.165625 0.0171875 0.03515625
1 0.803125 0.17890625 0.0171875 0.03125
1 0.8734375 0.2265625 0.0171875 0.053125
1 0.8921875 0.19140625 0.0171875 0.04296875
1 0.896875 0.16328125 0.0140625 0.03671875
1 0.90546875 0.12890625 0.0109375 0.03125
1 0.87421875 0.12109375 0.0140625 0.0296875
1 0.86328125 0.153125 0.0171875 0.03359375
1 0.93046875 0.15078125 0.01484375 0.028125
1 0.928125 0.18828125 0.01484375 0.03984375
1 0.934375 0.26640625 0.01875 0.053125