1 0.12421875 0.54765625 0.04140625 0.078125
1 0.2109375 0.35 0.0203125 0.03828125
1 0.23828125 0.37734375 0.0234375 0.0453125
1 0.2671875 0.38359375 0.021875 0.046875
1 0.2671875 0.3171875 0.01953125 0.0359375
1 0.32265625 0.35859375 0.02734375 0.046875
1 0.3375 0.3375 0.01875 0.03671875
1 0.30078125 0.33828125 0.021875 0.04140625
1 0.33203125 0.30234375 0.015625 0.03125
1 0.36484375 0.34296875 0.021875 0.04140625
1 0.39140625 0.3375 0.02421875 0.0453125
1 0.38671875 0.30234375 0.01796875 0.034375
1 0.38515625 0.284375 0.015625 0.02421875
1 0.37578125 0.26171875 0.0171875 0.034375
1 0.4109375 0.259375 0.01796875 0.03671875
1 0.43125 0.2640625 0.01640625 0.0359375
1 0.415625 0.3125 0.01953125 0.03828125
1 0.43359375 0.353125 0.02578125 0.04296875
1 0.446875 0.321875 0.021875 0.03984375
1 0.47890625 0.32421875 0.02421875 0.05546875
1 0.44375 0.2734375 0.01640625 0.03125
1 0.4453125 0.24609375 0.0125 0.028125
1 0.45234375 0.2375 0.0171875 0.02421875
1 0.49921875 0.27421875 0.01875 0.04140625
1 0.4984375 0.24296875 0.01640625 0.0296875
1 0.51796875 0.25234375 0.01875 0.034375
1 0.5328125 0.28125 0.01875 0.04140625
1 0.553125 0.2578125 0.01875 0.03984375
1 0.5453125 0.22109375 0.0171875 0.028125
1 0.55234375 0.2078125 0.015625 0.02578125
1 0.58203125 0.25703125 0.01796875 0.0359375
1 0.58125 0.2296875 0.01484375 0.02734375
1 0.590625 0.21015625 0.0171875 0.0296875
1 0.61015625 0.21796875 0.015625 0.03671875
1 0.61953125 0.23046875 0.015625 0.028125
1 0.61875 0.259375 0.015625 0.03984375
1 0.6453125 0.2140625 0.0140625 0.02734375
1 0.65625 0.23828125 0.015625 0.034375
1 0.66171875 0.2203125 0.01640625 0.0296875
1 0.453125 0.41640625 0.0359375 0.0671875
1 0.52109375 0.4234375 0.03359375 0.06953125
1 0.51484375 0.36953125 0.03203125 0.05546875
1 0.58125 0.33828125 0.0234375 0.046875
1 0.5953125 0.3859375 0.0234375 0.0453125
1 0.5703125 0.459375 0.034375 0.07578125
1 0.61484375 0.4875 0.040625 0.07109375
1 0.63984375 0.3828125 0.02890625 0.06015625
1 0.628125 0.35 0.02265625 0.04453125
1 0.615625 0.3140625 0.021875 0.04140625
1 0.65 0.28125 0.02109375 0.04140625
1 0.65625 0.3171875 0.02421875 0.04453125
1 0.6703125 0.37109375 0.0234375 0.046875
1 0.69765625 0.4125 0.03046875 0.05859375
1 0.68203125 0.54765625 0.03828125 0.078125
1 0.753125 0.43046875 0.03515625 0.06015625
1 0.80234375 0.52578125 0.0421875 0.0828125
1 0.82890625 0.471875 0.03671875 0.06875
1 0.88671875 0.47421875 0.03671875 0.0765625
1 0.8359375 0.4046875 0.02890625 0.0625
1 0.7921875 0.36484375 0.02265625 0.0453125
1 0.80625 0.34375 0.021875 0.046875
1 0.7796875 0.3171875 0.01875 0.03828125
1 0.7546875 0.2875 0.0203125 0.04296875
1 0.7234375 0.2703125 0.01796875 0.034375
1 0.6921875 0.30234375 0.0203125 0.04140625
1 0.68359375 0.26015625 0.01796875 0.04140625
1 0.71328125 0.246875 0.0140625 0.0359375
1 0.72578125 0.24765625 0.01484375 0.02578125
1 0.759375 0.24453125 0.01953125 0.0359375
1 0.78828125 0.24453125 0.0171875 0.0359375
1 0.803125 0.27265625 0.01953125 0.0296875
1 0.821875 0.26015625 0.015625 0.0359375
1 0.83359375 0.27734375 0.01796875 0.04140625
1 0.85078125 0.26484375 0.0140625 0.03671875
1 0.82890625 0.32890625 0.021875 0.0484375
1 0.85 0.3390625 0.02109375 0.0453125
1 0.875 0.32421875 0.021875 0.046875
1 0.8765625 0.296875 0.01640625 0.0296875
1 0.89375 0.3265625 0.0203125 0.04140625
1 0.915625 0.3703125 0.02578125 0.05390625
1 0.90390625 0.30703125 0.0203125 0.03828125
1 0.91328125 0.28515625 0.01796875 0.03125