1 0.078125 0.6875 0.05 0.0640625
1 0.175 0.6875 0.03671875 0.05546875
1 0.2484375 0.7109375 0.0296875 0.0625
1 0.296875 0.71328125 0.03359375 0.0625
1 0.32890625 0.60703125 0.03828125 0.0578125
1 0.12734375 0.534375 0.03828125 0.06015625
1 0.196875 0.528125 0.03671875 0.05078125
1 0.23671875 0.47890625 0.0296875 0.05078125
1 0.25703125 0.515625 0.03359375 0.053125
1 0.29921875 0.534375 0.03515625 0.06015625
1 0.3671875 0.51796875 0.04140625 0.04453125
1 0.3734375 0.56875 0.03359375 0.04921875
1 0.425 0.5609375 0.03671875 0.05546875
1 0.43046875 0.51796875 0.03203125 0.03984375
1 0.51328125 0.43203125 0.03671875 0.06015625
1 0.50859375 0.53125 0.03359375 0.0578125
1 0.5671875 0.534375 0.03203125 0.05078125
1 0.60234375 0.52421875 0.03203125 0.053125
1 0.66171875 0.54140625 0.03671875 0.06015625
1 0.66484375 0.48671875 0.03984375 0.04921875
1 0.73203125 0.521875 0.03984375 0.0625
1 0.7546875 0.4890625 0.03671875 0.0625
1 0.38984375 0.74296875 0.03984375 0.06875
1 0.4296875 0.7046875 0.03984375 0.0625
1 0.48046875 0.66640625 0.03515625 0.0578125
1 0.5203125 0.6296875 0.0296875 0.06015625
1 0.5609375 0.64921875 0.03828125 0.07109375
1 0.6390625 0.678125 0.03828125 0.0578125
1 0.7203125 0.70078125 0.03984375 0.06015625
1 0.79453125 0.71015625 0.03515625 0.0640625
1 0.8296875 0.63984375 0.03359375 0.0625
1 0.9078125 0.67578125 0.0515625 0.0796875
1 0.95078125 0.66015625 0.0453125 0.06640625