1 0.4609375 0.253125 0.01328125 0.0203125
1 0.53671875 0.24296875 0.009375 0.0203125
1 0.234375 0.50625 0.06328125 0.103125
1 0.26171875 0.42890625 0.053125 0.0828125
1 0.29140625 0.3796875 0.02421875 0.04140625
1 0.30234375 0.31640625 0.01796875 0.0390625
1 0.34140625 0.3 0.01796875 0.03125
1 0.31875 0.28671875 0.0109375 0.02578125
1 0.37421875 0.31796875 0.01328125 0.03125
1 0.39453125 0.31015625 0.01484375 0.03125
1 0.44375 0.31875 0.01640625 0.028125
1 0.41640625 0.3421875 0.01640625 0.028125
1 0.3890625 0.37109375 0.02578125 0.04375
1 0.42421875 0.39296875 0.02578125 0.04140625
1 0.37421875 0.68359375 0.08671875 0.14765625
1 0.4765625 0.5140625 0.053125 0.10859375
1 0.52421875 0.3875 0.02265625 0.05703125
1 0.4890625 0.37109375 0.02265625 0.0390625
1 0.4921875 0.3359375 0.01640625 0.03125
1 0.47734375 0.3265625 0.009375 0.03359375
1 0.459375 0.3125 0.009375 0.0203125
1 0.521875 0.31875 0.01484375 0.0234375
1 0.528125 0.33828125 0.01796875 0.03125
1 0.5421875 0.328125 0.01328125 0.03125
1 0.55703125 0.334375 0.0109375 0.028125
1 0.56953125 0.3265625 0.01328125 0.0234375
1 0.59375 0.3515625 0.01640625 0.03125
1 0.58515625 0.375 0.01953125 0.03125
1 0.5890625 0.4125 0.03203125 0.05390625
1 0.5765625 0.83359375 0.08515625 0.19921875
1 0.0484375 0.4265625 0.0546875 0.0875
1 0.1234375 0.33828125 0.04375 0.06171875
1 0.17890625 0.315625 0.02890625 0.04140625
1 0.209375 0.3046875 0.01953125 0.0359375
1 0.22578125 0.30625 0.02265625 0.03359375
1 0.26796875 0.2921875 0.01328125 0.0203125
1 0.05234375 0.34140625 0.040625 0.0515625
1 0.0859375 0.32421875 0.02734375 0.04375
1 0.09453125 0.29296875 0.02421875 0.04375
1 0.025 0.296875 0.03046875 0.046875
1 0.0109375 0.26875 0.01953125 0.03125
1 0.06484375 0.26875 0.01953125 0.02578125
1 0.1078125 0.2515625 0.01640625 0.03359375
1 0.140625 0.26328125 0.01640625 0.03125
1 0.15703125 0.26484375 0.01484375 0.028125
1 0.2 0.28203125 0.01328125 0.0203125
1 0.73125 0.35234375 0.01796875 0.028125
1 0.75625 0.37578125 0.01953125 0.03359375
1 0.79453125 0.37109375 0.02109375 0.028125
1 0.8296875 0.3640625 0.01484375 0.03125
1 0.815625 0.3890625 0.02109375 0.04375
1 0.8734375 0.4109375 0.03359375 0.05703125
1 0.8421875 0.4640625 0.0390625 0.06484375
1 0.909375 0.41484375 0.02578125 0.059375
1 0.9703125 0.528125 0.05 0.08046875
1 0.96484375 0.453125 0.0390625 0.05390625
1 0.984375 0.40859375 0.03046875 0.0671875