1 0.1984375 0.45625 0.040625 0.084375
1 0.49140625 0.18359375 0.0171875 0.03359375
1 0.5078125 0.190625 0.01875 0.03671875
1 0.546875 0.14140625 0.01484375 0.0265625
1 0.6984375 0.17890625 0.0140625 0.03515625
1 0.75703125 0.17421875 0.01484375 0.03203125
1 0.784375 0.190625 0.01328125 0.0265625
1 0.79140625 0.17890625 0.0125 0.03203125
1 0.83046875 0.18671875 0.01640625 0.03671875
1 0.86953125 0.28984375 0.01953125 0.05390625
1 0.93125 0.2484375 0.01328125 0.03515625
1 0.97734375 0.14140625 0.01328125 0.03359375