1 0.05078125 0.73984375 0.08203125 0.14609375
1 0.2140625 0.8046875 0.0921875 0.14609375
1 0.271875 0.79609375 0.071875 0.13359375
1 0.42421875 0.41484375 0.06796875 0.11640625
1 0.48828125 0.88828125 0.1078125 0.17578125
1 0.64296875 0.69765625 0.0859375 0.14609375
1 0.63828125 0.88359375 0.09609375 0.190625
1 0.71015625 0.8375 0.0796875 0.16953125
1 0.765625 0.69921875 0.06796875 0.125
1 0.85234375 0.7203125 0.071875 0.13671875
1 0.97578125 0.8203125 0.04765625 0.16953125
1 0.9609375 0.934375 0.078125 0.11875
1 0.98359375 0.678125 0.0328125 0.10625