1 0.13828125 0.53203125 0.040625 0.0796875
1 0.23125 0.3421875 0.01640625 0.0359375
1 0.25390625 0.3890625 0.02421875 0.040625
1 0.28984375 0.36640625 0.0203125 0.0453125
1 0.2859375 0.31484375 0.01796875 0.03515625
1 0.33984375 0.359375 0.02265625 0.05078125
1 0.35703125 0.33359375 0.01640625 0.0375
1 0.38203125 0.3484375 0.0203125 0.04609375
1 0.3546875 0.30078125 0.0171875 0.03046875
1 0.39296875 0.26328125 0.01484375 0.03359375
1 0.4109375 0.27265625 0.01328125 0.02890625
1 0.4125 0.3359375 0.02109375 0.0453125
1 0.41015625 0.303125 0.015625 0.02578125
1 0.43671875 0.315625 0.01796875 0.03359375
1 0.4453125 0.33671875 0.021875 0.040625
1 0.4390625 0.284375 0.0140625 0.03203125
1 0.42890625 0.26015625 0.01328125 0.02890625
1 0.4625 0.2703125 0.015625 0.0359375
1 0.46796875 0.31171875 0.0171875 0.02890625
1 0.46953125 0.24140625 0.01640625 0.02734375
1 0.49921875 0.265625 0.0140625 0.02890625
1 0.53046875 0.27890625 0.01875 0.03203125
1 0.52578125 0.25 0.0171875 0.03046875
1 0.55 0.24609375 0.015625 0.03046875
1 0.5609375 0.2828125 0.015625 0.03515625
1 0.578125 0.2671875 0.01796875 0.03203125
1 0.571875 0.2203125 0.0125 0.02578125
1 0.61015625 0.25 0.01484375 0.02890625
1 0.60078125 0.2328125 0.01171875 0.025
1 0.61484375 0.2109375 0.01328125 0.02734375
1 0.6328125 0.21328125 0.01171875 0.0234375
1 0.64296875 0.25 0.0140625 0.02890625
1 0.67734375 0.21015625 0.0125 0.02890625
1 0.68203125 0.2359375 0.01484375 0.02734375
1 0.6921875 0.22421875 0.01640625 0.03046875
1 0.5046875 0.33203125 0.01796875 0.040625
1 0.4859375 0.4078125 0.03046875 0.0640625
1 0.54140625 0.440625 0.034375 0.0625
1 0.609375 0.4546875 0.03203125 0.06796875
1 0.54453125 0.3609375 0.025 0.05078125
1 0.609375 0.33359375 0.02578125 0.04609375
1 0.6265625 0.37265625 0.03046875 0.05078125
1 0.6453125 0.47109375 0.03203125 0.06796875
1 0.71640625 0.5171875 0.04453125 0.0796875
1 0.6640625 0.3796875 0.025 0.059375
1 0.65078125 0.3453125 0.02265625 0.04375
1 0.640625 0.30546875 0.0171875 0.0421875
1 0.678125 0.27734375 0.01640625 0.0375
1 0.70078125 0.29375 0.01875 0.0390625
1 0.71171875 0.25 0.01796875 0.0375
1 0.69609375 0.3640625 0.02421875 0.05234375
1 0.7296875 0.40546875 0.03046875 0.05078125
1 0.7859375 0.4390625 0.02890625 0.065625
1 0.8453125 0.51015625 0.03515625 0.07109375
1 0.85078125 0.46953125 0.03125 0.059375
1 0.8203125 0.365625 0.02421875 0.05546875
1 0.74453125 0.240625 0.01484375 0.02890625
1 0.74921875 0.23515625 0.0109375 0.02890625
1 0.75390625 0.26953125 0.01875 0.0421875
1 0.78671875 0.28203125 0.01640625 0.0390625
1 0.79453125 0.2640625 0.0140625 0.03203125
1 0.77734375 0.26796875 0.01484375 0.03359375
1 0.79375 0.24140625 0.0171875 0.03046875
1 0.81875 0.2453125 0.015625 0.0375
1 0.8296875 0.2796875 0.01796875 0.03359375
1 0.81953125 0.3125 0.0171875 0.03359375
1 0.8359375 0.3421875 0.01875 0.04609375
1 0.85390625 0.334375 0.01875 0.0359375
1 0.8640625 0.27890625 0.0171875 0.0375
1 0.85234375 0.26015625 0.0140625 0.02890625
1 0.8890625 0.2578125 0.0140625 0.03046875
1 0.903125 0.28125 0.01484375 0.03203125
1 0.878125 0.3390625 0.015625 0.0453125
1 0.9015625 0.32734375 0.0171875 0.0390625
1 0.86640625 0.4109375 0.028125 0.0609375
1 0.92109375 0.459375 0.03359375 0.07109375
1 0.9328125 0.3765625 0.021875 0.05078125
1 0.921875 0.3234375 0.01796875 0.0375
1 0.9421875 0.31015625 0.015625 0.0390625
1 0.9484375 0.28984375 0.01484375 0.025