1 0.12890625 0.34609375 0.02421875 0.0453125
1 0.18125 0.4859375 0.04921875 0.090625
1 0.2015625 0.4078125 0.0328125 0.065625
1 0.1984375 0.3140625 0.01875 0.0453125
1 0.22734375 0.31171875 0.02734375 0.05703125
1 0.24609375 0.2703125 0.0203125 0.0421875
1 0.26171875 0.3703125 0.03671875 0.0734375
1 0.35625 0.1796875 0.0234375 0.0421875
1 0.43046875 0.175 0.02734375 0.0484375
1 0.55 0.190625 0.01796875 0.046875
1 0.678125 0.10859375 0.0203125 0.03984375
1 0.76875 0.0734375 0.01796875 0.03671875
1 0.71015625 0.19296875 0.02265625 0.046875
1 0.83046875 0.31875 0.05390625 0.10234375
1 0.83046875 0.2671875 0.04140625 0.075