1 0.43203125 0.20546875 0.021875 0.046875
1 0.4625 0.20625 0.02109375 0.0453125
1 0.6125 0.11484375 0.0171875 0.0375
1 0.6546875 0.125 0.0140625 0.0328125
1 0.62578125 0.146875 0.01640625 0.02734375
1 0.66484375 0.146875 0.015625 0.02421875
1 0.75625 0.15078125 0.015625 0.03125
1 0.771875 0.1515625 0.01640625 0.0328125
1 0.87265625 0.19140625 0.015625 0.034375
1 0.94375 0.19453125 0.01640625 0.0375
1 0.8953125 0.2234375 0.0171875 0.040625
1 0.89453125 0.253125 0.01953125 0.040625
1 0.92265625 0.2609375 0.02109375 0.046875
1 0.82890625 0.2609375 0.02109375 0.05390625