1 0.1921875 0.38984375 0.08828125 0.1796875
1 0.3140625 0.37890625 0.06171875 0.10234375
1 0.37578125 0.36484375 0.0453125 0.0953125
1 0.40703125 0.3484375 0.0296875 0.0671875
1 0.43671875 0.375 0.03359375 0.06484375
1 0.43515625 0.3375 0.0296875 0.05
1 0.49765625 0.31484375 0.028125 0.03984375
1 0.51953125 0.33359375 0.028125 0.05234375
1 0.5671875 0.32734375 0.025 0.0453125
1 0.58203125 0.3375 0.0203125 0.03515625
1 0.62578125 0.34609375 0.028125 0.04765625
1 0.66015625 0.32265625 0.04296875 0.06484375
1 0.67265625 0.36640625 0.04140625 0.07734375
1 0.72890625 0.3984375 0.06171875 0.12734375
1 0.690625 0.33515625 0.025 0.0453125
1 0.721875 0.30859375 0.0203125 0.04765625
1 0.7484375 0.35 0.0265625 0.05
1 0.8109375 0.4890625 0.08515625 0.1625
1 0.82734375 0.34140625 0.03203125 0.0578125
1 0.87109375 0.36640625 0.03203125 0.0625
1 0.8984375 0.34609375 0.0234375 0.05234375
1 0.94140625 0.36484375 0.03671875 0.0703125
1 0.959375 0.32265625 0.025 0.0453125