1 0.27578125 0.3859375 0.0546875 0.084375
1 0.34375 0.26640625 0.01484375 0.03359375
1 0.42109375 0.26171875 0.01875 0.03359375
1 0.384375 0.18984375 0.0203125 0.03203125
1 0.41171875 0.1671875 0.01640625 0.025
1 0.41875 0.2078125 0.0140625 0.03203125
1 0.43515625 0.17578125 0.01640625 0.028125
1 0.43671875 0.2140625 0.01484375 0.03359375
1 0.4578125 0.17265625 0.01796875 0.03203125
1 0.4921875 0.13828125 0.01171875 0.0265625
1 0.51796875 0.1171875 0.01328125 0.0265625
1 0.4796875 0.1828125 0.01875 0.03515625
1 0.46875 0.21328125 0.01484375 0.028125
1 0.509375 0.21953125 0.0171875 0.03359375
1 0.53984375 0.20546875 0.01484375 0.03359375
1 0.54375 0.16171875 0.01171875 0.028125
1 0.546875 0.1359375 0.01640625 0.03203125
1 0.58203125 0.1171875 0.0109375 0.0265625
1 0.5875 0.17421875 0.0140625 0.0421875
1 0.58828125 0.265625 0.0171875 0.04609375
1 0.59609375 0.175 0.0171875 0.0296875
1 0.5671875 0.17421875 0.0140625 0.028125
1 0.6234375 0.10390625 0.0109375 0.02109375
1 0.609375 0.1328125 0.01015625 0.0296875
1 0.6265625 0.14296875 0.01640625 0.03515625
1 0.665625 0.11328125 0.0140625 0.03359375
1 0.71640625 0.11015625 0.0171875 0.03359375
1 0.6921875 0.12734375 0.01328125 0.0296875
1 0.6421875 0.23125 0.02265625 0.0578125
1 0.6546875 0.31015625 0.02421875 0.053125
1 0.70546875 0.33359375 0.02421875 0.05078125
1 0.734375 0.275 0.021875 0.053125
1 0.68984375 0.20546875 0.0203125 0.03671875
1 0.71953125 0.18984375 0.01484375 0.0390625
1 0.7421875 0.178125 0.0171875 0.04609375
1 0.75703125 0.153125 0.01328125 0.0421875
1 0.78046875 0.14140625 0.0140625 0.04375
1 0.76796875 0.2015625 0.01796875 0.03671875
1 0.78203125 0.23203125 0.01796875 0.03515625
1 0.7890625 0.1875 0.01171875 0.0265625
1 0.8 0.159375 0.0203125 0.04375
1 0.796875 0.2171875 0.01796875 0.04375
1 0.84921875 0.16640625 0.01484375 0.03671875
1 0.88515625 0.15390625 0.01640625 0.03359375
1 0.8375 0.26796875 0.02265625 0.03515625
1 0.85 0.22421875 0.01640625 0.040625
1 0.875 0.19375 0.0171875 0.03515625
1 0.91015625 0.209375 0.01640625 0.0390625
1 0.88828125 0.2703125 0.02109375 0.04765625
1 0.88203125 0.321875 0.0203125 0.04609375
1 0.940625 0.303125 0.02109375 0.0421875
1 0.94375 0.2421875 0.01796875 0.040625
1 0.9453125 0.20625 0.0140625 0.03515625
1 0.94921875 0.18125 0.01171875 0.03203125
1 0.90234375 0.25546875 0.02109375 0.0390625
1 0.834375 0.18359375 0.01328125 0.0296875
1 0.66953125 0.14375 0.01171875 0.0296875
1 0.6234375 0.25234375 0.02421875 0.0578125
1 0.39765625 0.25234375 0.0203125 0.03671875
1 0.5359375 0.15 0.0171875 0.028125
1 0.475 0.14609375 0.01484375 0.025
1 0.6140625 0.159375 0.01328125 0.03359375