1 0.0640625 0.528125 0.06640625 0.0765625
1 0.1234375 0.53359375 0.05546875 0.09296875
1 0.20546875 0.53359375 0.05078125 0.08671875
1 0.1125 0.7484375 0.1 0.18359375
1 0.3125 0.6265625 0.08671875 0.153125
1 0.353125 0.578125 0.0625 0.11015625
1 0.39921875 0.553125 0.05078125 0.09296875
1 0.42890625 0.528125 0.04453125 0.0765625
1 0.4796875 0.34140625 0.04921875 0.08359375
1 0.453125 0.7546875 0.1109375 0.203125
1 0.51640625 0.6734375 0.08671875 0.13984375
1 0.53359375 0.575 0.06640625 0.096875
1 0.5609375 0.55 0.06015625 0.08671875
1 0.54765625 0.4984375 0.046875 0.06328125
1 0.79765625 0.51484375 0.03984375 0.0765625
1 0.84765625 0.55703125 0.078125 0.1203125
1 0.94765625 0.5296875 0.06015625 0.09296875
1 0.953125 0.66171875 0.06640625 0.196875