1 0.20390625 0.590625 0.096875 0.15
1 0.30546875 0.59921875 0.071875 0.11875
1 0.35703125 0.46015625 0.03984375 0.06953125
1 0.5125 0.35 0.0234375 0.0453125
1 0.53828125 0.69375 0.090625 0.17421875
1 0.578125 0.6375 0.0734375 0.1390625
1 0.534375 0.45625 0.025 0.0421875
1 0.6 0.46015625 0.02109375 0.0421875
1 0.63984375 0.4546875 0.025 0.03125
1 0.69921875 0.46328125 0.025 0.0421875
1 0.86328125 0.82421875 0.1515625 0.26796875
1 0.94296875 0.47734375 0.03828125 0.05546875
1 0.90546875 0.38671875 0.025 0.05546875