1 0.14296875 0.3390625 0.02890625 0.0609375
1 0.27734375 0.26015625 0.0171875 0.034375
1 0.29375 0.2734375 0.0203125 0.034375
1 0.29921875 0.246875 0.01796875 0.0375
1 0.334375 0.275 0.01953125 0.04453125
1 0.36484375 0.2875 0.01796875 0.0390625
1 0.36875 0.25390625 0.01796875 0.028125
1 0.3859375 0.18671875 0.0125 0.03125
1 0.4 0.19453125 0.0140625 0.028125
1 0.4046875 0.171875 0.0140625 0.028125
1 0.421875 0.17265625 0.015625 0.0328125
1 0.425 0.2 0.015625 0.0296875
1 0.44453125 0.228125 0.01796875 0.0359375
1 0.453125 0.196875 0.01796875 0.0265625
1 0.4515625 0.15859375 0.015625 0.03125
1 0.471875 0.16796875 0.0140625 0.028125
1 0.47734375 0.1515625 0.009375 0.025
1 0.484375 0.19140625 0.01796875 0.04140625
1 0.475 0.22421875 0.01953125 0.0375
1 0.51015625 0.16796875 0.0171875 0.034375
1 0.51015625 0.14453125 0.0109375 0.02265625
1 0.503125 0.12578125 0.01171875 0.025
1 0.54453125 0.1203125 0.0140625 0.028125
1 0.5328125 0.1875 0.0171875 0.0359375
1 0.540625 0.1796875 0.0140625 0.028125
1 0.5703125 0.175 0.01640625 0.034375
1 0.5609375 0.1328125 0.0109375 0.0296875
1 0.578125 0.1484375 0.0140625 0.03125
1 0.58515625 0.13515625 0.009375 0.02109375
1 0.578125 0.11875 0.009375 0.01796875
1 0.584375 0.10703125 0.0140625 0.0265625
1 0.60859375 0.14765625 0.015625 0.0328125
1 0.6109375 0.11015625 0.01484375 0.0296875
1 0.63515625 0.1359375 0.01484375 0.0265625
1 0.63984375 0.1125 0.0109375 0.025
1 0.6296875 0.10234375 0.0109375 0.028125
1 0.65859375 0.10625 0.01171875 0.028125
1 0.69375 0.10546875 0.0109375 0.0328125
1 0.6765625 0.15234375 0.015625 0.0328125
1 0.69375 0.1765625 0.01484375 0.0375
1 0.6484375 0.18203125 0.02109375 0.0390625
1 0.66796875 0.2109375 0.021875 0.04140625
1 0.6078125 0.2109375 0.025 0.04453125
1 0.56875 0.246875 0.02109375 0.04453125
1 0.5328125 0.3296875 0.03203125 0.05546875
1 0.5359375 0.27734375 0.02109375 0.0390625
1 0.49296875 0.290625 0.0265625 0.059375
1 0.61953125 0.26015625 0.021875 0.04765625
1 0.62421875 0.29296875 0.02578125 0.05078125
1 0.66171875 0.321875 0.03515625 0.06875
1 0.70625 0.25703125 0.02890625 0.0578125
1 0.69453125 0.2234375 0.02109375 0.0390625
1 0.72109375 0.21015625 0.0203125 0.04296875
1 0.73046875 0.17265625 0.0171875 0.0328125
1 0.73984375 0.15 0.0125 0.028125
1 0.73203125 0.11484375 0.01484375 0.0328125
1 0.75859375 0.12890625 0.0171875 0.03125
1 0.7734375 0.14140625 0.01484375 0.0359375
1 0.76953125 0.196875 0.0171875 0.05234375
1 0.746875 0.215625 0.0203125 0.04765625
1 0.7578125 0.2875 0.025 0.0625
1 0.73515625 0.37109375 0.0390625 0.07578125
1 0.80390625 0.40859375 0.04765625 0.071875
1 0.89296875 0.40234375 0.03828125 0.071875
1 0.89453125 0.29296875 0.0234375 0.0609375
1 0.9 0.24921875 0.0171875 0.04609375
1 0.9109375 0.21953125 0.0203125 0.034375
1 0.9171875 0.25234375 0.0140625 0.04453125
1 0.85859375 0.2515625 0.02109375 0.04296875
1 0.84921875 0.29609375 0.03203125 0.0640625
1 0.7984375 0.25078125 0.0203125 0.05078125
1 0.81640625 0.21015625 0.0203125 0.059375
1 0.7984375 0.14453125 0.01640625 0.0359375
1 0.82578125 0.14453125 0.0140625 0.0296875
1 0.8203125 0.12890625 0.0109375 0.028125
1 0.846875 0.14453125 0.01484375 0.0296875
1 0.859375 0.13125 0.0125 0.0296875
1 0.8515625 0.175 0.0140625 0.03125
1 0.8734375 0.175 0.0140625 0.034375
1 0.8796875 0.159375 0.01171875 0.0296875
1 0.915625 0.16171875 0.01015625 0.028125
1 0.8625 0.20859375 0.0171875 0.0328125