1 0.93359375 0.1609375 0.0109375 0.0296875
1 0.93359375 0.1875 0.0109375 0.03515625
1 0.94375 0.2125 0.015625 0.040625
1 0.9296875 0.24296875 0.015625 0.03515625
1 0.91484375 0.30703125 0.02109375 0.059375
1 0.83984375 0.15234375 0.01328125 0.03125
1 0.82265625 0.18125 0.0125 0.0296875
1 0.83125 0.21796875 0.015625 0.040625
1 0.85625 0.18359375 0.01328125 0.03515625
1 0.8703125 0.175 0.0109375 0.03125
1 0.8921875 0.18828125 0.0140625 0.03671875
1 0.8921875 0.21796875 0.0140625 0.040625
1 0.87890625 0.24375 0.01796875 0.0484375
1 0.86640625 0.28125 0.01953125 0.05546875
1 0.8359375 0.3125 0.0203125 0.059375
1 0.80078125 0.25625 0.02109375 0.05
1 0.78515625 0.13125 0.0125 0.03359375
1 0.7921875 0.15546875 0.0125 0.03359375
1 0.7875 0.178125 0.0125 0.03515625
1 0.7859375 0.2078125 0.015625 0.0421875
1 0.74921875 0.2484375 0.01953125 0.05
1 0.753125 0.18828125 0.015625 0.03671875
1 0.753125 0.13828125 0.0109375 0.02578125
1 0.753125 0.16171875 0.0140625 0.02734375
1 0.65390625 0.10078125 0.0125 0.02734375
1 0.6609375 0.1265625 0.009375 0.03515625
1 0.6765625 0.11953125 0.01015625 0.02734375
1 0.69609375 0.1171875 0.0109375 0.02734375
1 0.71796875 0.153125 0.015625 0.040625
1 0.73046875 0.16796875 0.0140625 0.040625
1 0.7125 0.18203125 0.0171875 0.0390625
1 0.71640625 0.2859375 0.02734375 0.05703125
1 0.67578125 0.1828125 0.0171875 0.040625
1 0.6859375 0.3296875 0.0265625 0.06875
1 0.6453125 0.303125 0.02734375 0.059375
1 0.63359375 0.23359375 0.0234375 0.05
1 0.625 0.2125 0.0171875 0.040625
1 0.5609375 0.26328125 0.01953125 0.05
1 0.56953125 0.11640625 0.0125 0.02578125
1 0.61328125 0.10234375 0.009375 0.0203125
1 0.60625 0.12421875 0.0125 0.02578125
1 0.584375 0.1515625 0.01328125 0.0296875
1 0.5796875 0.1828125 0.0125 0.03359375
1 0.5578125 0.14140625 0.01328125 0.02734375
1 0.53828125 0.18984375 0.015625 0.03515625
1 0.5296875 0.15703125 0.01328125 0.0296875
1 0.54375 0.16875 0.015625 0.03515625
1 0.509375 0.1875 0.015625 0.0390625
1 0.5375 0.13671875 0.01328125 0.02578125
1 0.47265625 0.1296875 0.009375 0.021875
1 0.4890625 0.1359375 0.009375 0.02734375
1 0.4921875 0.12265625 0.01015625 0.0203125
1 0.47578125 0.15546875 0.0109375 0.0296875
1 0.46796875 0.175 0.0140625 0.03515625
1 0.45078125 0.16640625 0.01328125 0.03359375
1 0.45 0.20078125 0.01640625 0.0390625
1 0.47265625 0.23671875 0.01953125 0.0484375
1 0.4421875 0.24453125 0.0203125 0.05
1 0.42265625 0.1515625 0.009375 0.02578125
1 0.41953125 0.1828125 0.015625 0.03671875
1 0.42421875 0.20625 0.0140625 0.0390625
1 0.4015625 0.20546875 0.01640625 0.040625
1 0.40625 0.24375 0.02265625 0.0515625
1 0.36953125 0.2015625 0.0140625 0.04453125
1 0.3625 0.24140625 0.0203125 0.0390625
1 0.5078125 0.403125 0.05078125 0.11484375
1 0.62578125 0.13828125 0.0125 0.02578125