1 0.221875 0.609375 0.04921875 0.0765625
1 0.3046875 0.61640625 0.04921875 0.0765625
1 0.13125 0.38046875 0.04921875 0.0765625
1 0.19453125 0.43046875 0.046875 0.0765625
1 0.24921875 0.43046875 0.04453125 0.06328125
1 0.2625 0.37734375 0.03984375 0.0765625
1 0.3140625 0.40546875 0.0375 0.06640625
1 0.371875 0.41328125 0.0421875 0.06953125
1 0.43203125 0.41171875 0.0421875 0.0734375
1 0.49453125 0.3921875 0.0421875 0.0796875
1 0.57421875 0.43359375 0.0421875 0.06953125
1 0.63359375 0.4484375 0.04921875 0.0796875
1 0.6625 0.41171875 0.0359375 0.06640625
1 0.7 0.41328125 0.04453125 0.0828125
1 0.765625 0.4203125 0.0421875 0.0828125
1 0.6609375 0.6078125 0.046875 0.0796875
1 0.75234375 0.61796875 0.046875 0.0734375
1 0.81640625 0.421875 0.0421875 0.0734375
1 0.8921875 0.42890625 0.05546875 0.09296875