1 0.33984375 0.19609375 0.01875 0.04375
1 0.37734375 0.20390625 0.021875 0.03671875
1 0.39296875 0.1796875 0.0171875 0.0296875
1 0.42421875 0.175 0.01640625 0.03203125
1 0.446875 0.1796875 0.01796875 0.03828125
1 0.45234375 0.153125 0.0125 0.03125
1 0.4671875 0.146875 0.01484375 0.0296875
1 0.475 0.1703125 0.0140625 0.03125
1 0.48203125 0.2078125 0.01875 0.0390625
1 0.49140625 0.17109375 0.01484375 0.03828125
1 0.49296875 0.1375 0.0140625 0.0265625
1 0.5046875 0.14453125 0.01328125 0.0296875
1 0.52109375 0.18203125 0.01796875 0.040625
1 0.53359375 0.16875 0.0140625 0.03671875
1 0.528125 0.13359375 0.0171875 0.03671875
1 0.5640625 0.18828125 0.0203125 0.03671875
1 0.559375 0.1484375 0.0140625 0.0265625
1 0.56796875 0.12578125 0.01328125 0.0265625
1 0.5796875 0.15078125 0.0171875 0.03359375
1 0.59296875 0.12578125 0.0140625 0.03203125
1 0.60859375 0.13203125 0.01484375 0.028125
1 0.61484375 0.1609375 0.01484375 0.0265625
1 0.65234375 0.15234375 0.01484375 0.03515625
1 0.646875 0.13125 0.0125 0.0265625
1 0.6328125 0.109375 0.01015625 0.02421875
1 0.6703125 0.12578125 0.0140625 0.0265625
1 0.69921875 0.13203125 0.01484375 0.025
1 0.69296875 0.11484375 0.0140625 0.02421875
1 0.73203125 0.11953125 0.01484375 0.028125
1 0.60390625 0.23828125 0.02265625 0.05234375
1 0.6375 0.21484375 0.02578125 0.04765625
1 0.6765625 0.18984375 0.01953125 0.0421875
1 0.68359375 0.22890625 0.02265625 0.0546875
1 0.73203125 0.2390625 0.02109375 0.05078125
1 0.72890625 0.2 0.01796875 0.0453125
1 0.71171875 0.1796875 0.01484375 0.03359375
1 0.75390625 0.175 0.015625 0.040625
1 0.7484375 0.15 0.01484375 0.03515625
1 0.7765625 0.13828125 0.01640625 0.03203125
1 0.79453125 0.1765625 0.01953125 0.04609375
1 0.80625 0.1625 0.01875 0.04375
1 0.8125 0.21640625 0.02265625 0.0453125
1 0.83828125 0.1921875 0.01640625 0.040625
1 0.83125 0.1625 0.01796875 0.03828125
1 0.84375 0.14375 0.01640625 0.03125
1 0.8578125 0.17890625 0.01484375 0.03359375
1 0.87734375 0.14296875 0.01484375 0.03203125
1 0.909375 0.15546875 0.01328125 0.0265625
1 0.884375 0.20390625 0.0171875 0.0421875
1 0.9046875 0.2328125 0.02421875 0.04609375
1 0.93515625 0.1875 0.0171875 0.03515625
1 0.95859375 0.22734375 0.01875 0.03828125
1 0.96015625 0.1796875 0.01328125 0.0296875
1 0.896875 0.2703125 0.021875 0.05078125
1 0.71953125 0.3109375 0.0484375 0.084375