1 0.125 0.47578125 0.04140625 0.084375
1 0.2328125 0.34609375 0.01875 0.0390625
1 0.26640625 0.35078125 0.01875 0.0421875
1 0.29765625 0.36484375 0.01953125 0.0421875
1 0.28828125 0.3109375 0.01796875 0.040625
1 0.34375 0.3671875 0.0234375 0.04921875
1 0.36484375 0.33203125 0.015625 0.03515625
1 0.36015625 0.29765625 0.015625 0.0375
1 0.3890625 0.34140625 0.01796875 0.03515625
1 0.41015625 0.3390625 0.0203125 0.0359375
1 0.4421875 0.35 0.02109375 0.04375
1 0.3984375 0.26171875 0.0140625 0.03359375
1 0.41171875 0.30234375 0.01640625 0.03359375
1 0.43984375 0.3109375 0.0171875 0.03515625
1 0.47265625 0.31015625 0.01796875 0.0359375
1 0.41953125 0.2703125 0.0140625 0.03046875
1 0.428125 0.2609375 0.01328125 0.02578125
1 0.43203125 0.28203125 0.01484375 0.03359375
1 0.46484375 0.24921875 0.0140625 0.03046875
1 0.471875 0.24375 0.0125 0.03515625
1 0.47109375 0.2703125 0.01484375 0.03203125
1 0.49921875 0.2703125 0.01640625 0.0375
1 0.509375 0.26171875 0.01328125 0.03359375
1 0.51875 0.284375 0.01640625 0.04375
1 0.5109375 0.3203125 0.01796875 0.0359375
1 0.50546875 0.384375 0.028125 0.0609375
1 0.54765625 0.40859375 0.02734375 0.05625
1 0.54296875 0.375 0.02109375 0.04765625
1 0.53828125 0.25625 0.01484375 0.0359375
1 0.56015625 0.22421875 0.0125 0.02734375
1 0.57109375 0.2265625 0.0125 0.02578125
1 0.5640625 0.25546875 0.015625 0.03515625
1 0.5640625 0.28046875 0.015625 0.0390625
1 0.6046875 0.25859375 0.01484375 0.03515625
1 0.60625 0.228125 0.01171875 0.03203125
1 0.6125 0.21015625 0.0109375 0.03203125
1 0.62890625 0.225 0.01328125 0.02890625
1 0.63671875 0.25 0.0125 0.03203125
1 0.66015625 0.221875 0.01328125 0.02578125
1 0.67265625 0.23125 0.0140625 0.03046875
1 0.690625 0.23046875 0.0140625 0.03203125
1 0.66953125 0.27890625 0.01875 0.040625
1 0.60078125 0.32890625 0.0234375 0.0453125
1 0.63515625 0.3109375 0.01953125 0.040625
1 0.646875 0.34765625 0.02109375 0.05078125
1 0.665625 0.371875 0.025 0.05546875
1 0.69140625 0.3578125 0.0203125 0.05390625
1 0.61171875 0.428125 0.03125 0.0640625
1 0.6703125 0.44921875 0.0359375 0.065625
1 0.703125 0.2609375 0.0140625 0.0375
1 0.721875 0.2890625 0.01640625 0.03515625
1 0.74296875 0.228125 0.0125 0.03203125
1 0.746875 0.2734375 0.01328125 0.0359375
1 0.76328125 0.28671875 0.0140625 0.0390625
1 0.7828125 0.27265625 0.01484375 0.03515625
1 0.7796875 0.23984375 0.0140625 0.03359375
1 0.809375 0.2515625 0.0125 0.03359375
1 0.83828125 0.26640625 0.0125 0.0359375
1 0.85546875 0.2703125 0.0125 0.03515625
1 0.87109375 0.26328125 0.0125 0.03359375
1 0.89375 0.29375 0.01484375 0.0421875
1 0.9328125 0.28828125 0.01171875 0.03046875
1 0.9296875 0.31484375 0.01328125 0.03203125
1 0.92578125 0.359375 0.01796875 0.0359375
1 0.85390625 0.284375 0.01484375 0.03203125
1 0.88671875 0.32265625 0.0171875 0.0359375
1 0.8453125 0.31015625 0.015625 0.0359375
1 0.81484375 0.30546875 0.0171875 0.0359375
1 0.81171875 0.28203125 0.0140625 0.03359375
1 0.86484375 0.3453125 0.0171875 0.04921875
1 0.80859375 0.35234375 0.01875 0.04375
1 0.8078125 0.36875 0.0203125 0.04375
1 0.91484375 0.40234375 0.0234375 0.05546875
1 0.85546875 0.41796875 0.02265625 0.05234375
1 0.9078125 0.46875 0.028125 0.06640625
1 0.84453125 0.4484375 0.025 0.04921875
1 0.740625 0.4046875 0.028125 0.05546875
1 0.78515625 0.41328125 0.02734375 0.05625
1 0.8015625 0.496875 0.03125 0.059375
1 0.709375 0.51640625 0.03828125 0.08125