1 0.1765625 0.8421875 0.16484375 0.29609375
1 0.42890625 0.78828125 0.1640625 0.28984375
1 0.7515625 0.584375 0.10234375 0.19609375
1 0.78515625 0.48046875 0.0796875 0.1359375
1 0.725 0.34609375 0.0484375 0.08671875
1 0.709375 0.26953125 0.02734375 0.05703125
1 0.64921875 0.27265625 0.02734375 0.05390625
1 0.62265625 0.325 0.03984375 0.0640625
1 0.578125 0.27578125 0.025 0.04765625
1 0.49765625 0.27109375 0.0265625 0.05078125
1 0.48359375 0.334375 0.040625 0.08359375
1 0.4984375 0.4125 0.0703125 0.1078125
1 0.4015625 0.24921875 0.02421875 0.04765625
1 0.446875 0.25078125 0.02265625 0.04921875
1 0.44921875 0.31171875 0.040625 0.0765625
1 0.3609375 0.3421875 0.0515625 0.09140625
1 0.3453125 0.26171875 0.03515625 0.071875
1 0.33125 0.23984375 0.01640625 0.03125
1 0.30859375 0.253125 0.0234375 0.034375
1 0.2796875 0.23359375 0.02265625 0.040625
1 0.2375 0.28515625 0.0375 0.065625
1 0.18359375 0.34765625 0.05859375 0.1
1 0.76328125 0.3109375 0.03203125 0.05234375
1 0.7609375 0.27578125 0.02421875 0.04453125
1 0.784375 0.290625 0.0171875 0.04453125
1 0.8546875 0.37421875 0.04375 0.0765625
1 0.96015625 0.3515625 0.0390625 0.065625
1 0.9515625 0.3125 0.028125 0.04921875