1 0.0359375 0.39140625 0.0296875 0.0640625
1 0.88984375 0.13046875 0.015625 0.0359375
1 0.86328125 0.12578125 0.015625 0.03125
1 0.74140625 0.1015625 0.01015625 0.034375
1 0.6828125 0.1015625 0.0140625 0.03125
1 0.634375 0.103125 0.0109375 0.03125
1 0.6125 0.10390625 0.01640625 0.0296875
1 0.7734375 0.11796875 0.01484375 0.03125
1 0.56484375 0.11171875 0.0140625 0.01953125
1 0.6671875 0.121875 0.015625 0.0234375
1 0.70390625 0.134375 0.015625 0.03125
1 0.7890625 0.13046875 0.01328125 0.0265625
1 0.8046875 0.1390625 0.0140625 0.025
1 0.82109375 0.134375 0.01796875 0.034375
1 0.8453125 0.15390625 0.0203125 0.03828125
1 0.85859375 0.15 0.0140625 0.0265625
1 0.884375 0.16875 0.0140625 0.028125
1 0.925 0.16171875 0.01796875 0.0328125
1 0.72578125 0.15546875 0.015625 0.03125
1 0.746875 0.15234375 0.01796875 0.03828125
1 0.7890625 0.1734375 0.01640625 0.034375
1 0.84140625 0.19609375 0.015625 0.0296875
1 0.48125 0.1296875 0.0109375 0.028125
1 0.52578125 0.1375 0.02421875 0.034375
1 0.5484375 0.146875 0.01875 0.0359375
1 0.61484375 0.1421875 0.0203125 0.03125
1 0.57890625 0.14921875 0.01953125 0.034375
1 0.56875 0.1609375 0.02109375 0.03828125
1 0.45 0.14453125 0.0140625 0.025
1 0.40703125 0.17109375 0.01875 0.0328125
1 0.34375 0.2171875 0.02109375 0.03984375
1 0.32109375 0.22265625 0.01484375 0.0359375
1 0.30078125 0.25390625 0.02421875 0.04296875
1 0.2796875 0.275 0.02265625 0.0359375
1 0.25546875 0.28125 0.02265625 0.03828125
1 0.36953125 0.22421875 0.02265625 0.0296875
1 0.32890625 0.26953125 0.03359375 0.05078125
1 0.39296875 0.30390625 0.02578125 0.04765625
1 0.415625 0.22109375 0.0234375 0.0359375
1 0.44765625 0.16953125 0.015625 0.01953125
1 0.45703125 0.1984375 0.02265625 0.025
1 0.49140625 0.22734375 0.01953125 0.04609375
1 0.478125 0.16015625 0.01328125 0.0296875
1 0.53515625 0.2 0.0234375 0.04140625
1 0.48359375 0.2984375 0.028125 0.059375
1 0.55546875 0.29609375 0.02890625 0.05078125
1 0.5609375 0.23828125 0.02421875 0.04765625
1 0.61796875 0.18984375 0.025 0.04609375
1 0.59921875 0.2484375 0.025 0.04296875
1 0.60078125 0.3234375 0.0296875 0.05078125
1 0.66875 0.33515625 0.03359375 0.07109375
1 0.64375 0.1765625 0.015625 0.03984375
1 0.6609375 0.2078125 0.01953125 0.0359375
1 0.671875 0.2453125 0.0203125 0.04296875
1 0.69140625 0.2171875 0.025 0.05234375
1 0.6859375 0.1703125 0.02265625 0.034375
1 0.7359375 0.203125 0.02109375 0.0578125
1 0.75390625 0.23125 0.02578125 0.04765625
1 0.7046875 0.28515625 0.0296875 0.059375
1 0.7625 0.2796875 0.028125 0.05234375
1 0.865625 0.2171875 0.02421875 0.04609375
1 0.92421875 0.26953125 0.02265625 0.0578125
1 0.446875 0.22421875 0.0234375 0.04296875
1 0.425 0.1828125 0.02109375 0.0296875
1 0.5140625 0.1734375 0.025 0.04140625
1 0.590625 0.1046875 0.01640625 0.03125
1 0.48828125 0.20703125 0.01953125 0.03828125
1 0.3859375 0.2109375 0.02109375 0.0328125
1 0.81484375 0.16953125 0.01484375 0.0328125