1 0.03046875 0.346875 0.0453125 0.08125
1 0.12265625 0.47578125 0.10859375 0.17109375
1 0.14453125 0.3375 0.03828125 0.06796875
1 0.19296875 0.34453125 0.03984375 0.08125
1 0.21796875 0.325 0.0265625 0.059375
1 0.26015625 0.32109375 0.04296875 0.07890625
1 0.2890625 0.334375 0.025 0.0625
1 0.23203125 0.42109375 0.05703125 0.121875
1 0.3515625 0.48125 0.1265625 0.2578125
1 0.35234375 0.32421875 0.028125 0.0515625
1 0.39609375 0.34140625 0.03828125 0.07578125
1 0.4359375 0.31328125 0.028125 0.05703125
1 0.61640625 0.22109375 0.0265625 0.05703125
1 0.6640625 0.32890625 0.0515625 0.084375
1 0.9328125 0.5078125 0.0953125 0.1921875
1 0.9578125 0.40078125 0.078125 0.140625
1 0.92109375 0.32109375 0.03828125 0.0734375
1 0.9078125 0.3765625 0.04140625 0.0921875