1 0.76953125 0.44453125 0.0453125 0.07734375
1 0.70859375 0.7484375 0.10546875 0.1875
1 0.75625 0.665625 0.06015625 0.1140625
1 0.828125 0.81328125 0.140625 0.2390625
1 0.97421875 0.75625 0.0515625 0.18515625
1 0.8296875 0.72421875 0.09140625 0.13515625
1 0.60390625 0.715625 0.0859375 0.1453125
1 0.578125 0.68515625 0.059375 0.12734375
1 0.521875 0.66484375 0.05390625 0.10625
1 0.4375 0.7875 0.14375 0.2296875
1 0.32265625 0.7671875 0.11484375 0.1671875
1 0.3671875 0.67109375 0.059375 0.1078125
1 0.20859375 0.6609375 0.06640625 0.1
1 0.16015625 0.696875 0.06875 0.10078125
1 0.084375 0.715625 0.096875 0.13671875
1 0.01953125 0.63984375 0.0390625 0.0828125