1 0.278125 0.24609375 0.01796875 0.0296875
1 0.29609375 0.2390625 0.01796875 0.0296875
1 0.3 0.2640625 0.01953125 0.03359375
1 0.36171875 0.25859375 0.01796875 0.03828125
1 0.38203125 0.228125 0.01640625 0.03828125
1 0.40234375 0.2234375 0.02421875 0.0515625
1 0.3625 0.19296875 0.015625 0.0296875
1 0.4390625 0.14921875 0.01015625 0.03359375
1 0.4484375 0.15625 0.01171875 0.0265625
1 0.440625 0.2234375 0.01796875 0.03828125
1 0.41171875 0.16796875 0.01875 0.0296875
1 0.41875 0.1765625 0.01328125 0.025
1 0.46796875 0.18359375 0.01484375 0.03125
1 0.44453125 0.18671875 0.0140625 0.028125
1 0.471875 0.228125 0.0203125 0.04140625
1 0.490625 0.19296875 0.01875 0.03984375
1 0.48203125 0.1640625 0.0140625 0.0296875
1 0.46640625 0.1546875 0.0140625 0.0296875
1 0.39453125 0.18828125 0.0140625 0.021875
1 0.5203125 0.2046875 0.01953125 0.03671875
1 0.5140625 0.140625 0.015625 0.028125
1 0.50625 0.12109375 0.0140625 0.0265625
1 0.53359375 0.17109375 0.01875 0.03359375
1 0.5578125 0.1625 0.01640625 0.03359375
1 0.54140625 0.1109375 0.0109375 0.0265625
1 0.56015625 0.10390625 0.0109375 0.025
1 0.58125 0.140625 0.0140625 0.03125
1 0.5640625 0.13203125 0.01171875 0.028125
1 0.5875 0.1234375 0.01171875 0.021875
1 0.59453125 0.09921875 0.01015625 0.021875
1 0.60234375 0.153125 0.01328125 0.0296875
1 0.61484375 0.13203125 0.01171875 0.025
1 0.61328125 0.09609375 0.01328125 0.0234375
1 0.63828125 0.109375 0.01171875 0.0203125
1 0.64296875 0.12421875 0.01328125 0.0265625
1 0.6375 0.09453125 0.01171875 0.01640625
1 0.67109375 0.09921875 0.01328125 0.03125
1 0.69453125 0.09921875 0.01015625 0.025
1 0.5015625 0.27421875 0.03125 0.05
1 0.553125 0.2609375 0.021875 0.04296875
1 0.54140625 0.31796875 0.028125 0.0515625
1 0.62109375 0.3171875 0.0296875 0.06015625
1 0.6234375 0.24453125 0.021875 0.04296875
1 0.625 0.19921875 0.01796875 0.03671875
1 0.6671875 0.1984375 0.01875 0.03828125
1 0.66640625 0.1609375 0.01640625 0.03671875
1 0.67578125 0.15078125 0.01953125 0.03359375
1 0.69296875 0.17890625 0.01953125 0.04140625
1 0.6890625 0.31328125 0.03046875 0.07109375
1 0.7265625 0.23984375 0.021875 0.0515625
1 0.71484375 0.23359375 0.015625 0.03828125
1 0.73125 0.18671875 0.02421875 0.04453125
1 0.75546875 0.215625 0.02109375 0.05
1 0.75234375 0.32109375 0.0359375 0.075
1 0.784375 0.3796875 0.03046875 0.07109375
1 0.784375 0.278125 0.028125 0.0546875
1 0.778125 0.1953125 0.01875 0.04140625
1 0.775 0.14921875 0.01875 0.03671875
1 0.765625 0.1265625 0.01328125 0.0296875
1 0.74453125 0.11796875 0.0140625 0.0296875
1 0.74453125 0.1484375 0.01640625 0.028125
1 0.79765625 0.1484375 0.01875 0.03828125
1 0.82890625 0.13125 0.01484375 0.03359375
1 0.83125 0.11328125 0.01484375 0.0265625
1 0.85625 0.11796875 0.0140625 0.03359375
1 0.85859375 0.140625 0.015625 0.028125
1 0.8453125 0.171875 0.0140625 0.03515625
1 0.8296875 0.21171875 0.0203125 0.0484375
1 0.80390625 0.23515625 0.02109375 0.03828125
1 0.8546875 0.25 0.0234375 0.04140625
1 0.83984375 0.31875 0.0234375 0.06328125
1 0.90234375 0.3640625 0.03515625 0.0828125
1 0.9078125 0.25390625 0.01796875 0.053125
1 0.91640625 0.234375 0.0203125 0.046875
1 0.92265625 0.20625 0.0140625 0.0296875
1 0.87421875 0.203125 0.01953125 0.04453125
1 0.88046875 0.153125 0.01484375 0.0296875
1 0.8859375 0.12890625 0.0109375 0.03125
1 0.89453125 0.178125 0.01875 0.03984375
1 0.92109375 0.15078125 0.01328125 0.0296875