1 0.13671875 0.54296875 0.09921875 0.1703125
1 0.09140625 0.51484375 0.0890625 0.14921875
1 0.196875 0.53515625 0.065625 0.14296875
1 0.2484375 0.6484375 0.0484375 0.0890625
1 0.346875 0.65546875 0.05078125 0.0890625
1 0.38515625 0.56328125 0.0828125 0.13515625
1 0.43046875 0.559375 0.08984375 0.15703125
1 0.5 0.28046875 0.0765625 0.14921875
1 0.58828125 0.5578125 0.13359375 0.2296875
1 0.66484375 0.5140625 0.0625 0.13359375
1 0.715625 0.55625 0.06640625 0.1375
1 0.79296875 0.5375 0.12421875 0.2125
1 0.93671875 0.53828125 0.12578125 0.228125