1 0.05625 0.484375 0.1078125 0.15859375
1 0.06015625 0.3640625 0.04921875 0.0796875
1 0.090625 0.32265625 0.021875 0.0421875
1 0.1640625 0.321875 0.03203125 0.0390625
1 0.1953125 0.353125 0.02890625 0.04609375
1 0.221875 0.44140625 0.0578125 0.1125
1 0.2484375 0.36171875 0.03203125 0.06640625
1 0.22734375 0.3734375 0.04296875 0.0671875
1 0.3390625 0.3328125 0.02890625 0.0484375
1 0.25625 0.3234375 0.02265625 0.03515625
1 0.3703125 0.35546875 0.03828125 0.0640625
1 0.42109375 0.3421875 0.03515625 0.0640625
1 0.43046875 0.421875 0.05078125 0.0859375
1 0.4859375 0.4703125 0.11640625 0.13984375
1 0.47265625 0.3734375 0.04140625 0.06484375
1 0.52734375 0.35 0.0328125 0.0546875
1 0.5859375 0.36484375 0.03984375 0.0703125
1 0.62578125 0.33203125 0.02890625 0.0609375
1 0.91640625 0.11171875 0.1 0.19609375