1 0.11640625 0.5546875 0.03984375 0.0796875
1 0.2203125 0.3421875 0.01953125 0.03671875
1 0.25546875 0.34765625 0.0234375 0.04375
1 0.27734375 0.3703125 0.021875 0.046875
1 0.2828125 0.30703125 0.01875 0.03515625
1 0.33046875 0.3609375 0.02421875 0.04765625
1 0.353125 0.32734375 0.01875 0.0375
1 0.35078125 0.296875 0.0171875 0.03359375
1 0.41171875 0.33359375 0.02265625 0.0390625
1 0.44609375 0.33828125 0.02421875 0.0421875
1 0.4234375 0.29296875 0.015625 0.025
1 0.40703125 0.296875 0.02109375 0.03515625
1 0.390625 0.26328125 0.01796875 0.03203125
1 0.42734375 0.2609375 0.01640625 0.02734375
1 0.471875 0.265625 0.01640625 0.03046875
1 0.478125 0.30703125 0.02109375 0.03515625
1 0.50859375 0.325 0.025 0.0453125
1 0.46953125 0.2421875 0.01640625 0.03359375
1 0.515625 0.265625 0.0171875 0.03671875
1 0.52734375 0.27578125 0.015625 0.03671875
1 0.546875 0.29453125 0.01796875 0.0390625
1 0.55 0.2546875 0.01640625 0.03515625
1 0.56328125 0.2265625 0.0140625 0.02890625
1 0.578125 0.22109375 0.0140625 0.02578125
1 0.584375 0.2234375 0.0109375 0.021875
1 0.5921875 0.234375 0.015625 0.02578125
1 0.5890625 0.26484375 0.01796875 0.03515625
1 0.6140625 0.2484375 0.0171875 0.02890625
1 0.61015625 0.2234375 0.01484375 0.025
1 0.609375 0.20546875 0.015625 0.021875
1 0.6390625 0.215625 0.0140625 0.02734375
1 0.65078125 0.22265625 0.0140625 0.02578125
1 0.65390625 0.24609375 0.0140625 0.02734375
1 0.68671875 0.23125 0.01796875 0.02890625
1 0.7 0.22578125 0.01640625 0.03359375
1 0.68515625 0.20859375 0.01484375 0.02734375
1 0.684375 0.2796875 0.02265625 0.0421875
1 0.64765625 0.30546875 0.01953125 0.040625
1 0.6125 0.328125 0.025 0.040625
1 0.6125 0.378125 0.028125 0.05546875
1 0.5453125 0.359375 0.02578125 0.05078125
1 0.55703125 0.41484375 0.03515625 0.059375
1 0.48203125 0.4078125 0.03515625 0.065625
1 0.60546875 0.45703125 0.03515625 0.07109375
1 0.6484375 0.4703125 0.03515625 0.0796875
1 0.66171875 0.37109375 0.03125 0.059375
1 0.703125 0.359375 0.02421875 0.05546875
1 0.73828125 0.403125 0.034375 0.065625
1 0.72109375 0.52890625 0.0390625 0.084375
1 0.83671875 0.515625 0.03828125 0.07109375
1 0.80625 0.43203125 0.0296875 0.065625
1 0.8359375 0.3609375 0.0265625 0.05078125
1 0.88203125 0.3921875 0.03359375 0.0609375
1 0.94921875 0.465625 0.03046875 0.06796875
1 0.7109375 0.30078125 0.01875 0.04375
1 0.72109375 0.2984375 0.0171875 0.03046875
1 0.72109375 0.25078125 0.0171875 0.03359375
1 0.74765625 0.25234375 0.01796875 0.03671875
1 0.76328125 0.24140625 0.0140625 0.03203125
1 0.79140625 0.26171875 0.0140625 0.02890625
1 0.80078125 0.2375 0.01640625 0.03046875
1 0.7984375 0.28359375 0.01953125 0.03515625
1 0.8359375 0.296875 0.01796875 0.0375
1 0.86796875 0.3234375 0.01875 0.0390625
1 0.8953125 0.33671875 0.01953125 0.0453125
1 0.9125 0.3203125 0.01640625 0.03671875
1 0.940625 0.32890625 0.01796875 0.03671875
1 0.9609375 0.359375 0.02265625 0.05234375
1 0.96015625 0.30703125 0.015625 0.0390625
1 0.965625 0.2765625 0.01328125 0.03046875
1 0.9265625 0.2859375 0.015625 0.0390625
1 0.93828125 0.3046875 0.01640625 0.03046875
1 0.90390625 0.25546875 0.0140625 0.03515625
1 0.88203125 0.27421875 0.01796875 0.03359375
1 0.86875 0.275 0.0171875 0.03203125
1 0.86484375 0.253125 0.015625 0.02890625
1 0.8296875 0.24375 0.01875 0.03671875