1 0.01796875 0.434375 0.0234375 0.05390625
1 0.23671875 0.34453125 0.01484375 0.0328125
1 0.26328125 0.3828125 0.02109375 0.04375
1 0.303125 0.37265625 0.01953125 0.0421875
1 0.340625 0.3671875 0.01953125 0.040625
1 0.29375 0.3140625 0.01640625 0.0359375
1 0.36484375 0.2984375 0.01328125 0.028125
1 0.36796875 0.3359375 0.0140625 0.03125
1 0.39375 0.34453125 0.01484375 0.0390625
1 0.4203125 0.3484375 0.0203125 0.0421875
1 0.46171875 0.3546875 0.01640625 0.0390625
1 0.4203125 0.30625 0.0140625 0.03125
1 0.3984375 0.26875 0.0125 0.028125
1 0.415625 0.27578125 0.0125 0.0296875
1 0.4515625 0.27109375 0.01484375 0.0296875
1 0.44609375 0.3171875 0.01875 0.0359375
1 0.4828125 0.309375 0.01328125 0.034375
1 0.5140625 0.3265625 0.01640625 0.0390625
1 0.44140625 0.24296875 0.0125 0.02578125
1 0.484375 0.27109375 0.0140625 0.0265625
1 0.47734375 0.24140625 0.0109375 0.02265625
1 0.4859375 0.23984375 0.0125 0.02421875
1 0.50859375 0.27421875 0.0140625 0.0328125
1 0.5328125 0.28046875 0.01484375 0.03125
1 0.5375 0.25 0.0125 0.0265625
1 0.559375 0.25078125 0.0125 0.028125
1 0.56015625 0.29765625 0.01484375 0.0328125
1 0.5484375 0.36484375 0.021875 0.04609375
1 0.475 0.42109375 0.02421875 0.05234375
1 0.55078125 0.43359375 0.025 0.05234375
1 0.59609375 0.26640625 0.0140625 0.0328125
1 0.5875 0.2546875 0.01171875 0.0265625
1 0.58046875 0.22265625 0.01015625 0.02578125
1 0.59140625 0.2234375 0.0109375 0.02265625
1 0.615625 0.25546875 0.01328125 0.03125
1 0.6203125 0.2265625 0.01171875 0.028125
1 0.625 0.20546875 0.01171875 0.028125
1 0.6421875 0.221875 0.01015625 0.0265625
1 0.65625 0.2265625 0.01171875 0.028125
1 0.66015625 0.253125 0.01328125 0.0296875
1 0.6765625 0.2109375 0.01015625 0.02421875
1 0.69296875 0.23359375 0.0109375 0.0328125
1 0.71796875 0.22421875 0.0109375 0.0265625
1 0.72265625 0.25078125 0.0140625 0.034375
1 0.69453125 0.2671875 0.0125 0.03125
1 0.709375 0.2984375 0.0171875 0.040625
1 0.65 0.30859375 0.01796875 0.0421875
1 0.61328125 0.34765625 0.021875 0.04453125
1 0.7453125 0.2921875 0.0140625 0.0328125
1 0.61328125 0.46484375 0.02734375 0.0671875
1 0.6125 0.409375 0.02421875 0.04921875
1 0.67421875 0.3828125 0.02109375 0.05234375
1 0.66328125 0.35234375 0.01796875 0.040625
1 0.7109375 0.36875 0.01953125 0.04609375
1 0.725 0.4984375 0.03125 0.08671875
1 0.6578125 0.48984375 0.0359375 0.06015625
1 0.796875 0.453125 0.0265625 0.05234375
1 0.73671875 0.42734375 0.021875 0.04609375
1 0.859375 0.540625 0.03125 0.065625
1 0.87109375 0.48046875 0.028125 0.0625
1 0.93125 0.47578125 0.02890625 0.065625
1 0.8859375 0.3828125 0.02109375 0.05234375
1 0.8328125 0.375 0.02109375 0.04921875
1 0.86015625 0.34453125 0.01484375 0.0421875
1 0.86171875 0.3171875 0.01640625 0.0328125
1 0.8390625 0.31875 0.01640625 0.0359375
1 0.79296875 0.3 0.01484375 0.03125
1 0.75859375 0.2640625 0.01640625 0.03125
1 0.7796875 0.27109375 0.01171875 0.0296875
1 0.7859375 0.240625 0.0140625 0.03125
1 0.80859375 0.25625 0.0140625 0.0265625
1 0.79921875 0.24921875 0.01171875 0.028125
1 0.84375 0.27734375 0.01328125 0.03125
1 0.865625 0.25625 0.01328125 0.0296875
1 0.875 0.28515625 0.01328125 0.040625
1 0.8828125 0.271875 0.01015625 0.03125
1 0.89765625 0.26328125 0.0125 0.0359375
1 0.90703125 0.34453125 0.01640625 0.0390625
1 0.91328125 0.31953125 0.0125 0.0375
1 0.91875 0.2859375 0.0125 0.0296875
1 0.93671875 0.33359375 0.0140625 0.0390625
1 0.95 0.3578125 0.01796875 0.04453125
1 0.9609375 0.31484375 0.0125 0.03125
1 0.9609375 0.28515625 0.01171875 0.03125
1 0.940625 0.31328125 0.01484375 0.0375