1 0.0984375 0.4421875 0.034375 0.07890625
1 0.1578125 0.39375 0.0296875 0.06171875
1 0.1875 0.49765625 0.04765625 0.0953125
1 0.13515625 0.3265625 0.02578125 0.0515625
1 0.09140625 0.33203125 0.01953125 0.03828125
1 0.103125 0.32421875 0.02109375 0.046875
1 0.34609375 0.18046875 0.01875 0.03671875
1 0.43046875 0.1640625 0.021875 0.04375
1 0.51328125 0.0640625 0.0140625 0.028125
1 0.653125 0.26640625 0.05546875 0.10234375
1 0.665625 0.10703125 0.01796875 0.046875
1 0.74609375 0.12421875 0.0234375 0.0453125
1 0.79453125 0.25 0.04140625 0.08828125