1 0.10390625 0.69921875 0.07265625 0.1171875
1 0.0296875 0.5640625 0.04921875 0.08203125
1 0.065625 0.52421875 0.03671875 0.0515625
1 0.028125 0.47578125 0.02734375 0.04609375
1 0.1 0.521875 0.03984375 0.0625
1 0.1234375 0.43984375 0.0328125 0.05703125
1 0.18203125 0.49609375 0.03671875 0.0546875
1 0.21171875 0.65390625 0.06328125 0.0984375
1 0.2703125 0.52890625 0.04921875 0.0765625
1 0.2203125 0.3953125 0.02578125 0.03828125
1 0.08671875 0.44453125 0.03125 0.03828125
1 0.25703125 0.4125 0.0234375 0.03515625
1 0.31171875 0.41015625 0.02734375 0.04609375
1 0.32734375 0.39609375 0.02578125 0.04609375
1 0.33359375 0.3828125 0.01640625 0.03515625
1 0.3875 0.4484375 0.02890625 0.0625
1 0.384375 0.4125 0.02734375 0.03515625
1 0.36875 0.4125 0.021875 0.040625
1 0.41875 0.4265625 0.0234375 0.03515625
1 0.4546875 0.45234375 0.02578125 0.03828125
1 0.4734375 0.490625 0.034375 0.0546875
1 0.5421875 0.478125 0.02890625 0.05703125
1 0.33515625 0.54609375 0.05234375 0.08984375
1 0.57265625 0.53984375 0.03984375 0.065625
1 0.565625 0.425 0.0328125 0.0546875
1 0.53203125 0.425 0.0203125 0.02734375
1 0.5125 0.446875 0.02578125 0.0328125
1 0.48671875 0.42265625 0.0234375 0.03828125
1 0.46015625 0.4046875 0.021875 0.03515625
1 0.4265625 0.3921875 0.01640625 0.0328125
1 0.48828125 0.3703125 0.01640625 0.02734375
1 0.53203125 0.39921875 0.01640625 0.02421875
1 0.6078125 0.42265625 0.02734375 0.04375
1 0.61875 0.4671875 0.02734375 0.040625
1 0.64765625 0.428125 0.021875 0.0328125
1 0.6734375 0.40703125 0.0203125 0.040625
1 0.70390625 0.4578125 0.02890625 0.0546875
1 0.684375 0.50703125 0.03828125 0.065625
1 0.73984375 0.4796875 0.03984375 0.065625
1 0.7109375 0.41796875 0.02890625 0.04609375
1 0.79296875 0.42890625 0.02578125 0.040625
1 0.79921875 0.478125 0.03125 0.05703125
1 0.82109375 0.4578125 0.034375 0.0546875