1 0.04296875 0.37109375 0.01953125 0.04140625
1 0.21015625 0.3515625 0.04609375 0.09140625
1 0.26484375 0.2890625 0.02109375 0.03359375
1 0.30546875 0.2578125 0.02265625 0.03984375
1 0.33203125 0.21875 0.01875 0.03828125
1 0.35234375 0.2125 0.01484375 0.03359375
1 0.37265625 0.24453125 0.02109375 0.03671875
1 0.3484375 0.28671875 0.02265625 0.03828125
1 0.33671875 0.253125 0.01796875 0.03828125
1 0.39609375 0.19921875 0.02265625 0.03671875
1 0.41484375 0.17421875 0.01640625 0.03671875
1 0.43046875 0.22265625 0.01953125 0.03671875
1 0.4296875 0.265625 0.025 0.03984375
1 0.45078125 0.1984375 0.01953125 0.03515625
1 0.46875 0.21015625 0.021875 0.04140625
1 0.4609375 0.1765625 0.01953125 0.03515625
1 0.48046875 0.2484375 0.02265625 0.04140625
1 0.49296875 0.20625 0.01875 0.03671875
1 0.484375 0.17109375 0.01484375 0.03984375
1 0.4828125 0.090625 0.01015625 0.021875
1 0.52578125 0.15390625 0.01328125 0.03125
1 0.54375 0.17265625 0.01875 0.0296875
1 0.54765625 0.203125 0.01796875 0.03828125
1 0.54296875 0.13671875 0.0140625 0.03125
1 0.565625 0.15 0.01640625 0.03125
1 0.578125 0.1875 0.02109375 0.0296875
1 0.60859375 0.15859375 0.01484375 0.028125
1 0.62578125 0.10703125 0.01015625 0.028125
1 0.6515625 0.1125 0.0140625 0.03125
1 0.68046875 0.121875 0.0125 0.028125
1 0.690625 0.1 0.0140625 0.0296875
1 0.4984375 0.31328125 0.034375 0.0515625
1 0.57578125 0.246875 0.02578125 0.04453125
1 0.6140625 0.26796875 0.0234375 0.0546875
1 0.6171875 0.3328125 0.0328125 0.06484375
1 0.6875 0.3453125 0.02734375 0.06015625
1 0.66796875 0.29921875 0.02578125 0.05
1 0.62109375 0.21484375 0.01953125 0.04140625
1 0.67109375 0.215625 0.025 0.05
1 0.65546875 0.16796875 0.01953125 0.03671875
1 0.6859375 0.1875 0.02109375 0.03984375
1 0.709375 0.159375 0.01796875 0.03359375
1 0.71953125 0.140625 0.01953125 0.04140625
1 0.7125 0.20859375 0.02578125 0.0484375
1 0.71953125 0.18828125 0.01875 0.04140625
1 0.7546875 0.19453125 0.0171875 0.04296875
1 0.76640625 0.165625 0.01796875 0.03125
1 0.753125 0.128125 0.01640625 0.0296875
1 0.75625 0.10546875 0.0140625 0.025
1 0.76953125 0.134375 0.01953125 0.03984375
1 0.7859375 0.1390625 0.01328125 0.028125
1 0.79375 0.1140625 0.0140625 0.028125
1 0.8125 0.13515625 0.01484375 0.03515625
1 0.8046875 0.1875 0.01875 0.046875
1 0.7609375 0.25078125 0.028125 0.03984375
1 0.75546875 0.28515625 0.025 0.0515625
1 0.790625 0.30546875 0.03125 0.06015625
1 0.83203125 0.16796875 0.0171875 0.03671875
1 0.83671875 0.13046875 0.01875 0.03828125
1 0.8578125 0.196875 0.01875 0.04453125
1 0.878125 0.15 0.01640625 0.03828125
1 0.9015625 0.178125 0.01796875 0.04296875
1 0.9078125 0.1640625 0.01484375 0.0265625
1 0.9078125 0.128125 0.0125 0.0296875
1 0.93984375 0.15859375 0.0125 0.03515625
1 0.94140625 0.203125 0.0171875 0.03515625
1 0.91875 0.203125 0.01328125 0.03828125
1 0.8828125 0.2390625 0.0171875 0.03984375
1 0.93828125 0.27265625 0.021875 0.05