1 0.19296875 0.37421875 0.0984375 0.19453125
1 0.38984375 0.36640625 0.0828125 0.14765625
1 0.54765625 0.33125 0.0828125 0.15859375
1 0.63515625 0.375 0.08515625 0.17421875
1 0.74296875 0.43203125 0.10390625 0.203125
1 0.5375 0.18671875 0.0296875 0.0515625
1 0.5765625 0.16640625 0.02890625 0.06953125
1 0.471875 0.1875 0.0109375 0.03125
1 0.4578125 0.190625 0.01484375 0.03359375
1 0.4328125 0.18046875 0.01875 0.03984375
1 0.39609375 0.1640625 0.02734375 0.0515625
1 0.34609375 0.2703125 0.0328125 0.05390625
1 0.3234375 0.18515625 0.0234375 0.04453125
1 0.2890625 0.1984375 0.025 0.05390625
1 0.2234375 0.171875 0.0515625 0.07578125
1 0.1546875 0.153125 0.0375 0.0734375
1 0.09765625 0.17421875 0.05234375 0.07109375
1 0.0296875 0.20625 0.03125 0.0515625