1 0.0375 0.678125 0.071875 0.15
1 0.11796875 0.68359375 0.10234375 0.16015625
1 0.27109375 0.78828125 0.16015625 0.29296875
1 0.2625 0.65390625 0.096875 0.16484375
1 0.43359375 0.36953125 0.05703125 0.0984375
1 0.465625 0.80390625 0.1203125 0.19140625
1 0.6296875 0.67890625 0.084375 0.13828125
1 0.67578125 0.62578125 0.06875 0.121875
1 0.728125 0.83828125 0.1609375 0.26328125
1 0.81640625 0.7359375 0.1234375 0.2015625
1 0.87421875 0.68359375 0.096875 0.16015625
1 0.79140625 0.42265625 0.08359375 0.13515625