1 0.20859375 0.3515625 0.0375 0.0796875
1 0.278125 0.26640625 0.01796875 0.03125
1 0.3265625 0.28046875 0.0203125 0.0375
1 0.33984375 0.25546875 0.01875 0.0375
1 0.421875 0.28046875 0.01875 0.0421875
1 0.43671875 0.22578125 0.0140625 0.03359375
1 0.41796875 0.21640625 0.01875 0.0359375
1 0.3625 0.2109375 0.01640625 0.03359375
1 0.37890625 0.2 0.0140625 0.02265625
1 0.4171875 0.175 0.01328125 0.02734375
1 0.4578125 0.2140625 0.01640625 0.0359375
1 0.4625 0.1953125 0.015625 0.02734375
1 0.44140625 0.1578125 0.0140625 0.03125
1 0.47734375 0.13359375 0.009375 0.01640625
1 0.48671875 0.1734375 0.0140625 0.025
1 0.46796875 0.1703125 0.0109375 0.02734375
1 0.46015625 0.1578125 0.01328125 0.02265625
1 0.53671875 0.16328125 0.015625 0.025
1 0.52421875 0.203125 0.01640625 0.02890625
1 0.51328125 0.1359375 0.01640625 0.02890625
1 0.55625 0.171875 0.01640625 0.02890625
1 0.571875 0.15546875 0.01328125 0.03125
1 0.5515625 0.12421875 0.01328125 0.02265625
1 0.58203125 0.10546875 0.01171875 0.02265625
1 0.60234375 0.11796875 0.0109375 0.03125
1 0.678125 0.1015625 0.0109375 0.02265625
1 0.47265625 0.3234375 0.025 0.03984375
1 0.54140625 0.30234375 0.02265625 0.05234375
1 0.590625 0.33671875 0.03046875 0.05
1 0.665625 0.33046875 0.03046875 0.0625
1 0.5640625 0.24453125 0.01875 0.04609375
1 0.60078125 0.25546875 0.01875 0.0421875
1 0.609375 0.20703125 0.01640625 0.04609375
1 0.6609375 0.20625 0.02109375 0.04375
1 0.66796875 0.16015625 0.015625 0.0359375
1 0.68125 0.1875 0.01640625 0.0359375
1 0.69609375 0.21640625 0.02265625 0.04375
1 0.69921875 0.14609375 0.01328125 0.025
1 0.72734375 0.12578125 0.01640625 0.02890625
1 0.74453125 0.1140625 0.015625 0.03125
1 0.7390625 0.0671875 0.0140625 0.02890625
1 0.75703125 0.1328125 0.01328125 0.02265625
1 0.74140625 0.15234375 0.01640625 0.025
1 0.73203125 0.16640625 0.0140625 0.02734375
1 0.74296875 0.19375 0.015625 0.0359375
1 0.703125 0.28125 0.02734375 0.05234375
1 0.6515625 0.26484375 0.02109375 0.04375
1 0.7625 0.31484375 0.02578125 0.05234375
1 0.8609375 0.22734375 0.01875 0.04375
1 0.91171875 0.18515625 0.01640625 0.03125
1 0.95703125 0.1765625 0.0203125 0.05234375
1 0.89296875 0.13359375 0.0109375 0.025
1 0.87578125 0.1328125 0.01328125 0.02265625
1 0.86328125 0.13359375 0.015625 0.025
1 0.85390625 0.14296875 0.009375 0.02734375
1 0.846875 0.1546875 0.0140625 0.025
1 0.83671875 0.175 0.01328125 0.02734375
1 0.87265625 0.18203125 0.0140625 0.02890625
1 0.809375 0.1640625 0.0109375 0.02265625
1 0.81640625 0.1359375 0.015625 0.025
1 0.80390625 0.1296875 0.01171875 0.02890625
1 0.79140625 0.14140625 0.01328125 0.02265625
1 0.78984375 0.184375 0.02109375 0.0421875