1 0.1 0.74921875 0.0578125 0.08828125
1 0.14609375 0.7 0.05078125 0.09296875
1 0.15078125 0.80546875 0.06171875 0.096875
1 0.13203125 0.8859375 0.0875 0.1296875
1 0.18203125 0.9578125 0.13359375 0.08125
1 0.26015625 0.7109375 0.0671875 0.1109375
1 0.28671875 0.68359375 0.046875 0.08671875
1 0.340625 0.80234375 0.06328125 0.090625
1 0.39296875 0.4421875 0.04453125 0.090625
1 0.47890625 0.51796875 0.05078125 0.0796875
1 0.51484375 0.5125 0.0484375 0.075
1 0.565625 0.4984375 0.04140625 0.08046875
1 0.65078125 0.4953125 0.05 0.08359375
1 0.66796875 0.48984375 0.034375 0.07421875
1 0.715625 0.49765625 0.046875 0.07734375
1 0.7390625 0.49453125 0.04609375 0.08125
1 0.7625 0.45546875 0.040625 0.078125
1 0.5640625 0.7453125 0.05703125 0.096875
1 0.5421875 0.68828125 0.0546875 0.08984375
1 0.6328125 0.71171875 0.06328125 0.103125
1 0.65 0.66171875 0.0515625 0.0828125
1 0.7171875 0.80234375 0.07421875 0.1171875
1 0.91953125 0.78828125 0.07890625 0.1109375
1 0.87421875 0.71875 0.059375 0.08359375
1 0.846875 0.6609375 0.0546875 0.07734375