1 0.0890625 0.5453125 0.075 0.1140625
1 0.23046875 0.54296875 0.09609375 0.1296875
1 0.15078125 0.43828125 0.0390625 0.05078125
1 0.21171875 0.4484375 0.0484375 0.06015625
1 0.29140625 0.47109375 0.0625 0.1015625
1 0.4296875 0.4875 0.0640625 0.1015625
1 0.40234375 0.63828125 0.1171875 0.19140625
1 0.4984375 0.4421875 0.0421875 0.0734375
1 0.46796875 0.40703125 0.0265625 0.05234375
1 0.41015625 0.403125 0.03515625 0.05625
1 0.4953125 0.39296875 0.0265625 0.04296875
1 0.56875 0.54140625 0.06484375 0.10703125
1 0.60859375 0.4609375 0.0421875 0.0734375
1 0.68125 0.4171875 0.02734375 0.046875
1 0.7 0.484375 0.0421875 0.075
1 0.70546875 0.66875 0.16640625 0.2234375
1 0.77890625 0.56484375 0.0671875 0.11640625
1 0.77421875 0.48125 0.0484375 0.0734375
1 0.8109375 0.45703125 0.03984375 0.0765625
1 0.728125 0.44375 0.04609375 0.0546875
1 0.93984375 0.59296875 0.0953125 0.13515625
1 0.9515625 0.5 0.04140625 0.06953125
1 0.9171875 0.45859375 0.0375 0.06171875
1 0.98984375 0.4671875 0.0203125 0.0484375