1 0.0640625 0.33125 0.03515625 0.04921875
1 0.096875 0.34921875 0.03984375 0.04921875
1 0.1484375 0.3609375 0.03671875 0.05546875
1 0.1859375 0.37578125 0.0453125 0.0578125
1 0.27421875 0.35078125 0.03203125 0.04453125
1 0.30859375 0.35078125 0.03359375 0.04921875
1 0.34609375 0.3234375 0.021875 0.03359375
1 0.37890625 0.35078125 0.03203125 0.04453125
1 0.3890625 0.4125 0.06171875 0.08671875
1 0.453125 0.34921875 0.0265625 0.03984375
1 0.47578125 0.35 0.028125 0.046875
1 0.525 0.32578125 0.0296875 0.046875
1 0.65 0.27421875 0.03671875 0.05078125
1 0.503125 0.4296875 0.0703125 0.1046875
1 0.5828125 0.38671875 0.04140625 0.07109375
1 0.6734375 0.3921875 0.053125 0.078125
1 0.71171875 0.35234375 0.03984375 0.05078125
1 0.76484375 0.37578125 0.03984375 0.0625
1 0.80859375 0.4375 0.06328125 0.10234375
1 0.8953125 0.49140625 0.11640625 0.16015625
1 0.90703125 0.384375 0.06015625 0.084375