1 0.0484375 0.2265625 0.01484375 0.0375
1 0.03671875 0.24453125 0.01796875 0.04296875
1 0.0765625 0.42734375 0.0234375 0.06015625
1 0.0828125 0.49140625 0.01796875 0.05859375
1 0.13359375 0.6046875 0.03359375 0.071875
1 0.20546875 0.4515625 0.0265625 0.0546875
1 0.2421875 0.371875 0.02578125 0.04609375
1 0.246875 0.30234375 0.02265625 0.0484375
1 0.17265625 0.2671875 0.01640625 0.03984375
1 0.1875 0.20859375 0.01953125 0.0359375
1 0.12265625 0.225 0.01796875 0.0484375
1 0.14765625 0.1625 0.0140625 0.0359375
1 0.16640625 0.19140625 0.015625 0.02890625
1 0.215625 0.13515625 0.0140625 0.02578125
1 0.22578125 0.1515625 0.0125 0.02421875
1 0.246875 0.13203125 0.0125 0.03125
1 0.3 0.1640625 0.01484375 0.0328125
1 0.290625 0.2046875 0.015625 0.04140625
1 0.31015625 0.21875 0.0140625 0.04296875
1 0.35078125 0.2140625 0.01796875 0.03984375
1 0.3796875 0.18828125 0.0171875 0.0328125
1 0.36171875 0.09765625 0.01328125 0.03125
1 0.40234375 0.1 0.01484375 0.034375
1 0.4171875 0.0953125 0.0109375 0.02890625
1 0.453125 0.13515625 0.0125 0.0359375
1 0.46640625 0.1265625 0.0125 0.03984375
1 0.4140625 0.17109375 0.01640625 0.03984375
1 0.465625 0.165625 0.015625 0.02890625
1 0.5046875 0.18359375 0.0140625 0.03125
1 0.475 0.21796875 0.01484375 0.0484375
1 0.46640625 0.278125 0.0203125 0.04140625
1 0.5375 0.303125 0.01953125 0.04609375
1 0.5515625 0.48125 0.03046875 0.05859375
1 0.6484375 0.334375 0.01796875 0.05
1 0.6109375 0.24453125 0.0171875 0.0359375
1 0.57421875 0.20859375 0.01484375 0.03984375
1 0.55 0.1796875 0.01484375 0.0359375
1 0.47734375 0.08046875 0.01015625 0.02421875
1 0.49453125 0.11328125 0.01171875 0.02734375
1 0.52890625 0.08125 0.01171875 0.02578125
1 0.565625 0.13828125 0.0125 0.02890625
1 0.575 0.10625 0.01171875 0.02734375
1 0.59140625 0.14375 0.01171875 0.02578125
1 0.61484375 0.11953125 0.01328125 0.02578125
1 0.64296875 0.15390625 0.01328125 0.02890625
1 0.69921875 0.20703125 0.0140625 0.03984375
1 0.7203125 0.22265625 0.0125 0.0328125
1 0.696875 0.25234375 0.01875 0.0484375
1 0.76953125 0.21328125 0.01484375 0.03125
1 0.80703125 0.2421875 0.01640625 0.0375
1 0.84296875 0.278125 0.0125 0.0375
1 0.86328125 0.3140625 0.0171875 0.04140625
1 0.7796875 0.37265625 0.01875 0.0546875
1 0.91796875 0.365625 0.01640625 0.04453125