1 0.1203125 0.3 0.040625 0.08203125
1 0.27265625 0.36953125 0.01875 0.046875
1 0.334375 0.38515625 0.01875 0.0453125
1 0.35859375 0.346875 0.0140625 0.03203125
1 0.3765625 0.3671875 0.01953125 0.0484375
1 0.40859375 0.34609375 0.0140625 0.03671875
1 0.44375 0.34765625 0.01640625 0.04375
1 0.44453125 0.32578125 0.01171875 0.0234375
1 0.48671875 0.3265625 0.01328125 0.0421875
1 0.509375 0.353125 0.0125 0.03046875
1 0.47890625 0.41484375 0.02421875 0.05703125
1 0.55625 0.3796875 0.021875 0.05
1 0.54921875 0.3265625 0.0125 0.03828125
1 0.53515625 0.3109375 0.0140625 0.03984375
1 0.5796875 0.3171875 0.0125 0.03203125
1 0.58984375 0.3421875 0.01640625 0.0421875
1 0.59296875 0.38203125 0.02421875 0.05546875
1 0.64453125 0.334375 0.025 0.05
1 0.65546875 0.31328125 0.01875 0.0421875
1 0.684375 0.36875 0.0296875 0.06484375
1 0.68671875 0.33203125 0.0234375 0.05859375
1 0.684375 0.2890625 0.01328125 0.03359375
1 0.70546875 0.2875 0.0125 0.03046875
1 0.73671875 0.29453125 0.01328125 0.03984375
1 0.7546875 0.33046875 0.02109375 0.0515625
1 0.76953125 0.31171875 0.015625 0.03828125
1 0.753125 0.2875 0.01484375 0.03046875
1 0.79609375 0.30234375 0.01640625 0.03984375
1 0.8203125 0.34140625 0.02734375 0.05
1 0.825 0.31640625 0.01640625 0.03984375
1 0.86171875 0.28359375 0.01875 0.03828125
1 0.90390625 0.3234375 0.0234375 0.0484375
1 0.909375 0.28671875 0.01953125 0.0453125
1 0.90703125 0.26171875 0.01875 0.03515625
1 0.97109375 0.2890625 0.021875 0.046875
1 0.9109375 0.3859375 0.05 0.08046875
1 0.75859375 0.53828125 0.059375 0.15078125
1 0.73515625 0.47109375 0.0421875 0.10546875