1 0.37734375 0.175 0.01640625 0.02734375
1 0.41171875 0.17421875 0.01640625 0.03359375
1 0.41875 0.153125 0.0125 0.0296875
1 0.4375 0.16796875 0.01484375 0.0296875
1 0.45234375 0.16875 0.0140625 0.03125
1 0.459375 0.14453125 0.0140625 0.025
1 0.4734375 0.15390625 0.0125 0.03125
1 0.48203125 0.18125 0.0171875 0.0359375
1 0.48359375 0.14921875 0.0140625 0.03359375
1 0.496875 0.125 0.0125 0.02734375
1 0.5078125 0.140625 0.01484375 0.025
1 0.51953125 0.12578125 0.01171875 0.0296875
1 0.50390625 0.18125 0.0171875 0.0359375
1 0.5421875 0.14765625 0.0140625 0.03125
1 0.5578125 0.115625 0.0125 0.025
1 0.56875 0.14140625 0.01640625 0.03125
1 0.58046875 0.1125 0.01171875 0.03125
1 0.596875 0.1234375 0.01640625 0.03359375
1 0.59765625 0.15625 0.0140625 0.03125
1 0.61171875 0.09921875 0.01171875 0.0234375
1 0.62734375 0.1359375 0.01484375 0.03359375
1 0.653125 0.10390625 0.01015625 0.02734375
1 0.65625 0.12265625 0.01171875 0.0234375
1 0.67109375 0.11328125 0.01484375 0.0296875
1 0.6203125 0.22109375 0.021875 0.04375
1 0.68359375 0.31484375 0.040625 0.0921875
1 0.67265625 0.2234375 0.02109375 0.04375
1 0.67890625 0.19296875 0.01484375 0.0421875
1 0.69296875 0.175 0.01953125 0.04375
1 0.71015625 0.1953125 0.0234375 0.0546875
1 0.6984375 0.23828125 0.0265625 0.0609375
1 0.73203125 0.17578125 0.0140625 0.03359375
1 0.728125 0.1453125 0.0171875 0.02734375
1 0.7265625 0.08515625 0.0125 0.0359375
1 0.70625 0.12265625 0.0140625 0.02734375
1 0.75234375 0.12890625 0.01484375 0.03984375
1 0.76640625 0.13125 0.0125 0.03125
1 0.76953125 0.18359375 0.01484375 0.0359375
1 0.7765625 0.15625 0.0140625 0.03125
1 0.796875 0.1625 0.01484375 0.0359375
1 0.80703125 0.15234375 0.0171875 0.03125
1 0.8203125 0.1375 0.0140625 0.03125
1 0.8265625 0.184375 0.01484375 0.0375
1 0.79609375 0.203125 0.02109375 0.0375
1 0.87421875 0.2671875 0.01875 0.05234375
1 0.8984375 0.20625 0.01640625 0.0359375
1 0.91171875 0.178125 0.01875 0.0421875
1 0.92734375 0.2328125 0.01953125 0.0375
1 0.9328125 0.21171875 0.0171875 0.0296875
1 0.93203125 0.184375 0.01171875 0.0296875
1 0.959375 0.128125 0.01640625 0.03359375