1 0.02890625 0.2625 0.03828125 0.07421875
1 0.12265625 0.384375 0.08515625 0.1515625
1 0.14453125 0.2703125 0.0453125 0.08828125
1 0.1078125 0.21015625 0.0453125 0.0828125
1 0.18984375 0.20859375 0.04296875 0.0796875
1 0.26171875 0.215625 0.03984375 0.065625
1 0.284375 0.17578125 0.028125 0.07109375
1 0.375 0.22578125 0.046875 0.07421875
1 0.4046875 0.29296875 0.05703125 0.10546875
1 0.459375 0.2328125 0.0453125 0.08828125
1 0.41640625 0.1515625 0.03984375 0.0859375
1 0.24140625 0.48125 0.09296875 0.1859375
1 0.41796875 0.4515625 0.06328125 0.12578125
1 0.44609375 0.5296875 0.1015625 0.1796875
1 0.540625 0.703125 0.1953125 0.32578125
1 0.53671875 0.3328125 0.05703125 0.1171875
1 0.5125 0.17421875 0.03828125 0.0859375
1 0.5875 0.1703125 0.0453125 0.07734375
1 0.60390625 0.2375 0.0515625 0.096875
1 0.6578125 0.3625 0.078125 0.1140625
1 0.69921875 0.1796875 0.0484375 0.096875
1 0.79453125 0.23828125 0.06171875 0.1171875
1 0.9328125 0.4328125 0.1015625 0.19140625
1 0.9390625 0.265625 0.06484375 0.10859375
1 0.95703125 0.16875 0.06015625 0.10859375