1 0.084375 0.44765625 0.05859375 0.08984375
1 0.12265625 0.36015625 0.03828125 0.0546875
1 0.00859375 0.27265625 0.01328125 0.03984375
1 0.1765625 0.3875 0.03984375 0.08984375
1 0.17109375 0.31875 0.03203125 0.05234375
1 0.16796875 0.275 0.03359375 0.0453125
1 0.21015625 0.28359375 0.0265625 0.0421875
1 0.23359375 0.40859375 0.05703125 0.1078125
1 0.278125 0.3796875 0.03984375 0.075
1 0.24765625 0.3359375 0.028125 0.04765625
1 0.28984375 0.3234375 0.03359375 0.04765625
1 0.28359375 0.275 0.0296875 0.05
1 0.33515625 0.31875 0.0296875 0.0578125
1 0.35546875 0.3296875 0.03203125 0.06015625
1 0.38203125 0.3296875 0.03359375 0.0546875
1 0.3671875 0.27265625 0.025 0.0453125
1 0.40078125 0.2125 0.028125 0.0453125
1 0.36484375 0.41484375 0.04296875 0.08515625
1 0.39453125 0.39140625 0.03515625 0.0671875
1 0.45234375 0.39140625 0.04140625 0.07265625
1 0.48828125 0.41484375 0.05 0.08984375
1 0.4953125 0.3359375 0.0296875 0.0578125
1 0.46328125 0.3125 0.0296875 0.06015625
1 0.4359375 0.31484375 0.03203125 0.06015625
1 0.45234375 0.22890625 0.028125 0.05234375
1 0.48671875 0.225 0.0234375 0.0453125
1 0.5140625 0.2359375 0.021875 0.04765625
1 0.53359375 0.3203125 0.0296875 0.0546875
1 0.5203125 0.2890625 0.0296875 0.05234375
1 0.56796875 0.23515625 0.0234375 0.03984375
1 0.58984375 0.30859375 0.0296875 0.05234375
1 0.55546875 0.3546875 0.028125 0.06484375
1 0.5828125 0.38984375 0.03515625 0.075
1 0.6359375 0.42265625 0.0515625 0.08984375
1 0.609375 0.25 0.028125 0.0453125
1 0.590625 0.21015625 0.021875 0.03984375
1 0.6390625 0.1921875 0.028125 0.05
1 0.659375 0.24609375 0.028125 0.05234375
1 0.6296875 0.31875 0.0265625 0.0625
1 0.65546875 0.33515625 0.028125 0.06015625
1 0.70078125 0.3765625 0.03828125 0.07734375
1 0.7484375 0.4421875 0.05 0.08984375
1 0.78359375 0.38359375 0.03671875 0.0625
1 0.75546875 0.325 0.03828125 0.0703125
1 0.86171875 0.44375 0.06015625 0.09765625