1 0.03125 0.403125 0.05703125 0.0984375
1 0.140625 0.465625 0.096875 0.1390625
1 0.1859375 0.39921875 0.053125 0.08671875
1 0.0953125 0.26875 0.040625 0.059375
1 0.23125 0.340625 0.0265625 0.03671875
1 0.2703125 0.35 0.03203125 0.0515625
1 0.29921875 0.328125 0.03203125 0.0484375
1 0.2703125 0.4359375 0.07109375 0.1015625
1 0.39453125 0.484375 0.09453125 0.14296875
1 0.35859375 0.365625 0.04140625 0.05703125
1 0.3625 0.3359375 0.03046875 0.03515625
1 0.40078125 0.35 0.0375 0.06640625
1 0.4609375 0.353125 0.05 0.08671875
1 0.5078125 0.353125 0.040625 0.06875
1 0.596875 0.403125 0.0625 0.0984375
1 0.56640625 0.35546875 0.046875 0.07421875
1 0.6609375 0.35390625 0.0390625 0.06328125
1 0.690625 0.4046875 0.05703125 0.08359375
1 0.72421875 0.36484375 0.0375 0.06328125
1 0.7609375 0.36328125 0.0390625 0.0703125
1 0.7671875 0.4390625 0.084375 0.11484375
1 0.846875 0.36953125 0.0359375 0.06875
1 0.88203125 0.41171875 0.0640625 0.09453125
1 0.91640625 0.378125 0.04453125 0.08125