1 0.77421875 0.65 0.11640625 0.2203125
1 0.87265625 0.6234375 0.10390625 0.16328125
1 0.965625 0.62734375 0.06875 0.1546875
1 0.66796875 0.60546875 0.03046875 0.06953125
1 0.640625 0.60625 0.02109375 0.04921875
1 0.6125 0.58671875 0.01640625 0.03515625
1 0.58125 0.57109375 0.0328125 0.06640625
1 0.68203125 0.59921875 0.02265625 0.05546875
1 0.55625 0.63671875 0.05859375 0.115625
1 0.509375 0.58671875 0.04296875 0.08984375
1 0.4828125 0.57421875 0.03046875 0.06171875
1 0.45 0.56875 0.02421875 0.0515625
1 0.44453125 0.64609375 0.0703125 0.1390625
1 0.40234375 0.578125 0.0375 0.0734375
1 0.346875 0.60625 0.05703125 0.1046875
1 0.34140625 0.54921875 0.04140625 0.0765625
1 0.27265625 0.57890625 0.03828125 0.08828125
1 0.21328125 0.55703125 0.028125 0.04921875
1 0.17890625 0.58359375 0.04296875 0.08125
1 0.1046875 0.55859375 0.03203125 0.06875