1 0.075 0.30078125 0.025 0.0484375
1 0.31328125 0.2390625 0.01953125 0.04140625
1 0.34609375 0.1921875 0.01640625 0.03125
1 0.346875 0.2171875 0.01484375 0.0296875
1 0.41328125 0.209375 0.01640625 0.04140625
1 0.44609375 0.21640625 0.01875 0.03828125
1 0.459375 0.18203125 0.015625 0.034375
1 0.4703125 0.2328125 0.01875 0.04296875
1 0.48046875 0.1859375 0.0171875 0.03671875
1 0.496875 0.16171875 0.015625 0.0328125
1 0.515625 0.16875 0.01328125 0.0328125
1 0.52421875 0.13203125 0.009375 0.02578125
1 0.53203125 0.14453125 0.01171875 0.02578125
1 0.540625 0.13203125 0.0109375 0.02578125
1 0.55 0.1890625 0.01640625 0.04296875
1 0.5828125 0.11875 0.01171875 0.02578125
1 0.58359375 0.17890625 0.015625 0.0296875
1 0.5921875 0.15546875 0.01484375 0.02734375
1 0.60078125 0.13125 0.00859375 0.02421875
1 0.61875 0.1125 0.0078125 0.02421875
1 0.628125 0.12265625 0.0109375 0.02109375
1 0.6421875 0.11484375 0.0109375 0.02265625
1 0.63046875 0.15625 0.01484375 0.0296875
1 0.65234375 0.13046875 0.009375 0.01875
1 0.6640625 0.11953125 0.009375 0.02421875
1 0.67578125 0.12421875 0.01171875 0.02421875
1 0.69453125 0.146875 0.01171875 0.02421875
1 0.52421875 0.29140625 0.02109375 0.046875
1 0.5890625 0.23984375 0.02265625 0.04296875
1 0.5921875 0.2890625 0.02109375 0.05546875
1 0.6140625 0.3125 0.0265625 0.0640625
1 0.6265625 0.215625 0.0171875 0.04296875
1 0.6375 0.25625 0.02109375 0.0484375
1 0.66796875 0.225 0.0171875 0.0453125
1 0.66171875 0.27265625 0.02109375 0.046875
1 0.66171875 0.18671875 0.01640625 0.03828125
1 0.66796875 0.34765625 0.028125 0.07578125
1 0.7046875 0.3984375 0.03984375 0.05703125
1 0.70390625 0.20078125 0.01953125 0.04140625
1 0.7171875 0.22421875 0.0203125 0.046875
1 0.73671875 0.1859375 0.01484375 0.03671875
1 0.7796875 0.14609375 0.0125 0.0296875
1 0.77578125 0.19375 0.01640625 0.02734375
1 0.78046875 0.22578125 0.0203125 0.03984375
1 0.790625 0.16953125 0.01484375 0.03828125
1 0.8125 0.20625 0.01328125 0.034375
1 0.82578125 0.1859375 0.01328125 0.0328125
1 0.7984375 0.29609375 0.0203125 0.05546875
1 0.80703125 0.27578125 0.01875 0.04296875
1 0.803125 0.3546875 0.03125 0.0625
1 0.8390625 0.3140625 0.02265625 0.05703125
1 0.84375 0.16015625 0.01171875 0.0328125
1 0.8484375 0.1984375 0.015625 0.03671875
1 0.86484375 0.19375 0.01328125 0.034375
1 0.87734375 0.1609375 0.01328125 0.03125
1 0.85390625 0.23984375 0.0171875 0.03984375
1 0.87578125 0.25625 0.015625 0.0453125
1 0.85859375 0.29140625 0.0203125 0.046875
1 0.88984375 0.2234375 0.015625 0.03828125
1 0.8953125 0.16640625 0.0109375 0.03125
1 0.93125 0.17421875 0.01484375 0.0296875
1 0.9375 0.2078125 0.01484375 0.02734375
1 0.93203125 0.2453125 0.01953125 0.0453125
1 0.92109375 0.28046875 0.01953125 0.0484375
1 0.9 0.27265625 0.0171875 0.04296875
1 0.9078125 0.32109375 0.02421875 0.05390625
1 0.89453125 0.38671875 0.0265625 0.08125
1 0.75234375 0.13828125 0.0109375 0.03125
1 0.75546875 0.1640625 0.01328125 0.034375
1 0.4234375 0.18359375 0.0125 0.03125
1 0.45 0.16796875 0.015625 0.03125
1 0.50234375 0.13046875 0.0109375 0.02265625
1 0.50703125 0.1390625 0.0109375 0.02265625