1 0.1890625 0.26640625 0.02421875 0.040625
1 0.05546875 0.31640625 0.01953125 0.034375
1 0.41875 0.19453125 0.02109375 0.03125
1 0.5109375 0.15234375 0.01640625 0.03125
1 0.59296875 0.134375 0.0140625 0.03125
1 0.49609375 0.18828125 0.01796875 0.02734375
1 0.51953125 0.18671875 0.02109375 0.0375
1 0.47421875 0.228125 0.0234375 0.0421875
1 0.44453125 0.25625 0.028125 0.046875
1 0.50859375 0.28515625 0.02578125 0.0453125
1 0.65859375 0.23984375 0.0234375 0.05390625
1 0.725 0.18671875 0.025 0.040625