1 0.065625 0.396875 0.03671875 0.06875
1 0.2625 0.28359375 0.01875 0.03203125
1 0.28828125 0.2765625 0.0171875 0.03828125
1 0.30234375 0.25859375 0.0171875 0.03828125
1 0.34375 0.284375 0.0171875 0.03984375
1 0.3546875 0.26015625 0.01484375 0.03515625
1 0.321875 0.22265625 0.0140625 0.03046875
1 0.33671875 0.2484375 0.0140625 0.03203125
1 0.35 0.21484375 0.0140625 0.03203125
1 0.4359375 0.278125 0.02734375 0.0484375
1 0.503125 0.2296875 0.02109375 0.03515625
1 0.46875 0.19453125 0.01875 0.028125
1 0.45 0.2265625 0.01875 0.03515625
1 0.42109375 0.22109375 0.01875 0.0265625
1 0.3796875 0.22734375 0.01796875 0.03046875
1 0.3859375 0.203125 0.01796875 0.025
1 0.41328125 0.16796875 0.0125 0.025
1 0.428125 0.18046875 0.01640625 0.0265625
1 0.4578125 0.16875 0.0140625 0.03046875
1 0.45625 0.1421875 0.01328125 0.0203125
1 0.48515625 0.1625 0.01484375 0.0265625
1 0.47890625 0.14921875 0.01015625 0.0203125
1 0.49296875 0.1328125 0.01484375 0.025
1 0.50546875 0.178125 0.0171875 0.028125
1 0.5078125 0.14765625 0.0125 0.021875
1 0.52265625 0.1859375 0.01015625 0.0265625
1 0.553125 0.190625 0.01484375 0.03671875
1 0.5390625 0.17109375 0.0171875 0.03203125
1 0.553125 0.15703125 0.01328125 0.0265625
1 0.53515625 0.13359375 0.0171875 0.03359375
1 0.59140625 0.15390625 0.0171875 0.03359375
1 0.56171875 0.13828125 0.01484375 0.025
1 0.57578125 0.11171875 0.0140625 0.0234375
1 0.63046875 0.14140625 0.0140625 0.025
1 0.59453125 0.1265625 0.01171875 0.021875
1 0.60390625 0.11484375 0.0125 0.021875
1 0.62421875 0.09765625 0.009375 0.01875
1 0.6234375 0.11875 0.01328125 0.0203125
1 0.63984375 0.12265625 0.01171875 0.021875
1 0.64921875 0.103125 0.01015625 0.028125
1 0.6796875 0.12109375 0.01484375 0.028125
1 0.70234375 0.09453125 0.0125 0.028125
1 0.4921875 0.2984375 0.025 0.0484375
1 0.57109375 0.29765625 0.025 0.05
1 0.60703125 0.34296875 0.028125 0.05703125
1 0.67890625 0.353125 0.0234375 0.053125
1 0.57578125 0.2390625 0.0171875 0.03984375
1 0.61328125 0.26640625 0.0234375 0.0421875
1 0.615625 0.21875 0.0171875 0.03984375
1 0.6578125 0.22109375 0.0203125 0.04375
1 0.6578125 0.1765625 0.01640625 0.03515625
1 0.7 0.18359375 0.01328125 0.03359375
1 0.6859375 0.2453125 0.02265625 0.0453125
1 0.71875 0.296875 0.021875 0.0421875
1 0.790625 0.28671875 0.0203125 0.0484375
1 0.696875 0.13984375 0.0140625 0.028125
1 0.715625 0.13359375 0.0140625 0.03359375
1 0.740625 0.15859375 0.01484375 0.03359375
1 0.71328125 0.21328125 0.01875 0.03515625
1 0.76171875 0.2390625 0.02109375 0.05
1 0.7546875 0.18046875 0.01640625 0.03359375
1 0.76640625 0.1625 0.01484375 0.03046875
1 0.75390625 0.14140625 0.01171875 0.03203125
1 0.746875 0.1109375 0.01484375 0.028125
1 0.76171875 0.09921875 0.0140625 0.028125
1 0.7703125 0.1265625 0.0140625 0.028125
1 0.80703125 0.1359375 0.0140625 0.028125
1 0.79921875 0.11875 0.01328125 0.03046875
1 0.821875 0.1234375 0.01328125 0.0234375
1 0.82421875 0.1546875 0.0125 0.028125
1 0.80859375 0.18203125 0.01875 0.03671875
1 0.8765625 0.22421875 0.01796875 0.03984375
1 0.94296875 0.2765625 0.0203125 0.0421875
1 0.88671875 0.1859375 0.01640625 0.03671875
1 0.8609375 0.19140625 0.01640625 0.03828125
1 0.86328125 0.1546875 0.0140625 0.03203125
1 0.8390625 0.13359375 0.01484375 0.0265625
1 0.8796875 0.11953125 0.01484375 0.025
1 0.8796875 0.15234375 0.01015625 0.0234375
1 0.90546875 0.17578125 0.01171875 0.0265625
1 0.90234375 0.16015625 0.01171875 0.0265625
1 0.90703125 0.12734375 0.01171875 0.0234375
1 0.9453125 0.165625 0.0140625 0.03671875
1 0.94140625 0.15390625 0.0125 0.0265625