1 0.5328125 0.39921875 0.03046875 0.04921875
1 0.62890625 0.44453125 0.034375 0.07421875
1 0.59921875 0.209375 0.0140625 0.0328125
1 0.6453125 0.20625 0.0140625 0.02890625
1 0.68203125 0.21875 0.015625 0.02734375
1 0.5875 0.2171875 0.01484375 0.025
1 0.5625 0.22578125 0.01640625 0.04140625
1 0.546875 0.225 0.01484375 0.03125
1 0.62578125 0.21875 0.015625 0.0359375
1 0.61328125 0.21640625 0.0140625 0.0328125
1 0.46015625 0.23125 0.01640625 0.03046875
1 0.42421875 0.2484375 0.01640625 0.02890625
1 0.3890625 0.2640625 0.01953125 0.03828125
1 0.34921875 0.29375 0.02265625 0.034375
1 0.53046875 0.24375 0.015625 0.0359375
1 0.4984375 0.26015625 0.01875 0.03828125
1 0.28671875 0.2953125 0.0171875 0.0359375
1 0.22890625 0.33203125 0.01796875 0.0359375
1 0.01953125 0.41640625 0.02890625 0.053125
1 0.25546875 0.365625 0.02265625 0.03984375
1 0.284375 0.36640625 0.0203125 0.04140625
1 0.33203125 0.34296875 0.0234375 0.0453125
1 0.3609375 0.33828125 0.0203125 0.03828125
1 0.38125 0.32109375 0.01640625 0.03828125
1 0.43828125 0.26640625 0.01875 0.03984375
1 0.42734375 0.36640625 0.02265625 0.046875
1 0.39765625 0.33046875 0.025 0.0421875
1 0.4609375 0.296875 0.01875 0.0359375
1 0.49296875 0.315625 0.025 0.03984375
1 0.4546875 0.4015625 0.03359375 0.04765625
1 0.525 0.3453125 0.0296875 0.05078125
1 0.55078125 0.2828125 0.01484375 0.0359375
1 0.56796875 0.2609375 0.00859375 0.02890625
1 0.61015625 0.2609375 0.0203125 0.03125
1 0.58515625 0.25390625 0.0234375 0.034375
1 0.66171875 0.26640625 0.01875 0.0453125
1 0.69140625 0.25 0.0125 0.02578125
1 0.584375 0.325 0.01953125 0.03671875
1 0.6234375 0.30703125 0.01796875 0.034375
1 0.7234375 0.24375 0.0171875 0.03828125
1 0.7375 0.23125 0.01875 0.03828125
1 0.75703125 0.2359375 0.0125 0.02890625
1 0.771875 0.23984375 0.0109375 0.03671875
1 0.8203125 0.2515625 0.01171875 0.0328125
1 0.8484375 0.24375 0.015625 0.03046875
1 0.79453125 0.26328125 0.015625 0.03671875
1 0.87265625 0.28671875 0.0171875 0.04765625
1 0.709375 0.28046875 0.0171875 0.02734375
1 0.90859375 0.275 0.01640625 0.0328125
1 0.90078125 0.29375 0.01953125 0.034375
1 0.79765625 0.29765625 0.015625 0.03125
1 0.7546875 0.28125 0.0171875 0.0234375
1 0.73515625 0.271875 0.01796875 0.02578125
1 0.584375 0.440625 0.02890625 0.06875
1 0.59765625 0.35625 0.01484375 0.05078125
1 0.6390625 0.3640625 0.02734375 0.06328125
1 0.67265625 0.34765625 0.021875 0.046875
1 0.71796875 0.4 0.0296875 0.05625
1 0.6859375 0.4703125 0.03046875 0.07109375
1 0.76640625 0.415625 0.0265625 0.04921875
1 0.79375 0.36015625 0.0234375 0.06328125
1 0.80234375 0.51171875 0.034375 0.06875
1 0.8265625 0.459375 0.03828125 0.0546875
1 0.83125 0.32890625 0.021875 0.034375
1 0.85546875 0.3359375 0.02890625 0.05859375
1 0.840625 0.36796875 0.02890625 0.0546875
1 0.8890625 0.4515625 0.025 0.0546875
1 0.915625 0.35546875 0.01953125 0.046875
1 0.4 0.296875 0.015625 0.0328125
1 0.46015625 0.265625 0.0234375 0.0328125
1 0.51015625 0.275 0.0171875 0.04140625
1 0.509375 0.24765625 0.01328125 0.021875
1 0.6203125 0.2453125 0.01484375 0.03125
1 0.65625 0.225 0.01328125 0.03125
1 0.834375 0.28125 0.01640625 0.0421875
1 0.859375 0.3046875 0.0140625 0.03984375
1 0.89375 0.32265625 0.01796875 0.04375