1 0.1859375 0.40859375 0.04296875 0.0796875
1 0.278125 0.2578125 0.02109375 0.0296875
1 0.2890625 0.2765625 0.02109375 0.04140625
1 0.35859375 0.2625 0.015625 0.0328125
1 0.3734375 0.2828125 0.01875 0.03671875
1 0.37890625 0.23203125 0.01640625 0.028125
1 0.37109375 0.1984375 0.01640625 0.0328125
1 0.39765625 0.19921875 0.0140625 0.028125
1 0.4046875 0.16171875 0.01484375 0.0265625
1 0.428125 0.1796875 0.01640625 0.03125
1 0.45546875 0.15546875 0.0140625 0.0265625
1 0.471875 0.15859375 0.0140625 0.0265625
1 0.484375 0.171875 0.01640625 0.0265625
1 0.45546875 0.184375 0.01953125 0.034375
1 0.44765625 0.23125 0.01875 0.04296875
1 0.48125 0.23203125 0.02109375 0.04140625
1 0.5078125 0.17734375 0.01796875 0.034375
1 0.5171875 0.20234375 0.01796875 0.034375
1 0.51640625 0.1546875 0.01484375 0.025
1 0.5171875 0.12578125 0.0125 0.0265625
1 0.53671875 0.13203125 0.01484375 0.0234375
1 0.55625 0.1265625 0.01328125 0.025
1 0.56953125 0.1328125 0.0140625 0.025
1 0.56328125 0.18203125 0.015625 0.0296875
1 0.55625 0.1671875 0.01328125 0.0234375
1 0.58984375 0.1328125 0.0140625 0.03125
1 0.6 0.0984375 0.0109375 0.025
1 0.621875 0.10546875 0.01015625 0.01953125
1 0.6328125 0.1078125 0.0109375 0.01953125
1 0.61171875 0.134375 0.0140625 0.025
1 0.64921875 0.11640625 0.01328125 0.021875
1 0.6484375 0.1390625 0.01484375 0.0265625
1 0.6796875 0.1078125 0.0125 0.0265625
1 0.703125 0.103125 0.0125 0.025
1 0.68828125 0.153125 0.01484375 0.025
1 0.665625 0.175 0.01796875 0.0296875
1 0.62421875 0.2078125 0.01640625 0.034375
1 0.61328125 0.1609375 0.01796875 0.025
1 0.571875 0.16328125 0.01484375 0.0234375
1 0.62890625 0.2484375 0.0203125 0.03828125
1 0.5578125 0.2578125 0.01875 0.03671875
1 0.5046875 0.3 0.028125 0.0546875
1 0.54453125 0.32265625 0.025 0.04296875
1 0.621875 0.321875 0.02890625 0.0515625
1 0.67421875 0.21484375 0.02109375 0.03984375
1 0.70078125 0.18515625 0.02109375 0.03984375
1 0.72890625 0.16484375 0.01484375 0.028125
1 0.73125 0.12265625 0.015625 0.0296875
1 0.74609375 0.1328125 0.0140625 0.03125
1 0.77109375 0.1296875 0.0125 0.025
1 0.78984375 0.1421875 0.0140625 0.0296875
1 0.7296875 0.1984375 0.02109375 0.03984375
1 0.70703125 0.240625 0.0203125 0.03828125
1 0.6875 0.34609375 0.0296875 0.0578125
1 0.71953125 0.26953125 0.02109375 0.04609375
1 0.7609375 0.2171875 0.01953125 0.04140625
1 0.77734375 0.2046875 0.01796875 0.04296875
1 0.81796875 0.153125 0.015625 0.03125
1 0.83828125 0.13828125 0.015625 0.03125
1 0.86953125 0.11875 0.0109375 0.0265625
1 0.8640625 0.146875 0.0140625 0.0265625
1 0.85625 0.171875 0.01875 0.03984375
1 0.83203125 0.196875 0.0203125 0.04609375
1 0.815625 0.25859375 0.02265625 0.04765625
1 0.7796875 0.28515625 0.025 0.0546875
1 0.7453125 0.3828125 0.0296875 0.07109375
1 0.80703125 0.41171875 0.03046875 0.0625
1 0.89609375 0.35234375 0.02890625 0.053125
1 0.8484375 0.3046875 0.025 0.0546875
1 0.86875 0.2484375 0.01953125 0.03828125
1 0.88046875 0.2078125 0.01796875 0.034375
1 0.925 0.26796875 0.01875 0.03984375
1 0.92421875 0.21640625 0.0140625 0.04609375
1 0.89765625 0.17421875 0.01796875 0.03125
1 0.93203125 0.15859375 0.01328125 0.0265625