1 0.50078125 0.37421875 0.028125 0.05078125
1 0.05625 0.89921875 0.109375 0.178125
1 0.12265625 0.61328125 0.06796875 0.0765625
1 0.19921875 0.62890625 0.06640625 0.090625
1 0.27109375 0.59921875 0.046875 0.06484375
1 0.3390625 0.6546875 0.06640625 0.08515625
1 0.43125 0.68984375 0.08125 0.12734375
1 0.48515625 0.6234375 0.06015625 0.090625
1 0.57890625 0.55703125 0.04140625 0.0765625
1 0.62265625 0.6375 0.053125 0.0734375
1 0.65625 0.55078125 0.0375 0.07109375
1 0.69375 0.60234375 0.0359375 0.05390625
1 0.76484375 0.53671875 0.046875 0.07109375
1 0.83359375 0.54140625 0.03359375 0.0625
1 0.92421875 0.559375 0.0453125 0.0875
1 0.97421875 0.55546875 0.03984375 0.05703125
1 0.9796875 0.60703125 0.040625 0.0703125
1 0.965625 0.6640625 0.06875 0.09375
1 0.859375 0.70234375 0.0890625 0.153125
1 0.79609375 0.78203125 0.146875 0.20390625
1 0.7765625 0.63984375 0.0625 0.09609375
1 0.7109375 0.55546875 0.03359375 0.05703125
1 0.6875 0.53984375 0.02421875 0.0421875
1 0.43359375 0.51953125 0.03359375 0.05390625
1 0.38125 0.54375 0.0375 0.05703125
1 0.3984375 0.58203125 0.04140625 0.059375
1 0.28359375 0.55703125 0.03203125 0.059375
1 0.253125 0.52421875 0.03046875 0.0453125
1 0.31015625 0.52421875 0.028125 0.0453125
1 0.1546875 0.56640625 0.04921875 0.0625
1 0.18515625 0.54140625 0.03046875 0.05703125
1 0.14609375 0.515625 0.02421875 0.0453125
1 0.11640625 0.55078125 0.03203125 0.05390625
1 0.121875 0.5328125 0.028125 0.03984375
1 0.06484375 0.52578125 0.03203125 0.0484375