1 0.08984375 0.571875 0.10625 0.159375
1 0.16171875 0.45390625 0.09140625 0.1515625
1 0.2703125 0.2984375 0.06640625 0.11484375
1 0.39296875 0.2484375 0.04453125 0.07421875
1 0.46875 0.5296875 0.09375 0.16328125
1 0.4890625 0.47578125 0.07421875 0.1296875
1 0.5046875 0.3984375 0.0765625 0.1296875
1 0.628125 0.35546875 0.05703125 0.10390625
1 0.6453125 0.63515625 0.140625 0.2484375
1 0.77578125 0.8421875 0.2390625 0.315625
1 0.70703125 0.34453125 0.0421875 0.07421875
1 0.7546875 0.3203125 0.03671875 0.0703125
1 0.7875 0.359375 0.03984375 0.07421875
1 0.8359375 0.34453125 0.05703125 0.09609375
1 0.84453125 0.4015625 0.059375 0.08515625
1 0.94296875 0.428125 0.0890625 0.13671875