1 0.1875 0.57578125 0.09921875 0.134375
1 0.23984375 0.6203125 0.10234375 0.1265625
1 0.346875 0.49609375 0.0625 0.09375
1 0.43984375 0.4046875 0.07109375 0.10078125
1 0.246875 0.425 0.0375 0.05078125
1 0.23046875 0.37578125 0.02578125 0.0375
1 0.18671875 0.35625 0.034375 0.05078125
1 0.1609375 0.35703125 0.02265625 0.040625
1 0.14140625 0.359375 0.028125 0.03203125
1 0.05703125 0.36171875 0.04765625 0.05546875
1 0.61015625 0.6453125 0.096875 0.1578125
1 0.8109375 0.609375 0.1109375 0.18125
1 0.7453125 0.52890625 0.06328125 0.0921875
1 0.5859375 0.4921875 0.05625 0.09296875
1 0.52109375 0.36640625 0.0390625 0.06640625
1 0.490625 0.359375 0.02578125 0.04375
1 0.540625 0.3671875 0.025 0.04765625
1 0.60625 0.37578125 0.034375 0.05859375
1 0.64375 0.38046875 0.02421875 0.04609375
1 0.67421875 0.35078125 0.03046875 0.06015625
1 0.725 0.359375 0.04140625 0.06171875