1 0.05078125 0.4 0.0234375 0.05390625
1 0.26328125 0.2578125 0.01484375 0.03203125
1 0.275 0.271875 0.01640625 0.03203125
1 0.3140625 0.2453125 0.01640625 0.03359375
1 0.32890625 0.21953125 0.015625 0.03359375
1 0.35625 0.228125 0.01640625 0.028125
1 0.35703125 0.29375 0.01875 0.0359375
1 0.38203125 0.3046875 0.02421875 0.04140625
1 0.38203125 0.1875 0.01328125 0.02578125
1 0.3921875 0.21796875 0.015625 0.03203125
1 0.4 0.203125 0.015625 0.02578125
1 0.40546875 0.18125 0.01484375 0.02578125
1 0.44453125 0.19453125 0.015625 0.03203125
1 0.45 0.2140625 0.01640625 0.0359375
1 0.46953125 0.228125 0.01640625 0.03984375
1 0.4578125 0.15390625 0.01328125 0.02578125
1 0.4796875 0.1921875 0.01640625 0.03203125
1 0.471875 0.1765625 0.015625 0.03203125
1 0.5 0.13515625 0.01015625 0.01953125
1 0.5046875 0.1609375 0.0109375 0.0234375
1 0.5140625 0.18828125 0.015625 0.03203125
1 0.5203125 0.2203125 0.01875 0.03984375
1 0.5296875 0.1609375 0.01328125 0.028125
1 0.54609375 0.159375 0.01484375 0.0296875
1 0.56328125 0.15390625 0.0109375 0.021875
1 0.56484375 0.12265625 0.0125 0.028125
1 0.590625 0.13984375 0.01328125 0.02578125
1 0.6125 0.1203125 0.01015625 0.021875
1 0.615625 0.14453125 0.01484375 0.028125
1 0.6375 0.14453125 0.015625 0.03203125
1 0.6453125 0.12265625 0.0125 0.0234375
1 0.67109375 0.12109375 0.01328125 0.0234375
1 0.58125 0.17265625 0.01484375 0.028125
1 0.5734375 0.21796875 0.01875 0.04765625
1 0.60625 0.20625 0.01875 0.0359375
1 0.615625 0.2421875 0.02578125 0.0515625
1 0.5703125 0.30234375 0.0234375 0.05390625
1 0.49609375 0.29765625 0.0265625 0.04765625
1 0.60859375 0.32265625 0.03125 0.0578125
1 0.65546875 0.2875 0.02421875 0.0515625
1 0.6515625 0.2125 0.01875 0.04375
1 0.65234375 0.18359375 0.01640625 0.0296875
1 0.6921875 0.153125 0.01328125 0.0234375
1 0.70546875 0.15078125 0.0125 0.028125
1 0.715625 0.16953125 0.015625 0.0296875
1 0.69453125 0.17734375 0.01796875 0.04140625
1 0.725 0.1203125 0.0125 0.02578125
1 0.7453125 0.1390625 0.01484375 0.03203125
1 0.75859375 0.13125 0.01484375 0.028125
1 0.7609375 0.1625 0.01640625 0.03984375
1 0.78125 0.16484375 0.01640625 0.03203125
1 0.7765625 0.14375 0.0125 0.0296875
1 0.76328125 0.2140625 0.0203125 0.03984375
1 0.7296875 0.20234375 0.01640625 0.03203125
1 0.7265625 0.23125 0.01875 0.0375
1 0.75390625 0.2390625 0.01796875 0.04140625
1 0.69765625 0.28984375 0.02109375 0.04765625
1 0.7578125 0.28671875 0.02109375 0.04921875
1 0.8390625 0.32421875 0.0234375 0.05390625
1 0.8546875 0.2359375 0.02109375 0.04375
1 0.91328125 0.25625 0.02109375 0.04765625
1 0.9015625 0.23203125 0.01796875 0.03203125
1 0.884375 0.2046875 0.01640625 0.03984375
1 0.8765625 0.16875 0.01484375 0.028125
1 0.88828125 0.16484375 0.015625 0.03203125
1 0.853125 0.16796875 0.015625 0.0296875
1 0.8359375 0.18515625 0.015625 0.0375
1 0.82109375 0.2109375 0.01875 0.0375
1 0.83203125 0.15859375 0.015625 0.028125