0 0.3 0.47265625 0.01953125 0.03046875
0 0.265625 0.50234375 0.0234375 0.0390625
0 0.178125 0.35390625 0.0265625 0.0359375
0 0.19609375 0.27109375 0.0203125 0.0375
0 0.2546875 0.41875 0.02421875 0.0390625
0 0.24765625 0.37890625 0.021875 0.0296875
0 0.41484375 0.5875 0.021875 0.03515625
0 0.8078125 0.37265625 0.01875 0.025
0 0.81171875 0.3203125 0.0203125 0.02578125
0 0.75859375 0.28671875 0.01875 0.025
0 0.86875 0.659375 0.02265625 0.028125
0 0.51953125 0.64765625 0.0203125 0.03203125
0 0.15 0.21640625 0.021875 0.03359375
0 0.17109375 0.1828125 0.021875 0.0296875
0 0.1578125 0.15546875 0.0203125 0.0265625
0 0.1359375 0.1203125 0.0203125 0.034375
0 0.12734375 0.0984375 0.01796875 0.02421875
0 0.60703125 0.1828125 0.0140625 0.0234375
0 0.49921875 0.49296875 0.0171875 0.02890625
1 0.44453125 0.321875 0.01171875 0.02109375
1 0.4328125 0.3640625 0.0171875 0.02578125
1 0.46171875 0.378125 0.0125 0.0234375
1 0.46875 0.4046875 0.0140625 0.021875
1 0.41875 0.4359375 0.015625 0.021875
1 0.409375 0.40390625 0.0140625 0.021875