1 0.31171875 0.584375 0.03984375 0.04453125
1 0.390625 0.56640625 0.034375 0.05546875
1 0.40703125 0.50859375 0.0296875 0.05
1 0.42265625 0.575 0.02421875 0.04296875
1 0.4484375 0.57890625 0.028125 0.0515625
1 0.48359375 0.56015625 0.0203125 0.0359375
1 0.49921875 0.55390625 0.01484375 0.03359375
1 0.5375 0.5375 0.034375 0.05703125
1 0.546875 0.56484375 0.02421875 0.0515625
1 0.56328125 0.56171875 0.02265625 0.0375
1 0.57265625 0.55859375 0.0203125 0.028125
1 0.60703125 0.55703125 0.0265625 0.04609375
1 0.66015625 0.56328125 0.0265625 0.0375
1 0.684375 0.553125 0.034375 0.04609375
1 0.7203125 0.56640625 0.025 0.04453125
1 0.765625 0.5640625 0.0171875 0.03203125
1 0.79375 0.5625 0.02265625 0.03203125
1 0.834375 0.56796875 0.025 0.04296875
1 0.85390625 0.57578125 0.025 0.05546875
1 0.8765625 0.57578125 0.028125 0.0515625
1 0.878125 0.55234375 0.02265625 0.03046875
1 0.92734375 0.596875 0.04375 0.065625
1 0.965625 0.60859375 0.0546875 0.0640625
1 0.91328125 0.54453125 0.02421875 0.03203125
1 0.9375 0.5453125 0.02109375 0.03046875