1 0.103125 0.3796875 0.03046875 0.05234375
1 0.0625 0.75234375 0.06953125 0.13984375
1 0.1203125 0.696875 0.05859375 0.11015625
1 0.1171875 0.565625 0.03203125 0.0640625
1 0.15 0.6078125 0.04140625 0.071875
1 0.2546875 0.5359375 0.034375 0.05625
1 0.27734375 0.771875 0.06640625 0.10390625
1 0.15234375 0.83984375 0.07734375 0.14375
1 0.27265625 0.9046875 0.084375 0.165625
1 0.4203125 0.90703125 0.06015625 0.11796875
1 0.434375 0.8078125 0.05078125 0.08828125
1 0.5375 0.88203125 0.0640625 0.11171875
1 0.409375 0.6859375 0.03984375 0.0640625
1 0.30703125 0.6359375 0.03359375 0.06015625
1 0.25703125 0.69921875 0.053125 0.065625
1 0.33203125 0.559375 0.034375 0.05390625
1 0.36171875 0.5296875 0.028125 0.03984375
1 0.44765625 0.60625 0.04375 0.05234375
1 0.453125 0.5421875 0.03203125 0.04765625
1 0.45625 0.51015625 0.02109375 0.0359375
1 0.509375 0.621875 0.03984375 0.0640625
1 0.5546875 0.5921875 0.0375 0.06015625
1 0.58984375 0.7328125 0.04375 0.08203125
1 0.53515625 0.5203125 0.03828125 0.0640625
1 0.5484375 0.4890625 0.03359375 0.05390625
1 0.56640625 0.4203125 0.02421875 0.0359375
1 0.6390625 0.38125 0.025 0.04609375
1 0.6265625 0.51328125 0.0265625 0.04609375
1 0.64609375 0.596875 0.03828125 0.06171875
1 0.65703125 0.55625 0.0265625 0.05625
1 0.72109375 0.69296875 0.04296875 0.08203125
1 0.71484375 0.7796875 0.05859375 0.11171875
1 0.74296875 0.5578125 0.0375 0.05625
1 0.746875 0.5171875 0.034375 0.05390625
1 0.8296875 0.54296875 0.03828125 0.06171875
1 0.83203125 0.659375 0.04765625 0.08203125
1 0.84609375 0.74765625 0.05703125 0.084375
1 0.978125 0.70625 0.04375 0.078125