1 0.1421875 0.2671875 0.021875 0.0421875
1 0.41015625 0.21875 0.021875 0.0359375
1 0.62578125 0.13671875 0.015625 0.0328125
1 0.64921875 0.128125 0.0203125 0.02421875
1 0.63984375 0.1609375 0.02421875 0.02734375
1 0.75234375 0.1453125 0.015625 0.02578125
1 0.76796875 0.159375 0.015625 0.0375
1 0.90078125 0.23359375 0.01953125 0.0359375
1 0.890625 0.25390625 0.01953125 0.04375
1 0.91953125 0.26015625 0.01875 0.04765625
1 0.8203125 0.2640625 0.02109375 0.0453125
1 0.5703125 0.25703125 0.0234375 0.05078125