1 0.10546875 0.57578125 0.0453125 0.08671875
1 0.1921875 0.35546875 0.02109375 0.0421875
1 0.22578125 0.3734375 0.02109375 0.05
1 0.2703125 0.3703125 0.0234375 0.05
1 0.29296875 0.40703125 0.02421875 0.0453125
1 0.2578125 0.3234375 0.01953125 0.0375
1 0.29375 0.340625 0.02265625 0.04375
1 0.321875 0.35390625 0.025 0.0421875
1 0.3296875 0.30703125 0.01875 0.0359375
1 0.3640625 0.3453125 0.0203125 0.04375
1 0.390625 0.34609375 0.01953125 0.0359375
1 0.37109375 0.26953125 0.01875 0.0390625
1 0.3859375 0.28203125 0.01640625 0.0296875
1 0.38515625 0.31171875 0.01875 0.0359375
1 0.4125 0.2578125 0.01328125 0.03125
1 0.42734375 0.2625 0.01875 0.034375
1 0.41875 0.31640625 0.01875 0.0359375
1 0.45234375 0.32578125 0.02265625 0.0421875
1 0.4453125 0.28125 0.01875 0.0375
1 0.4484375 0.25 0.01484375 0.0296875
1 0.453125 0.2375 0.01484375 0.0296875
1 0.5078125 0.2796875 0.01796875 0.034375
1 0.49453125 0.27421875 0.01484375 0.0328125
1 0.490625 0.33046875 0.0203125 0.0390625
1 0.50703125 0.24765625 0.0140625 0.03125
1 0.54609375 0.278125 0.02109375 0.040625
1 0.54375 0.24453125 0.01796875 0.03125
1 0.55859375 0.21640625 0.0140625 0.025
1 0.5734375 0.21640625 0.01796875 0.03125
1 0.56796875 0.24921875 0.01875 0.0375
1 0.5953125 0.253125 0.01640625 0.03125
1 0.6 0.2265625 0.01484375 0.0328125
1 0.609375 0.20625 0.01484375 0.0328125
1 0.62734375 0.21484375 0.01484375 0.034375
1 0.63984375 0.22265625 0.0171875 0.034375
1 0.64609375 0.25625 0.01640625 0.0375
1 0.6703125 0.20859375 0.01171875 0.028125
1 0.68125 0.22890625 0.01640625 0.034375
1 0.6875 0.21640625 0.01640625 0.03125
1 0.59375 0.34609375 0.025 0.0515625
1 0.5875 0.40546875 0.0296875 0.0609375
1 0.53046875 0.43515625 0.03203125 0.065625
1 0.52265625 0.3953125 0.0265625 0.05
1 0.4578125 0.42265625 0.0328125 0.08125
1 0.4328125 0.36328125 0.025 0.0421875
1 0.5765625 0.48359375 0.03671875 0.078125
1 0.6375 0.50390625 0.04453125 0.08671875
1 0.70703125 0.5515625 0.04296875 0.0828125
1 0.67421875 0.3765625 0.0296875 0.0625
1 0.6984375 0.37265625 0.025 0.0578125
1 0.64296875 0.3625 0.02421875 0.053125
1 0.63671875 0.3140625 0.0203125 0.046875
1 0.6734375 0.28203125 0.02265625 0.0421875
1 0.7125 0.26328125 0.01796875 0.0328125
1 0.71953125 0.3046875 0.01953125 0.046875
1 0.6859375 0.325 0.02421875 0.046875
1 0.75234375 0.25546875 0.02109375 0.0453125
1 0.7765625 0.25859375 0.01640625 0.0328125
1 0.78359375 0.28671875 0.01640625 0.0484375
1 0.7296875 0.428125 0.02890625 0.0671875
1 0.78984375 0.45390625 0.03046875 0.06875
1 0.8390625 0.5328125 0.03671875 0.0796875
1 0.86953125 0.4828125 0.0328125 0.0734375
1 0.94140625 0.5078125 0.0359375 0.0796875
1 0.86015625 0.40859375 0.03125 0.0640625
1 0.828125 0.37265625 0.02578125 0.0515625
1 0.8421875 0.353125 0.0234375 0.05
1 0.82109375 0.2953125 0.0234375 0.040625
1 0.79375 0.2703125 0.01484375 0.03125
1 0.796875 0.234375 0.01640625 0.0359375
1 0.82734375 0.24453125 0.01796875 0.0375
1 0.83828125 0.271875 0.01875 0.04375
1 0.8609375 0.25625 0.01640625 0.034375
1 0.86875 0.28203125 0.0171875 0.0359375
1 0.88046875 0.2671875 0.0171875 0.034375
1 0.903125 0.26171875 0.0140625 0.0390625
1 0.87421875 0.33671875 0.02265625 0.0453125
1 0.89375 0.34609375 0.01875 0.0484375
1 0.9125 0.3453125 0.01875 0.05
1 0.9203125 0.28125 0.01640625 0.05
1 0.9625 0.36015625 0.02109375 0.0515625
1 0.96484375 0.31484375 0.0171875 0.0359375
1 0.96640625 0.2890625 0.01640625 0.034375