1 0.096875 0.6015625 0.0734375 0.0765625
1 0.06015625 0.5515625 0.046875 0.05703125
1 0.3 0.6296875 0.06640625 0.0796875
1 0.2984375 0.56640625 0.05703125 0.06015625
1 0.36796875 0.5296875 0.03671875 0.03984375
1 0.43203125 0.58203125 0.06328125 0.0765625
1 0.49140625 0.56328125 0.04296875 0.06015625
1 0.58359375 0.571875 0.046875 0.05
1 0.70703125 0.55859375 0.06015625 0.05703125
1 0.58828125 0.54296875 0.03671875 0.053125
1 0.36171875 0.83671875 0.1703125 0.1796875
1 0.8234375 0.89453125 0.2 0.2109375
1 0.81640625 0.6265625 0.0734375 0.0796875
1 0.89296875 0.571875 0.06015625 0.0765625
1 0.928125 0.63515625 0.0765625 0.08984375
1 0.96640625 0.6765625 0.06640625 0.13359375