1 0.040625 0.4046875 0.0375 0.075
1 0.26171875 0.28984375 0.021875 0.03828125
1 0.28359375 0.278125 0.01953125 0.04453125
1 0.303125 0.26171875 0.0171875 0.04453125
1 0.32578125 0.26796875 0.0203125 0.04140625
1 0.34453125 0.28671875 0.02265625 0.03828125
1 0.3984375 0.31015625 0.025 0.0515625
1 0.3265625 0.22578125 0.0171875 0.03671875
1 0.34609375 0.2203125 0.015625 0.04140625
1 0.3546875 0.24609375 0.01953125 0.03984375
1 0.3734375 0.23359375 0.0171875 0.03515625
1 0.4203125 0.2265625 0.01796875 0.04140625
1 0.45234375 0.2265625 0.02265625 0.04140625
1 0.40859375 0.18125 0.015625 0.03359375
1 0.428125 0.18515625 0.0171875 0.03515625
1 0.4640625 0.19921875 0.01796875 0.03671875
1 0.45859375 0.16953125 0.0140625 0.0234375
1 0.49921875 0.23828125 0.021875 0.0484375
1 0.4828125 0.1703125 0.01484375 0.03125
1 0.47265625 0.15078125 0.01328125 0.0296875
1 0.45234375 0.1453125 0.0125 0.028125
1 0.48828125 0.140625 0.015625 0.028125
1 0.528125 0.14296875 0.01875 0.03359375
1 0.53359375 0.178125 0.01953125 0.03359375
1 0.5421875 0.2046875 0.0203125 0.03984375
1 0.57265625 0.16796875 0.0203125 0.03671875
1 0.58359375 0.15625 0.01328125 0.0296875
1 0.559375 0.146875 0.0140625 0.028125
1 0.55234375 0.13671875 0.0140625 0.028125
1 0.56953125 0.11953125 0.0125 0.0265625
1 0.5890625 0.13515625 0.01328125 0.025
1 0.6234375 0.146875 0.01796875 0.03828125
1 0.6328125 0.1328125 0.015625 0.0265625
1 0.640625 0.1078125 0.0140625 0.03359375
1 0.61953125 0.10859375 0.01328125 0.03125
1 0.5984375 0.10703125 0.01484375 0.03515625
1 0.67265625 0.12890625 0.01484375 0.03515625
1 0.68984375 0.10625 0.015625 0.03359375
1 0.68671875 0.14453125 0.01484375 0.03359375
1 0.7109375 0.14140625 0.015625 0.03671875
1 0.646875 0.17890625 0.01875 0.04453125
1 0.62578125 0.19609375 0.01875 0.04296875
1 0.6046875 0.25859375 0.02734375 0.0515625
1 0.565625 0.240625 0.02265625 0.046875
1 0.5625 0.30234375 0.0265625 0.05625
1 0.48984375 0.3078125 0.03125 0.06171875
1 0.60546875 0.33203125 0.0296875 0.06015625
1 0.67734375 0.3453125 0.03828125 0.0734375
1 0.678125 0.24765625 0.02421875 0.05
1 0.7109375 0.2953125 0.02890625 0.06015625
1 0.66875 0.2140625 0.0203125 0.05
1 0.69296875 0.22265625 0.0203125 0.053125
1 0.6953125 0.18671875 0.01875 0.04140625
1 0.7328125 0.15859375 0.01484375 0.03828125
1 0.7421875 0.20625 0.0203125 0.05
1 0.76015625 0.2359375 0.02265625 0.046875
1 0.771875 0.28671875 0.0265625 0.0546875
1 0.7984375 0.178125 0.01796875 0.05
1 0.75546875 0.159375 0.01875 0.04296875
1 0.74140625 0.13203125 0.01796875 0.03515625
1 0.74765625 0.11640625 0.01953125 0.03671875
1 0.76875 0.1359375 0.01484375 0.03984375
1 0.79296875 0.1296875 0.01484375 0.03984375
1 0.8125 0.140625 0.01484375 0.028125
1 0.821875 0.17109375 0.0140625 0.0296875
1 0.8296875 0.13515625 0.0171875 0.04140625
1 0.853125 0.1609375 0.01953125 0.04296875
1 0.85234375 0.19765625 0.0203125 0.04296875
1 0.875 0.23203125 0.021875 0.0484375
1 0.875 0.20078125 0.01953125 0.03984375
1 0.8671875 0.1578125 0.015625 0.03359375
1 0.87109375 0.13046875 0.01796875 0.03828125
1 0.89765625 0.1359375 0.0140625 0.03359375
1 0.89453125 0.1734375 0.01953125 0.04140625
1 0.934375 0.171875 0.0140625 0.03515625
1 0.9328125 0.28125 0.0234375 0.0546875