1 0.08515625 0.81015625 0.0859375 0.15703125
1 0.03203125 0.73125 0.06015625 0.1296875
1 0.07890625 0.6546875 0.0578125 0.1171875
1 0.12578125 0.66953125 0.07578125 0.1234375
1 0.13828125 0.59296875 0.05234375 0.07421875
1 0.0671875 0.57734375 0.05 0.07421875
1 0.05 0.45859375 0.0359375 0.06484375
1 0.14765625 0.525 0.03984375 0.06171875
1 0.25390625 0.6359375 0.0640625 0.1046875
1 0.215625 0.6359375 0.05234375 0.1109375
1 0.23671875 0.721875 0.08203125 0.1234375
1 0.26796875 0.9046875 0.10390625 0.16640625
1 0.36328125 0.79921875 0.08203125 0.1421875
1 0.3890625 0.3953125 0.065625 0.1234375
1 0.4921875 0.41015625 0.0359375 0.08046875
1 0.503125 0.596875 0.0421875 0.0953125
1 0.540625 0.58359375 0.0421875 0.09296875
1 0.5828125 0.54921875 0.034375 0.06796875
1 0.61328125 0.6109375 0.05390625 0.1109375
1 0.4921875 0.85 0.11171875 0.19453125
1 0.72421875 0.6546875 0.0640625 0.1109375
1 0.67109375 0.58671875 0.03828125 0.07421875
1 0.6921875 0.57421875 0.03203125 0.06171875
1 0.709375 0.43359375 0.03828125 0.06484375
1 0.8171875 0.4765625 0.065625 0.1140625
1 0.8640625 0.42890625 0.03203125 0.06171875
1 0.95625 0.42734375 0.0796875 0.1515625
1 0.73203125 0.875 0.09609375 0.1453125