1 0.22734375 0.6796875 0.03515625 0.06015625
1 0.1359375 0.61796875 0.02734375 0.04296875
1 0.2609375 0.65 0.05234375 0.06640625
1 0.3359375 0.69140625 0.02265625 0.03671875
1 0.35234375 0.7046875 0.025 0.03671875
1 0.3859375 0.69140625 0.02265625 0.04296875
1 0.4109375 0.678125 0.0328125 0.05
1 0.4625 0.65703125 0.03984375 0.053125
1 0.43984375 0.678125 0.0296875 0.05
1 0.51015625 0.68828125 0.025 0.03671875
1 0.5359375 0.68671875 0.02734375 0.053125
1 0.59375 0.68203125 0.0328125 0.05
1 0.6515625 0.66015625 0.0421875 0.06015625
1 0.7078125 0.68671875 0.03984375 0.06015625
1 0.7765625 0.68203125 0.0375 0.05703125
1 0.84140625 0.69140625 0.0328125 0.05703125
1 0.91015625 0.69140625 0.03984375 0.06328125
1 0.4609375 0.91015625 0.12265625 0.11328125
1 0.83984375 0.921875 0.0953125 0.1234375