1 0.95234375 0.17890625 0.07578125 0.12734375
1 0.53203125 0.7125 0.11328125 0.1703125
1 0.26640625 0.940625 0.171875 0.11875
1 0.06796875 0.68046875 0.11484375 0.1734375
1 0.2703125 0.6171875 0.07421875 0.14296875
1 0.6125 0.61484375 0.07890625 0.1296875
1 0.71171875 0.484375 0.07109375 0.0875
1 0.75546875 0.46875 0.04609375 0.0984375
1 0.7796875 0.44609375 0.05078125 0.078125
1 0.7984375 0.41875 0.03203125 0.06796875
1 0.80625 0.39140625 0.02890625 0.05625
1 0.7796875 0.38046875 0.03203125 0.0625
1 0.68046875 0.3828125 0.034375 0.06171875
1 0.6515625 0.40546875 0.040625 0.0765625
1 0.59375 0.453125 0.04609375 0.07109375
1 0.54921875 0.4875 0.05078125 0.09296875
1 0.478125 0.4984375 0.06171875 0.1046875
1 0.55 0.403125 0.0328125 0.05078125
1 0.565625 0.371875 0.034375 0.05234375
1 0.43828125 0.3859375 0.0265625 0.0546875
1 0.409375 0.38359375 0.03515625 0.053125
1 0.390625 0.43515625 0.04296875 0.07421875
1 0.34453125 0.4515625 0.04609375 0.08046875
1 0.3578125 0.3875 0.03515625 0.05234375
1 0.3328125 0.378125 0.02890625 0.05390625
1 0.29140625 0.39375 0.03515625 0.05390625
1 0.24921875 0.47890625 0.0609375 0.0953125
1 0.23203125 0.4296875 0.0390625 0.05546875
1 0.2484375 0.40390625 0.03515625 0.0671875
1 0.1671875 0.38125 0.0359375 0.0578125
1 0.15078125 0.45703125 0.04609375 0.08671875
1 0.13046875 0.41015625 0.03125 0.0546875
1 0.0765625 0.434375 0.0359375 0.06640625
1 0.05 0.4703125 0.06015625 0.078125
1 0.05 0.55 0.08359375 0.10546875