1 0.07890625 0.66015625 0.0953125 0.13203125
1 0.0578125 0.5234375 0.0515625 0.090625
1 0.0375 0.47578125 0.0453125 0.05703125
1 0.0828125 0.47265625 0.03515625 0.06171875
1 0.20078125 0.5140625 0.0453125 0.07265625
1 0.1828125 0.49375 0.04140625 0.06171875
1 0.246875 0.50234375 0.04296875 0.06484375
1 0.2125 0.3796875 0.025 0.046875
1 0.28671875 0.57265625 0.06015625 0.06953125
1 0.24453125 0.78828125 0.14140625 0.21171875
1 0.3265625 0.53359375 0.04296875 0.075
1 0.3546875 0.5015625 0.03671875 0.0671875
1 0.45390625 0.49609375 0.03515625 0.06171875
1 0.46015625 0.51796875 0.03671875 0.04921875
1 0.47734375 0.54296875 0.0453125 0.06171875
1 0.4890625 0.58515625 0.06484375 0.10078125
1 0.559375 0.74296875 0.11171875 0.23515625
1 0.53671875 0.48046875 0.0296875 0.06171875
1 0.571875 0.48984375 0.03984375 0.06484375
1 0.5796875 0.53203125 0.03984375 0.0671875
1 0.6359375 0.55 0.06171875 0.0984375
1 0.68359375 0.59140625 0.06640625 0.10859375
1 0.83515625 0.64375 0.11640625 0.1859375
1 0.79453125 0.48359375 0.0453125 0.0671875
1 0.85703125 0.4984375 0.046875 0.07265625
1 0.934375 0.51171875 0.06484375 0.0875
1 0.94296875 0.40859375 0.0265625 0.05703125