1 0.41484375 0.2203125 0.01640625 0.03359375
1 0.4515625 0.24609375 0.02109375 0.0359375
1 0.465625 0.17890625 0.01484375 0.03359375
1 0.48828125 0.18671875 0.0140625 0.02890625
1 0.55859375 0.184375 0.01640625 0.02890625
1 0.56796875 0.19375 0.01796875 0.03359375
1 0.64375 0.1390625 0.01484375 0.0359375
1 0.6265625 0.146875 0.01640625 0.03125
1 0.47734375 0.10859375 0.01640625 0.02421875
1 0.68359375 0.18515625 0.01953125 0.0359375
1 0.68671875 0.23125 0.0234375 0.04609375
1 0.73125 0.2359375 0.0234375 0.04609375
1 0.63828125 0.23359375 0.02109375 0.0359375
1 0.690625 0.2890625 0.02109375 0.04609375
1 0.628125 0.28828125 0.01953125 0.0390625
1 0.64375 0.33515625 0.03203125 0.05546875
1 0.9484375 0.2515625 0.0234375 0.04375