1 0.06796875 0.39296875 0.05625 0.0796875
1 0.1171875 0.48203125 0.0734375 0.1
1 0.1046875 0.34609375 0.0328125 0.0484375
1 0.1796875 0.32890625 0.0328125 0.0453125
1 0.2015625 0.33828125 0.0328125 0.05703125
1 0.2578125 0.365625 0.03984375 0.0515625
1 0.2765625 0.35859375 0.0359375 0.06015625
1 0.3703125 0.540625 0.11484375 0.18203125
1 0.4015625 0.88046875 0.22890625 0.1984375
1 0.34765625 0.35859375 0.0421875 0.06640625
1 0.38125 0.346875 0.02734375 0.05
1 0.40625 0.371875 0.0546875 0.0796875
1 0.4484375 0.3171875 0.02734375 0.04140625
1 0.4890625 0.36484375 0.04609375 0.06328125
1 0.521875 0.33984375 0.02890625 0.05
1 0.5515625 0.41328125 0.0625 0.0796875
1 0.58515625 0.34609375 0.0375 0.0484375
1 0.6265625 0.34140625 0.0328125 0.05703125
1 0.64375 0.39765625 0.05 0.071875
1 0.69765625 0.3578125 0.0375 0.0484375
1 0.75234375 0.371875 0.0421875 0.05703125
1 0.73359375 0.6703125 0.1578125 0.23671875
1 0.8078125 0.42734375 0.08125 0.10859375
1 0.9015625 0.41953125 0.07734375 0.0984375
1 0.9453125 0.371875 0.04609375 0.0703125
1 0.87109375 0.37421875 0.04765625 0.06484375