1 0.33515625 0.19296875 0.01484375 0.028125
1 0.47890625 0.15546875 0.0171875 0.0296875
1 0.4890625 0.203125 0.02265625 0.04921875
1 0.5390625 0.19453125 0.01484375 0.03828125
1 0.54296875 0.153125 0.01875 0.040625
1 0.640625 0.16875 0.0203125 0.0453125
1 0.61640625 0.19765625 0.01953125 0.04375
1 0.68359375 0.21484375 0.01484375 0.040625
1 0.74296875 0.27578125 0.01875 0.04921875
1 0.7765625 0.2859375 0.02890625 0.0703125
1 0.83203125 0.25625 0.01640625 0.03828125
1 0.81484375 0.17578125 0.01953125 0.0421875
1 0.890625 0.2578125 0.02421875 0.059375
1 0.940625 0.340625 0.03203125 0.0734375