1 0.35859375 0.91953125 0.16328125 0.16015625
1 0.18828125 0.71875 0.08671875 0.1140625
1 0.14609375 0.58828125 0.05546875 0.08671875
1 0.10234375 0.5421875 0.0359375 0.0671875
1 0.01328125 0.48671875 0.02265625 0.03671875
1 0.0515625 0.46796875 0.0265625 0.03984375
1 0.078125 0.4953125 0.02265625 0.03984375
1 0.09453125 0.5 0.02421875 0.04375
1 0.11640625 0.4734375 0.02265625 0.03671875
1 0.125 0.49296875 0.0265625 0.05
1 0.15078125 0.5015625 0.02421875 0.03984375
1 0.18984375 0.51875 0.0265625 0.053125
1 0.23203125 0.54375 0.03984375 0.0703125
1 0.2890625 0.58671875 0.05546875 0.08359375
1 0.27890625 0.48125 0.02265625 0.03359375
1 0.3015625 0.478125 0.02265625 0.03984375
1 0.3359375 0.48359375 0.02421875 0.04375
1 0.36796875 0.5 0.0265625 0.05
1 0.38046875 0.4734375 0.02421875 0.03671875
1 0.35859375 0.409375 0.0203125 0.03671875
1 0.40625 0.46171875 0.02265625 0.0265625
1 0.40703125 0.49140625 0.015625 0.03984375
1 0.425 0.49140625 0.02890625 0.046875
1 0.44296875 0.51484375 0.02890625 0.046875
1 0.45625 0.48359375 0.0203125 0.03046875
1 0.48984375 0.46171875 0.02421875 0.03984375
1 0.5 0.4765625 0.02265625 0.03671875
1 0.51875 0.496875 0.02890625 0.05
1 0.528125 0.521875 0.02890625 0.046875
1 0.49765625 0.546875 0.04453125 0.0703125
1 0.4421875 0.7375 0.08046875 0.14375
1 0.60078125 0.80234375 0.1296875 0.20703125
1 0.64140625 0.61875 0.05546875 0.09375
1 0.61484375 0.55859375 0.0421875 0.0671875
1 0.5828125 0.503125 0.0359375 0.06328125
1 0.55 0.48359375 0.03359375 0.04375
1 0.55390625 0.46953125 0.02265625 0.03671875
1 0.57734375 0.46171875 0.02890625 0.046875
1 0.60390625 0.4765625 0.015625 0.03046875
1 0.61953125 0.48671875 0.0203125 0.04375
1 0.63359375 0.50703125 0.03125 0.05
1 0.67109375 0.4953125 0.02421875 0.046875
1 0.70234375 0.56015625 0.0421875 0.0703125
1 0.734375 0.51328125 0.03984375 0.05
1 0.715625 0.48671875 0.02421875 0.03671875
1 0.74765625 0.4765625 0.0265625 0.04375
1 0.7890625 0.51015625 0.02890625 0.04375
1 0.75546875 0.5015625 0.02890625 0.046875
1 0.82890625 0.5734375 0.0515625 0.090625
1 0.84296875 0.496875 0.02890625 0.03671875
1 0.88046875 0.53828125 0.046875 0.08671875
1 0.91640625 0.50703125 0.03359375 0.05
1 0.9578125 0.48359375 0.0359375 0.05