1 0.0953125 0.71953125 0.0625 0.0890625
1 0.2453125 0.69375 0.0515625 0.06875
1 0.47890625 0.65703125 0.046875 0.06953125
1 0.51328125 0.6484375 0.03984375 0.06953125
1 0.68359375 0.63125 0.034375 0.04296875
1 0.74375 0.62265625 0.03046875 0.0546875
1 0.8296875 0.625 0.025 0.04296875
1 0.87890625 0.6140625 0.025 0.040625
1 0.98359375 0.56484375 0.02265625 0.03359375
1 0.95390625 0.5609375 0.0203125 0.0296875
1 0.915625 0.540625 0.01640625 0.03125
1 0.8546875 0.53359375 0.02109375 0.03359375
1 0.8125 0.49609375 0.021875 0.040625
1 0.753125 0.5765625 0.0234375 0.03203125
1 0.71484375 0.58203125 0.01796875 0.03515625
1 0.74765625 0.51796875 0.0140625 0.02578125
1 0.7453125 0.484375 0.0140625 0.0234375
1 0.72578125 0.50546875 0.015625 0.028125
1 0.7171875 0.48359375 0.0125 0.01875
1 0.6953125 0.50625 0.01484375 0.021875
1 0.67890625 0.4875 0.01171875 0.01953125
1 0.65078125 0.48828125 0.01484375 0.02421875
1 0.61875 0.5140625 0.01640625 0.03359375
1 0.565625 0.46171875 0.0109375 0.02109375
1 0.55078125 0.478125 0.015625 0.0203125
1 0.42578125 0.409375 0.0125 0.02421875
1 0.02421875 0.5375 0.03359375 0.05625
1 0.040625 0.5015625 0.0328125 0.04609375
1 0.01484375 0.4671875 0.01875 0.034375
1 0.0796875 0.48046875 0.021875 0.03671875
1 0.10859375 0.4609375 0.021875 0.03046875
1 0.13046875 0.48046875 0.021875 0.0390625
1 0.1390625 0.53984375 0.02734375 0.0515625
1 0.16015625 0.50625 0.02109375 0.0453125
1 0.215625 0.509375 0.0234375 0.040625
1 0.2421875 0.58984375 0.0390625 0.0515625
1 0.259375 0.515625 0.02734375 0.0390625
1 0.3875 0.5671875 0.0359375 0.053125
1 0.484375 0.54765625 0.0171875 0.03984375
1 0.4859375 0.521875 0.02265625 0.03046875
1 0.4625 0.51328125 0.01796875 0.03515625
1 0.45234375 0.49140625 0.02109375 0.021875
1 0.43046875 0.4765625 0.021875 0.0265625
1 0.378125 0.46796875 0.01328125 0.02109375
1 0.34375 0.475 0.0203125 0.02578125
1 0.31484375 0.45625 0.015625 0.021875
1 0.27578125 0.45546875 0.01328125 0.021875
1 0.2609375 0.45390625 0.009375 0.01953125
1 0.48828125 0.47890625 0.01328125 0.02421875
1 0.49140625 0.4640625 0.015625 0.02109375
1 0.50625 0.47421875 0.009375 0.0234375
1 0.51328125 0.48515625 0.01484375 0.021875
1 0.525 0.5234375 0.015625 0.02421875
1 0.54921875 0.49765625 0.01640625 0.0265625
1 0.56484375 0.54296875 0.02109375 0.0390625
1 0.60703125 0.53984375 0.01796875 0.03515625
1 0.58359375 0.584375 0.0296875 0.04375
1 0.66328125 0.565625 0.02421875 0.0453125
1 0.68359375 0.58046875 0.0203125 0.03515625