1 0.0453125 0.4796875 0.08203125 0.109375
1 0.090625 0.4078125 0.05546875 0.09765625
1 0.15546875 0.3375 0.04140625 0.06796875
1 0.1859375 0.3203125 0.02890625 0.05078125
1 0.22890625 0.3546875 0.0453125 0.07265625
1 0.23125 0.290625 0.02578125 0.04140625
1 0.26875 0.29609375 0.03125 0.0546875
1 0.29453125 0.26953125 0.03203125 0.0453125
1 0.446875 0.128125 0.10078125 0.20703125
1 0.49375 0.26328125 0.03671875 0.07265625
1 0.5171875 0.31484375 0.05234375 0.08203125
1 0.53828125 0.41171875 0.084375 0.14609375
1 0.51953125 0.234375 0.02734375 0.053125
1 0.57109375 0.28828125 0.04296875 0.0703125
1 0.58203125 0.234375 0.03125 0.04453125
1 0.61171875 0.27109375 0.028125 0.05703125
1 0.63984375 0.28046875 0.03359375 0.0703125
1 0.67265625 0.28125 0.0453125 0.09765625
1 0.72421875 0.371875 0.078125 0.13203125
1 0.7171875 0.6984375 0.128125 0.26171875
1 0.75703125 0.234375 0.03203125 0.0375
1 0.81640625 0.21953125 0.02421875 0.04296875
1 0.8359375 0.2515625 0.028125 0.06015625
1 0.875 0.2203125 0.02890625 0.0546875
1 0.9546875 0.24375 0.04453125 0.07578125
1 0.98984375 0.20546875 0.01875 0.04296875