1 0.196875 0.403125 0.1015625 0.1671875
1 0.0796875 0.15859375 0.025 0.040625
1 0.11640625 0.1484375 0.025 0.04296875
1 0.15 0.184375 0.03046875 0.04609375
1 0.16171875 0.15859375 0.0265625 0.04609375
1 0.2078125 0.1671875 0.0265625 0.040625
1 0.22421875 0.16171875 0.02109375 0.04609375
1 0.2703125 0.20625 0.03671875 0.06015625
1 0.2671875 0.165625 0.0265625 0.03203125
1 0.278125 0.15703125 0.02890625 0.04296875
1 0.34140625 0.19140625 0.040625 0.06640625
1 0.3578125 0.1859375 0.0265625 0.0546875
1 0.3609375 0.1453125 0.02109375 0.0375
1 0.3921875 0.14296875 0.01953125 0.03203125
1 0.41328125 0.16171875 0.01953125 0.034375
1 0.40859375 0.1859375 0.02109375 0.0375
1 0.43671875 0.25390625 0.05390625 0.08671875
1 0.4390625 0.17734375 0.03671875 0.0546875
1 0.44296875 0.14375 0.02109375 0.034375
1 0.47421875 0.1625 0.02109375 0.04921875
1 0.5171875 0.2421875 0.05 0.075
1 0.52109375 0.19921875 0.034375 0.0578125
1 0.55078125 0.1671875 0.025 0.04609375
1 0.60078125 0.17421875 0.0328125 0.04296875
1 0.621875 0.24765625 0.040625 0.075
1 0.659375 0.30859375 0.0578125 0.1265625
1 0.6546875 0.2203125 0.0328125 0.06015625
1 0.65546875 0.1859375 0.0265625 0.04921875
1 0.765625 0.29140625 0.0578125 0.0921875
1 0.8109375 0.27109375 0.04453125 0.09765625
1 0.8078125 0.21328125 0.0265625 0.0515625
1 0.88046875 0.26484375 0.04609375 0.08671875