1 0.50234375 0.88828125 0.121875 0.19140625
1 0.72265625 0.75078125 0.0796875 0.15390625
1 0.8671875 0.7015625 0.06796875 0.1171875
1 0.76640625 0.671875 0.0625 0.09296875
1 0.6 0.7109375 0.06015625 0.1015625
1 0.534375 0.6859375 0.06015625 0.10390625
1 0.42578125 0.76953125 0.07265625 0.11953125
1 0.39296875 0.63828125 0.06875 0.0953125
1 0.2921875 0.71484375 0.0953125 0.128125
1 0.3109375 0.9328125 0.1453125 0.13125
1 0.21015625 0.8703125 0.11640625 0.15234375
1 0.03671875 0.8140625 0.0671875 0.2328125
1 0.0671875 0.6671875 0.065625 0.1125
1 0.21875 0.665625 0.06015625 0.084375