1 0.196875 0.44609375 0.0484375 0.09296875
1 0.434375 0.1578125 0.01328125 0.02890625
1 0.45625 0.16015625 0.0171875 0.03046875
1 0.484375 0.18046875 0.02109375 0.03671875
1 0.5078125 0.1890625 0.01796875 0.03359375
1 0.4859375 0.1359375 0.0125 0.03203125
1 0.50625 0.14453125 0.01796875 0.02890625
1 0.5296875 0.14609375 0.0171875 0.03203125
1 0.70234375 0.18515625 0.01875 0.03671875
1 0.72109375 0.19375 0.01875 0.040625
1 0.74375 0.18828125 0.01796875 0.03515625
1 0.76171875 0.18359375 0.01796875 0.03359375
1 0.8015625 0.18046875 0.0171875 0.03671875
1 0.8390625 0.19453125 0.01640625 0.0421875
1 0.8828125 0.29375 0.02109375 0.05703125
1 0.909375 0.1703125 0.0171875 0.03671875
1 0.946875 0.175 0.015625 0.03359375
1 0.9390625 0.23203125 0.015625 0.0390625