1 0.08359375 0.44296875 0.1203125 0.18984375
1 0.021875 0.46484375 0.04140625 0.096875
1 0.2484375 0.42421875 0.05234375 0.09140625
1 0.2796875 0.42890625 0.028125 0.0453125
1 0.32578125 0.39140625 0.03984375 0.0734375
1 0.36328125 0.38515625 0.06015625 0.11328125
1 0.4453125 0.47109375 0.11015625 0.175
1 0.48359375 0.3875 0.0734375 0.121875
1 0.53359375 0.3296875 0.046875 0.09296875
1 0.628125 0.365625 0.07578125 0.1484375
1 0.7140625 0.4984375 0.1375 0.2296875
1 0.7296875 0.346875 0.1078125 0.16640625
1 0.6921875 0.25859375 0.06640625 0.13359375
1 0.8359375 0.24921875 0.09453125 0.1546875