1 0.1046875 0.315625 0.02265625 0.0390625
1 0.20390625 0.40078125 0.0359375 0.06875
1 0.2765625 0.2421875 0.015625 0.028125
1 0.315625 0.2359375 0.0171875 0.034375
1 0.3 0.25234375 0.02109375 0.04765625
1 0.346875 0.21875 0.015625 0.0265625
1 0.36640625 0.20234375 0.01875 0.0328125
1 0.3859375 0.2078125 0.01875 0.034375
1 0.36796875 0.26171875 0.02109375 0.0375
1 0.3875 0.2625 0.01875 0.0359375
1 0.4140625 0.19375 0.01875 0.0328125
1 0.46015625 0.1734375 0.0203125 0.034375
1 0.453125 0.19140625 0.01796875 0.028125
1 0.43828125 0.2421875 0.01875 0.034375
1 0.4734375 0.240625 0.0234375 0.04140625
1 0.51015625 0.1953125 0.02109375 0.04296875
1 0.5734375 0.12890625 0.01328125 0.028125
1 0.54453125 0.16796875 0.02109375 0.034375
1 0.53671875 0.21328125 0.0203125 0.0359375
1 0.603125 0.12734375 0.01640625 0.025
1 0.49921875 0.3109375 0.02265625 0.05078125
1 0.55078125 0.32109375 0.02890625 0.05390625
1 0.62265625 0.33359375 0.02734375 0.04921875
1 0.6015625 0.175 0.02578125 0.04453125
1 0.590625 0.225 0.02109375 0.04609375
1 0.61640625 0.271875 0.02578125 0.0578125
1 0.625 0.22421875 0.02109375 0.04453125
1 0.653125 0.12734375 0.015625 0.028125
1 0.6203125 0.128125 0.0203125 0.0296875
1 0.63125 0.16328125 0.0203125 0.04140625
1 0.696875 0.15390625 0.02109375 0.034375
1 0.703125 0.19765625 0.0234375 0.04765625
1 0.678125 0.225 0.025 0.04609375
1 0.6796875 0.26328125 0.025 0.04453125
1 0.68125 0.19453125 0.021875 0.0375
1 0.72265625 0.15078125 0.0203125 0.0359375
1 0.73125 0.18046875 0.02109375 0.04296875
1 0.784375 0.1359375 0.015625 0.0390625
1 0.7484375 0.14375 0.0171875 0.04140625
1 0.75234375 0.19921875 0.01875 0.034375
1 0.77734375 0.178125 0.01875 0.034375
1 0.72421875 0.28828125 0.02578125 0.05390625
1 0.71875 0.23125 0.02578125 0.04296875
1 0.77734375 0.25859375 0.0234375 0.04453125
1 0.84765625 0.34453125 0.025 0.05546875
1 0.7828125 0.228125 0.02265625 0.0359375
1 0.79609375 0.20625 0.02109375 0.04453125
1 0.8 0.1625 0.01875 0.04609375
1 0.83671875 0.140625 0.01640625 0.034375
1 0.815625 0.18671875 0.01640625 0.03125
1 0.87265625 0.1734375 0.01875 0.028125
1 0.84921875 0.20390625 0.02109375 0.0359375
1 0.87265625 0.2609375 0.021875 0.04921875
1 0.91015625 0.15546875 0.0140625 0.028125
1 0.9 0.20390625 0.01171875 0.0328125
1 0.90390625 0.178125 0.01796875 0.02109375
1 0.9375 0.2375 0.01640625 0.04453125
1 0.93203125 0.2859375 0.01875 0.0390625
1 0.5671875 0.1609375 0.01796875 0.0359375
1 0.58984375 0.15859375 0.02890625 0.03125
1 0.50390625 0.16171875 0.021875 0.034375
1 0.47890625 0.19921875 0.02578125 0.0375