1 0.12890625 0.20703125 0.05 0.07109375
1 0.15078125 0.415625 0.065625 0.10703125
1 0.23671875 0.50625 0.09375 0.16484375
1 0.334375 0.3640625 0.04765625 0.08125
1 0.3609375 0.3078125 0.0296875 0.06484375
1 0.50703125 0.321875 0.0296875 0.06796875
1 0.54921875 0.4953125 0.0703125 0.11640625
1 0.6546875 0.39609375 0.05 0.09375
1 0.60234375 0.34453125 0.04375 0.07421875
1 0.87578125 0.37734375 0.04765625 0.0875
1 0.87265625 0.3265625 0.0296875 0.05859375
1 0.98046875 0.3625 0.0390625 0.084375
1 0.9140625 0.70859375 0.16015625 0.33046875