1 0.01171875 0.56640625 0.0234375 0.06328125
1 0.07265625 0.5328125 0.01484375 0.03359375
1 0.0703125 0.50078125 0.01875 0.03671875
1 0.09609375 0.5265625 0.015625 0.03828125
1 0.1140625 0.5109375 0.01484375 0.03515625
1 0.121875 0.5421875 0.01953125 0.04375
1 0.146875 0.5609375 0.03359375 0.05625
1 0.14765625 0.5140625 0.01484375 0.03515625
1 0.16875 0.503125 0.015625 0.03203125
1 0.17890625 0.49921875 0.015625 0.0453125
1 0.19453125 0.49765625 0.0140625 0.03671875
1 0.209375 0.50859375 0.01171875 0.0265625
1 0.21796875 0.4890625 0.01484375 0.03359375
1 0.2234375 0.5296875 0.01953125 0.04375
1 0.20859375 0.54140625 0.021875 0.0421875
1 0.209375 0.59921875 0.03515625 0.06484375
1 0.265625 0.54140625 0.0234375 0.0421875
1 0.24609375 0.50234375 0.01484375 0.03359375
1 0.23984375 0.49765625 0.00859375 0.02265625
1 0.26484375 0.49375 0.0125 0.03125
1 0.28203125 0.52890625 0.01640625 0.0390625
1 0.30546875 0.55078125 0.02578125 0.04921875
1 0.31875 0.525 0.01640625 0.04375
1 0.34140625 0.5484375 0.0234375 0.053125
1 0.3375 0.596875 0.0375 0.07734375
1 0.3015625 0.49453125 0.0140625 0.03515625
1 0.29296875 0.48515625 0.01171875 0.028125
1 0.31171875 0.475 0.01328125 0.0265625
1 0.34609375 0.5140625 0.01953125 0.03515625
1 0.36953125 0.53828125 0.01875 0.05234375
1 0.403125 0.5515625 0.02265625 0.05625
1 0.39765625 0.5109375 0.0171875 0.03671875
1 0.40390625 0.48203125 0.0171875 0.0390625
1 0.390625 0.47265625 0.01171875 0.03359375
1 0.3859375 0.44296875 0.0125 0.025
1 0.36875 0.4609375 0.01484375 0.0296875
1 0.36875 0.50859375 0.015625 0.040625
1 0.35859375 0.49140625 0.01328125 0.0296875
1 0.34609375 0.471875 0.0125 0.0296875
1 0.421875 0.509375 0.01640625 0.0390625
1 0.43359375 0.48828125 0.0125 0.03359375
1 0.42109375 0.4640625 0.01171875 0.025
1 0.43984375 0.4609375 0.0109375 0.0296875
1 0.4546875 0.51484375 0.021875 0.03671875
1 0.45859375 0.54453125 0.02421875 0.053125
1 0.4859375 0.5296875 0.01953125 0.04921875
1 0.4703125 0.4859375 0.01796875 0.04609375
1 0.5046875 0.49140625 0.01484375 0.03515625
1 0.53125 0.5328125 0.02421875 0.053125
1 0.53046875 0.5 0.01640625 0.03203125
1 0.53515625 0.465625 0.01171875 0.028125
1 0.51875 0.47109375 0.01015625 0.01953125
1 0.51640625 0.484375 0.01171875 0.02421875
1 0.56953125 0.51328125 0.01796875 0.0421875
1 0.5796875 0.503125 0.01640625 0.03203125
1 0.571875 0.48203125 0.01015625 0.025
1 0.56640625 0.46640625 0.0109375 0.02109375
1 0.5984375 0.4671875 0.0109375 0.028125
1 0.6046875 0.4828125 0.01484375 0.03515625
1 0.6140625 0.503125 0.0140625 0.0296875
1 0.62578125 0.47421875 0.0125 0.03125
1 0.640625 0.4859375 0.01484375 0.03828125
1 0.63515625 0.46796875 0.0125 0.03203125
1 0.665625 0.45859375 0.01484375 0.03125
1 0.67265625 0.4796875 0.01640625 0.03359375
1 0.69765625 0.47890625 0.0140625 0.03515625
1 0.721875 0.46171875 0.01171875 0.0296875
1 0.58359375 0.60234375 0.03359375 0.08125
1 0.63828125 0.5609375 0.03125 0.0734375
1 0.68984375 0.54921875 0.021875 0.06015625
1 0.71171875 0.55234375 0.028125 0.07421875
1 0.73125 0.51953125 0.02421875 0.04609375
1 0.69921875 0.63203125 0.03984375 0.08046875
1 0.759375 0.65390625 0.0484375 0.07890625
1 0.77421875 0.58125 0.03359375 0.06875
1 0.7546875 0.5546875 0.02265625 0.0578125
1 0.76484375 0.5265625 0.021875 0.04375
1 0.7828125 0.48828125 0.0171875 0.0421875
1 0.7953125 0.47578125 0.01875 0.040625
1 0.80078125 0.51328125 0.025 0.05078125
1 0.825 0.484375 0.01484375 0.04375
1 0.840625 0.484375 0.01484375 0.03828125
1 0.8453125 0.45703125 0.0125 0.028125
1 0.846875 0.4171875 0.0125 0.03203125
1 0.8921875 0.40859375 0.01484375 0.03515625
1 0.884375 0.415625 0.0125 0.0296875
1 0.88203125 0.4875 0.01875 0.040625
1 0.85546875 0.521875 0.02578125 0.053125
1 0.83359375 0.56640625 0.02109375 0.06875
1 0.8671875 0.65625 0.05078125 0.1140625
1 0.9078125 0.56875 0.03671875 0.07421875
1 0.9109375 0.5171875 0.0234375 0.04921875
1 0.915625 0.4890625 0.0203125 0.04609375
1 0.93125 0.47734375 0.015625 0.03828125
1 0.92578125 0.44375 0.015625 0.03515625
1 0.94765625 0.421875 0.0171875 0.03359375
1 0.97578125 0.40703125 0.01484375 0.03828125
1 0.9625 0.553125 0.06484375 0.1296875