1 0.10234375 0.565625 0.04140625 0.10625
1 0.2359375 0.26953125 0.015625 0.0421875
1 0.23828125 0.29296875 0.02265625 0.04375
1 0.28828125 0.2453125 0.0171875 0.0375
1 0.32109375 0.21328125 0.01640625 0.03359375
1 0.31640625 0.2484375 0.02109375 0.040625
1 0.3421875 0.240625 0.01640625 0.04375
1 0.36484375 0.21484375 0.01640625 0.0375
1 0.3859375 0.1921875 0.01484375 0.0390625
1 0.38125 0.2671875 0.02109375 0.05078125
1 0.41875 0.2328125 0.01484375 0.0390625
1 0.42265625 0.1828125 0.0140625 0.03359375
1 0.4359375 0.1609375 0.01328125 0.03046875
1 0.44375 0.19375 0.0140625 0.0390625
1 0.478125 0.1484375 0.0125 0.03203125
1 0.48359375 0.175 0.01796875 0.0421875
1 0.5015625 0.15703125 0.01171875 0.03359375
1 0.5390625 0.16328125 0.01484375 0.03515625
1 0.52265625 0.17578125 0.01796875 0.04375
1 0.50859375 0.2140625 0.01796875 0.03515625
1 0.48671875 0.25859375 0.02109375 0.04375
1 0.44140625 0.321875 0.02265625 0.05078125
1 0.5640625 0.1421875 0.0125 0.02734375
1 0.56640625 0.16640625 0.01328125 0.02890625
1 0.56484375 0.22734375 0.015625 0.0390625
1 0.58828125 0.203125 0.015625 0.03359375
1 0.5875 0.14296875 0.01328125 0.03203125
1 0.60625 0.1328125 0.0125 0.02890625
1 0.61484375 0.15703125 0.01328125 0.02734375
1 0.62109375 0.184375 0.01328125 0.03359375
1 0.6265625 0.20625 0.015625 0.040625
1 0.61953125 0.07890625 0.0125 0.03203125
1 0.64609375 0.1328125 0.01171875 0.03203125
1 0.6625 0.13125 0.0140625 0.02890625
1 0.66171875 0.15859375 0.0125 0.02890625
1 0.66953125 0.18359375 0.0125 0.03203125
1 0.69609375 0.159375 0.01328125 0.0375
1 0.7015625 0.14296875 0.0125 0.03203125
1 0.725 0.16015625 0.01328125 0.03203125
1 0.70703125 0.22265625 0.0171875 0.0390625
1 0.66484375 0.26484375 0.01796875 0.0421875
1 0.721875 0.28359375 0.02109375 0.04921875
1 0.74765625 0.24765625 0.01640625 0.0390625
1 0.76796875 0.2109375 0.01328125 0.03203125
1 0.78515625 0.18828125 0.01484375 0.03515625
1 0.78671875 0.22109375 0.0140625 0.03515625
1 0.8171875 0.19765625 0.01328125 0.03359375
1 0.82578125 0.2265625 0.0171875 0.0375
1 0.80390625 0.26171875 0.01640625 0.0453125
1 0.7640625 0.29921875 0.02109375 0.040625
1 0.809375 0.3171875 0.01953125 0.05234375
1 0.728125 0.4171875 0.025 0.065625
1 0.8015625 0.47265625 0.02890625 0.0796875
1 0.6671875 0.415625 0.025 0.059375
1 0.88046875 0.2390625 0.0125 0.03203125
1 0.9109375 0.234375 0.015625 0.0390625
1 0.909375 0.265625 0.015625 0.040625
1 0.89609375 0.29453125 0.0171875 0.04765625
1 0.8734375 0.3484375 0.0171875 0.04375
1 0.87890625 0.39765625 0.02265625 0.07421875
1 0.86796875 0.5 0.0296875 0.0828125
1 0.95625 0.4515625 0.01953125 0.0640625
1 0.9546875 0.38515625 0.01875 0.05234375
1 0.93203125 0.36015625 0.0140625 0.04765625
1 0.9390625 0.271875 0.01328125 0.03515625
1 0.95625 0.25234375 0.0125 0.0375
1 0.9875 0.2640625 0.0109375 0.0375
1 0.97890625 0.32421875 0.0125 0.0421875
1 0.98671875 0.31171875 0.0109375 0.03359375
1 0.984375 0.36953125 0.01484375 0.04921875
1 0.625 0.2875 0.02265625 0.05390625
1 0.5859375 0.33984375 0.02109375 0.05390625
1 0.60390625 0.38359375 0.025 0.0625