1 0.025 0.3984375 0.02421875 0.0515625
1 0.2359375 0.3359375 0.01875 0.0328125
1 0.26640625 0.34140625 0.02109375 0.0390625
1 0.2921875 0.365625 0.02109375 0.040625
1 0.290625 0.30078125 0.01640625 0.0375
1 0.3453125 0.359375 0.0203125 0.0375
1 0.36328125 0.28671875 0.015625 0.0328125
1 0.3765625 0.3203125 0.01484375 0.04140625
1 0.39296875 0.3359375 0.01484375 0.03046875
1 0.41875 0.33515625 0.02109375 0.0375
1 0.4140625 0.2953125 0.01875 0.034375
1 0.4078125 0.27265625 0.01484375 0.02734375
1 0.39453125 0.2546875 0.01484375 0.02578125
1 0.43125 0.2578125 0.0125 0.02578125
1 0.4359375 0.27734375 0.01484375 0.02734375
1 0.4484375 0.3015625 0.01875 0.0328125
1 0.46015625 0.33359375 0.0203125 0.040625
1 0.48046875 0.30078125 0.0171875 0.02578125
1 0.465625 0.2421875 0.0109375 0.02734375
1 0.478125 0.2328125 0.0125 0.02578125
1 0.5015625 0.2609375 0.01484375 0.0328125
1 0.52890625 0.24453125 0.01484375 0.0203125
1 0.52578125 0.26953125 0.01484375 0.03046875
1 0.56484375 0.2796875 0.0125 0.02734375
1 0.54375 0.259375 0.0140625 0.02734375
1 0.52734375 0.30625 0.01640625 0.034375
1 0.52109375 0.23515625 0.0125 0.01875
1 0.5609375 0.2234375 0.01328125 0.02421875
1 0.58359375 0.2171875 0.0125 0.0203125
1 0.5703125 0.2546875 0.015625 0.02578125
1 0.58125 0.240625 0.0140625 0.02578125
1 0.509375 0.39140625 0.03125 0.0578125
1 0.55 0.36015625 0.02421875 0.04765625
1 0.55390625 0.40234375 0.0265625 0.05625
1 0.60703125 0.32109375 0.0234375 0.040625
1 0.6140625 0.21796875 0.01328125 0.02421875
1 0.6234375 0.20078125 0.01171875 0.02734375
1 0.621875 0.24609375 0.015625 0.03203125
1 0.6375 0.2125 0.01015625 0.02421875
1 0.634375 0.2328125 0.0125 0.02890625
1 0.6484375 0.22421875 0.0125 0.02890625
1 0.66640625 0.215625 0.0109375 0.02578125
1 0.68046875 0.22109375 0.0109375 0.02734375
1 0.65703125 0.2421875 0.01640625 0.02734375
1 0.68671875 0.265625 0.01875 0.0359375
1 0.6984375 0.22578125 0.01171875 0.03203125
1 0.64296875 0.2953125 0.0203125 0.04140625
1 0.659375 0.3296875 0.01953125 0.040625
1 0.67265625 0.3640625 0.025 0.04921875
1 0.6234375 0.3703125 0.02734375 0.05
1 0.62265625 0.425 0.02890625 0.059375
1 0.68125 0.44609375 0.034375 0.06640625
1 0.7 0.35 0.02578125 0.0515625
1 0.71328125 0.25703125 0.01484375 0.0328125
1 0.73125 0.284375 0.01640625 0.0390625
1 0.74609375 0.24765625 0.0125 0.02890625
1 0.75390625 0.21796875 0.0125 0.03046875
1 0.75859375 0.2640625 0.0125 0.02734375
1 0.77578125 0.25078125 0.0140625 0.03046875
1 0.7765625 0.2765625 0.01484375 0.034375
1 0.79609375 0.22578125 0.01328125 0.034375
1 0.7875 0.259375 0.0140625 0.0390625
1 0.82265625 0.24375 0.01484375 0.0359375
1 0.85546875 0.25390625 0.01171875 0.03046875
1 0.87265625 0.26171875 0.01171875 0.03203125
1 0.8875 0.24453125 0.01171875 0.03203125
1 0.91328125 0.271875 0.0140625 0.03203125
1 0.95078125 0.27734375 0.01171875 0.02421875
1 0.9484375 0.303125 0.0140625 0.03046875
1 0.9375 0.3140625 0.015625 0.03046875
1 0.9421875 0.34765625 0.0171875 0.04140625
1 0.8921875 0.30859375 0.01484375 0.0359375
1 0.86796875 0.28203125 0.01328125 0.03203125
1 0.85625 0.30625 0.021875 0.0375
1 0.82890625 0.30234375 0.01484375 0.034375
1 0.821875 0.33828125 0.01640625 0.034375
1 0.82734375 0.35859375 0.0234375 0.04921875
1 0.8859375 0.33671875 0.01640625 0.04296875
1 0.93046875 0.390625 0.021875 0.05
1 0.87421875 0.41171875 0.0234375 0.04296875
1 0.92109375 0.4625 0.0296875 0.06171875
1 0.8578125 0.44140625 0.03125 0.06328125
1 0.84296875 0.49375 0.03203125 0.06875
1 0.7484375 0.39453125 0.02734375 0.04921875
1 0.7984375 0.39921875 0.02734375 0.059375
1 0.72578125 0.50234375 0.040625 0.08046875