1 0.0328125 0.6078125 0.06171875 0.16640625
1 0.06640625 0.4890625 0.05078125 0.09296875
1 0.0171875 0.46328125 0.03046875 0.0734375
1 0.02734375 0.41015625 0.0328125 0.04921875
1 0.05 0.421875 0.0234375 0.040625
1 0.06484375 0.421875 0.02890625 0.0515625
1 0.0890625 0.4578125 0.03828125 0.0734375
1 0.14296875 0.415625 0.025 0.0546875
1 0.2015625 0.490625 0.0484375 0.10078125
1 0.18203125 0.4484375 0.0328125 0.06015625
1 0.115625 0.38125 0.01796875 0.0296875
1 0.075 0.37265625 0.0125 0.01875
1 0.0578125 0.37578125 0.0140625 0.02421875
1 0.0421875 0.38828125 0.0125 0.021875
1 0.35546875 0.43828125 0.0328125 0.0734375
1 0.38203125 0.41953125 0.02734375 0.04609375
1 0.4609375 0.43984375 0.03046875 0.07109375
1 0.51015625 0.41015625 0.03046875 0.04921875
1 0.565625 0.4375 0.03046875 0.0546875
1 0.61484375 0.48125 0.0484375 0.0765625
1 0.62578125 0.42734375 0.034375 0.0515625
1 0.68984375 0.4578125 0.04296875 0.07890625
1 0.67421875 0.42109375 0.02734375 0.04921875
1 0.69609375 0.40859375 0.01953125 0.04609375
1 0.7203125 0.41640625 0.021875 0.0515625
1 0.73828125 0.40859375 0.01796875 0.040625
1 0.771875 0.45234375 0.034375 0.0625
1 0.83828125 0.43046875 0.03046875 0.0515625
1 0.8875 0.4125 0.0234375 0.0546875
1 0.93515625 0.41640625 0.02890625 0.04609375
1 0.628125 0.3921875 0.025 0.03515625
1 0.6046875 0.38515625 0.021875 0.0328125
1 0.57578125 0.3890625 0.0140625 0.0296875
1 0.471875 0.3890625 0.01640625 0.0296875
1 0.43046875 0.421875 0.02734375 0.04609375
1 0.4375 0.39453125 0.01953125 0.0296875
1 0.4546875 0.37421875 0.0140625 0.021875
1 0.3296875 0.39375 0.01953125 0.03828125
1 0.31171875 0.39765625 0.01640625 0.03515625
1 0.2765625 0.3828125 0.01796875 0.02734375
1 0.23984375 0.3890625 0.01796875 0.0296875
1 0.2265625 0.37421875 0.01640625 0.02734375
1 0.2046875 0.37734375 0.01640625 0.021875
1 0.17109375 0.37421875 0.0140625 0.02734375