1 0.06875 0.56171875 0.12265625 0.190625
1 0.09453125 0.4359375 0.08046875 0.12265625
1 0.25078125 0.54765625 0.1171875 0.1515625
1 0.25078125 0.43125 0.078125 0.0890625
1 0.32421875 0.42109375 0.065625 0.09609375
1 0.41640625 0.49453125 0.0921875 0.1359375
1 0.5109375 0.4515625 0.07734375 0.1203125
1 0.4140625 0.4 0.06171875 0.0875
1 0.36640625 0.36171875 0.05703125 0.08125
1 0.46015625 0.35390625 0.03203125 0.0515625
1 0.5109375 0.33515625 0.028125 0.04609375
1 0.55703125 0.36015625 0.0328125 0.05
1 0.6171875 0.465625 0.05546875 0.09296875
1 0.67265625 0.45390625 0.05078125 0.0921875
1 0.64765625 0.3765625 0.04375 0.06875
1 0.68046875 0.3734375 0.025 0.05
1 0.60078125 0.35859375 0.02890625 0.0390625
1 0.61953125 0.3609375 0.01796875 0.0375
1 0.17421875 0.36953125 0.040625 0.075
1 0.2203125 0.37578125 0.05703125 0.09296875
1 0.28125 0.37109375 0.05078125 0.0734375
1 0.37890625 0.26796875 0.0421875 0.0625
1 0.3125 0.31796875 0.021875 0.0359375
1 0.29296875 0.30703125 0.01875 0.0421875
1 0.2765625 0.30703125 0.01875 0.03828125
1 0.25390625 0.31171875 0.02734375 0.04296875
1 0.23125 0.296875 0.01953125 0.03125
1 0.2125 0.28671875 0.02109375 0.03046875
1 0.19453125 0.29609375 0.02578125 0.040625
1 0.17421875 0.31875 0.04296875 0.05390625
1 0.1390625 0.25390625 0.03203125 0.0453125
1 0.16484375 0.271875 0.0171875 0.021875
1 0.08359375 0.3671875 0.06171875 0.08828125
1 0.0171875 0.296875 0.03203125 0.05703125
1 0.0125 0.33359375 0.021875 0.06171875
1 0.0515625 0.24453125 0.03125 0.0390625
1 0.01015625 0.25390625 0.01796875 0.03671875
1 0.0921875 0.32109375 0.04453125 0.0578125
1 0.0921875 0.2921875 0.03671875 0.04453125
1 0.728125 0.39375 0.03359375 0.05234375
1 0.725 0.3546875 0.02578125 0.03671875
1 0.76796875 0.3875 0.040625 0.06015625
1 0.79921875 0.39609375 0.03203125 0.059375
1 0.8234375 0.3890625 0.028125 0.059375
1 0.85 0.38046875 0.02109375 0.04765625
1 0.86484375 0.3765625 0.021875 0.03984375
1 0.8828125 0.371875 0.025 0.046875
1 0.90625 0.37265625 0.021875 0.03515625
1 0.9265625 0.37421875 0.01640625 0.03515625
1 0.9453125 0.35625 0.0171875 0.025
1 0.41640625 0.33046875 0.02890625 0.0484375
1 0.43359375 0.3265625 0.0203125 0.04296875
1 0.53515625 0.26953125 0.01953125 0.03046875
1 0.51328125 0.28359375 0.01328125 0.02109375
1 0.47890625 0.26171875 0.01484375 0.0265625