1 0.71640625 0.134375 0.0890625 0.175
1 0.25390625 0.51796875 0.0390625 0.075
1 0.16328125 0.90703125 0.1109375 0.175
1 0.08828125 0.865625 0.0859375 0.146875
1 0.103125 0.75703125 0.059375 0.11953125
1 0.03515625 0.671875 0.0484375 0.08359375
1 0.15078125 0.696875 0.0515625 0.078125
1 0.10390625 0.6734375 0.0484375 0.0859375
1 0.35546875 0.603125 0.0390625 0.0609375
1 0.35859375 0.6625 0.0421875 0.05859375
1 0.41640625 0.628125 0.0359375 0.05546875
1 0.4828125 0.59453125 0.034375 0.071875
1 0.55390625 0.6265625 0.0390625 0.075
1 0.58359375 0.725 0.0515625 0.078125
1 0.62421875 0.803125 0.0796875 0.11640625
1 0.78515625 0.72109375 0.0546875 0.125
1 0.95625 0.796875 0.0875 0.1890625
1 0.9234375 0.50703125 0.071875 0.125
1 0.76484375 0.6359375 0.0484375 0.078125
1 0.7828125 0.5890625 0.03125 0.06640625
1 0.8171875 0.59609375 0.03125 0.08046875
1 0.52265625 0.696875 0.0453125 0.078125
1 0.6140625 0.5984375 0.0375 0.08046875
1 0.5921875 0.634375 0.040625 0.075
1 0.575 0.59296875 0.034375 0.053125
1 0.47578125 0.675 0.0453125 0.0609375
1 0.4625 0.63203125 0.0375 0.0640625
1 0.4234375 0.7015625 0.05 0.08046875