1 0.203125 0.3984375 0.04140625 0.09296875
1 0.24921875 0.26953125 0.02109375 0.0375
1 0.27734375 0.2609375 0.0203125 0.0359375
1 0.3109375 0.2390625 0.0171875 0.03125
1 0.32109375 0.2546875 0.0203125 0.04765625
1 0.33515625 0.21640625 0.015625 0.03359375
1 0.34375 0.23125 0.015625 0.03125
1 0.36484375 0.271875 0.01875 0.04140625
1 0.384375 0.2859375 0.0203125 0.0375
1 0.35859375 0.24609375 0.015625 0.0296875
1 0.36328125 0.19921875 0.01484375 0.03125
1 0.38046875 0.18515625 0.0171875 0.03359375
1 0.38515625 0.2203125 0.015625 0.0375
1 0.46015625 0.24296875 0.0203125 0.04375
1 0.434375 0.23125 0.0203125 0.03984375
1 0.40703125 0.18984375 0.01484375 0.03125
1 0.4421875 0.1875 0.01328125 0.0359375
1 0.4421875 0.1671875 0.01328125 0.0296875
1 0.45703125 0.18671875 0.01328125 0.03359375
1 0.475 0.1984375 0.01484375 0.0296875
1 0.475 0.1609375 0.015625 0.02578125
1 0.5046875 0.19140625 0.0171875 0.0359375
1 0.4984375 0.17109375 0.015625 0.0296875
1 0.48203125 0.1375 0.0125 0.0296875
1 0.5234375 0.20234375 0.0171875 0.0375
1 0.53515625 0.16015625 0.015625 0.0359375
1 0.57734375 0.17109375 0.0171875 0.03359375
1 0.5546875 0.1515625 0.01484375 0.0296875
1 0.55625 0.1234375 0.0171875 0.0296875
1 0.57421875 0.14296875 0.01484375 0.0296875
1 0.5796875 0.13046875 0.015625 0.0234375
1 0.6109375 0.1453125 0.0171875 0.0296875
1 0.63125 0.121875 0.01484375 0.0296875
1 0.67109375 0.11796875 0.01484375 0.0296875
1 0.48828125 0.31015625 0.02890625 0.0515625
1 0.55625 0.23515625 0.02578125 0.05546875
1 0.565625 0.28125 0.0265625 0.05703125
1 0.59921875 0.3296875 0.03125 0.075
1 0.6171875 0.23984375 0.025 0.053125
1 0.653125 0.2140625 0.025 0.04921875
1 0.64765625 0.17890625 0.02109375 0.03359375
1 0.6765625 0.15234375 0.015625 0.03125
1 0.684375 0.18515625 0.01796875 0.04921875
1 0.7109375 0.215625 0.02265625 0.03984375
1 0.66875 0.2546875 0.025 0.04765625
1 0.72265625 0.2671875 0.02265625 0.04765625
1 0.76328125 0.290625 0.028125 0.05546875
1 0.8328125 0.3234375 0.0328125 0.06953125
1 0.753125 0.23046875 0.02578125 0.04921875
1 0.728125 0.19921875 0.02578125 0.04765625
1 0.7109375 0.17421875 0.015625 0.0359375
1 0.70078125 0.1453125 0.01328125 0.0296875
1 0.734375 0.11796875 0.01484375 0.02578125
1 0.759375 0.134375 0.01796875 0.0359375
1 0.7421875 0.14140625 0.015625 0.03359375
1 0.75390625 0.171875 0.0171875 0.0359375
1 0.7734375 0.2015625 0.0203125 0.04765625
1 0.77734375 0.15234375 0.015625 0.0359375
1 0.7953125 0.17890625 0.01796875 0.0375
1 0.79765625 0.1265625 0.01328125 0.02734375
1 0.82734375 0.1390625 0.01484375 0.03359375
1 0.8328125 0.18671875 0.01796875 0.04140625
1 0.84609375 0.165625 0.01484375 0.0359375
1 0.81796875 0.22265625 0.0171875 0.04140625
1 0.8515625 0.246875 0.01875 0.0515625
1 0.90390625 0.2640625 0.025 0.05703125
1 0.91171875 0.22890625 0.01796875 0.04375
1 0.87734375 0.196875 0.0171875 0.0375
1 0.88125 0.16875 0.01328125 0.0296875
1 0.884375 0.15390625 0.01484375 0.02734375