1 0.52265625 0.2578125 0.03203125 0.06328125
1 0.5859375 0.22578125 0.01796875 0.04609375
1 0.45234375 0.22421875 0.01640625 0.0390625
1 0.32265625 0.2171875 0.01640625 0.03203125
1 0.3671875 0.19765625 0.0140625 0.028125
1 0.371875 0.18203125 0.01484375 0.028125
1 0.40703125 0.1734375 0.01328125 0.0296875
1 0.43828125 0.15546875 0.01171875 0.025
1 0.6640625 0.221875 0.01875 0.0421875
1 0.62265625 0.196875 0.01796875 0.040625
1 0.71484375 0.221875 0.01796875 0.0390625
1 0.8734375 0.2734375 0.01875 0.04609375
1 0.92421875 0.26875 0.01484375 0.04375
1 0.93359375 0.23046875 0.01328125 0.03671875
1 0.79296875 0.21640625 0.01484375 0.03671875
1 0.8546875 0.19921875 0.01328125 0.03515625
1 0.92109375 0.178125 0.01328125 0.03203125
1 0.93515625 0.19296875 0.01640625 0.0296875
1 0.834375 0.17734375 0.01328125 0.0296875
1 0.85 0.14921875 0.01171875 0.0265625
1 0.87265625 0.15859375 0.01171875 0.028125
1 0.7359375 0.178125 0.01328125 0.028125
1 0.76640625 0.1796875 0.01484375 0.03515625
1 0.7859375 0.171875 0.0140625 0.0296875
1 0.8046875 0.1625 0.01171875 0.028125
1 0.81953125 0.1390625 0.01328125 0.03203125
1 0.79296875 0.13828125 0.0109375 0.0265625
1 0.76171875 0.13828125 0.01796875 0.02265625
1 0.7234375 0.1484375 0.01328125 0.03203125
1 0.73828125 0.14921875 0.01328125 0.0296875
1 0.5 0.19453125 0.01875 0.03359375
1 0.478125 0.19765625 0.01484375 0.025
1 0.46015625 0.1703125 0.01328125 0.03671875
1 0.471875 0.165625 0.01328125 0.03203125
1 0.46640625 0.1375 0.01171875 0.025
1 0.51875 0.1640625 0.01484375 0.03203125
1 0.5328125 0.2109375 0.01796875 0.0296875
1 0.49296875 0.1375 0.01484375 0.028125
1 0.525 0.128125 0.01328125 0.0265625
1 0.54296875 0.16953125 0.01484375 0.028125
1 0.57421875 0.18046875 0.01484375 0.0296875
1 0.5703125 0.125 0.01640625 0.025
1 0.59609375 0.15546875 0.01328125 0.025
1 0.59296875 0.1375 0.01484375 0.028125
1 0.7015625 0.12578125 0.01015625 0.0265625
1 0.61875 0.1125 0.01171875 0.03515625
1 0.6765625 0.1078125 0.01328125 0.03203125
1 0.66015625 0.14453125 0.0109375 0.028125
1 0.65390625 0.11796875 0.0171875 0.025
1 0.659375 0.1875 0.01640625 0.0265625
1 0.9390625 0.17109375 0.0109375 0.028125
1 0.89609375 0.21328125 0.0140625 0.03203125
1 0.87734375 0.23984375 0.01484375 0.0390625
1 0.80625 0.20546875 0.01484375 0.03359375
1 0.70546875 0.196875 0.01796875 0.040625
1 0.43125 0.17578125 0.0140625 0.0265625
1 0.56171875 0.15625 0.0140625 0.0265625
1 0.68984375 0.17578125 0.01328125 0.0296875