1 0.84140625 0.20625 0.01484375 0.0359375
1 0.834375 0.23046875 0.01640625 0.0359375
1 0.86640625 0.2859375 0.0203125 0.04765625
1 0.88984375 0.225 0.01484375 0.0359375
1 0.93046875 0.240625 0.01171875 0.0328125
1 0.9296875 0.2828125 0.01640625 0.04140625
1 0.9109375 0.346875 0.02109375 0.05625
1 0.84140625 0.3421875 0.02421875 0.04765625
1 0.79375 0.315625 0.02421875 0.06640625
1 0.75859375 0.25703125 0.01875 0.04453125
1 0.72734375 0.29453125 0.02109375 0.05859375
1 0.73046875 0.18125 0.01640625 0.04140625
1 0.66328125 0.1984375 0.01484375 0.0375
1 0.6390625 0.24765625 0.015625 0.04609375
1 0.6796875 0.26015625 0.02421875 0.04765625
1 0.59375 0.23984375 0.0171875 0.04453125
1 0.58359375 0.18046875 0.01484375 0.0359375
1 0.621875 0.14375 0.0109375 0.02734375
1 0.50859375 0.1515625 0.01171875 0.02890625
1 0.4984375 0.18984375 0.01328125 0.0375
1 0.54296875 0.196875 0.015625 0.04140625
1 0.48828125 0.22890625 0.01875 0.04609375
1 0.41953125 0.22265625 0.01484375 0.034375
1 0.43515625 0.225 0.0171875 0.04296875
1 0.396875 0.2515625 0.01953125 0.04453125
1 0.340625 0.21171875 0.01328125 0.02578125
1 0.3421875 0.25234375 0.01875 0.0390625