1 0.21171875 0.45703125 0.0375 0.08359375
1 0.2765625 0.25546875 0.0234375 0.053125
1 0.33359375 0.1484375 0.01796875 0.03359375
1 0.40390625 0.11171875 0.01484375 0.03046875
1 0.4203125 0.1484375 0.0125 0.02734375
1 0.4453125 0.1625 0.015625 0.03359375
1 0.46875 0.17109375 0.01796875 0.03828125
1 0.4890625 0.13984375 0.0125 0.02734375
1 0.51484375 0.14140625 0.0125 0.02890625
1 0.53515625 0.1515625 0.01328125 0.03046875
1 0.5625 0.1484375 0.015625 0.03046875
1 0.76171875 0.10703125 0.0171875 0.03515625