1 0.07578125 0.63984375 0.0765625 0.1984375
1 0.16484375 0.640625 0.0421875 0.13359375
1 0.34140625 0.13046875 0.125 0.25703125
1 0.42890625 0.64921875 0.02109375 0.08359375
1 0.47109375 0.6609375 0.021875 0.08515625
1 0.49765625 0.67421875 0.0234375 0.08515625
1 0.6546875 0.58359375 0.10078125 0.33359375
1 0.7265625 0.715625 0.025 0.0984375
1 0.73515625 0.675 0.02421875 0.071875
1 0.78671875 0.675 0.0390625 0.14296875
1 0.85078125 0.68046875 0.0625 0.2015625
1 0.90390625 0.67890625 0.04765625 0.16484375