1 0.05390625 0.221875 0.02421875 0.0359375
1 0.1921875 0.1953125 0.0203125 0.0359375
1 0.2046875 0.21953125 0.02578125 0.0421875
1 0.26015625 0.271875 0.1 0.17109375
1 0.37890625 0.3859375 0.12578125 0.2375
1 0.3296875 0.25546875 0.04375 0.084375
1 0.36015625 0.2296875 0.04765625 0.075
1 0.31015625 0.190625 0.028125 0.0453125
1 0.43203125 0.21953125 0.0640625 0.1078125
1 0.46328125 0.1984375 0.02578125 0.0484375
1 0.4953125 0.21328125 0.0296875 0.05390625
1 0.5328125 0.21640625 0.0296875 0.06015625
1 0.5640625 0.20390625 0.03203125 0.0484375
1 0.59609375 0.20859375 0.0359375 0.06328125
1 0.58984375 0.40546875 0.1 0.17421875
1 0.76171875 0.546875 0.1203125 0.1859375
1 0.65390625 0.1859375 0.06796875 0.12578125
1 0.734375 0.2375 0.0359375 0.06640625
1 0.69921875 0.23125 0.03828125 0.0484375
1 0.8296875 0.1921875 0.07578125 0.12578125