1 0.06640625 0.55546875 0.05390625 0.09375
1 0.15546875 0.5734375 0.0453125 0.0765625
1 0.10625 0.50703125 0.04140625 0.071875
1 0.0625 0.4546875 0.03515625 0.0640625
1 0.015625 0.49375 0.02734375 0.0640625
1 0.0484375 0.4234375 0.03046875 0.04921875
1 0.02734375 0.4015625 0.02734375 0.05703125
1 0.01015625 0.3609375 0.01953125 0.0515625
1 0.0125 0.28515625 0.01015625 0.0171875
1 0.015625 0.29921875 0.0125 0.02578125
1 0.03203125 0.3015625 0.0109375 0.02265625
1 0.04375 0.3109375 0.01640625 0.02421875
1 0.0578125 0.32578125 0.01953125 0.03125
1 0.090625 0.35546875 0.02109375 0.03203125
1 0.1265625 0.3609375 0.02109375 0.03828125
1 0.159375 0.37734375 0.02109375 0.03671875
1 0.18125 0.39296875 0.0234375 0.03828125
1 0.203125 0.39453125 0.015625 0.03515625
1 0.22734375 0.425 0.0234375 0.04375
1 0.2578125 0.4265625 0.02265625 0.0390625
1 0.328125 0.4828125 0.0296875 0.0578125
1 0.3734375 0.47109375 0.03515625 0.06171875
1 0.4015625 0.475 0.03046875 0.046875
1 0.46015625 0.49765625 0.0234375 0.0578125
1 0.4890625 0.51171875 0.0265625 0.04765625
1 0.51796875 0.50390625 0.028125 0.0578125
1 0.47421875 0.4671875 0.0203125 0.03515625
1 0.4984375 0.465625 0.015625 0.040625
1 0.5265625 0.47265625 0.0171875 0.03203125
1 0.440625 0.44609375 0.02421875 0.034375
1 0.3984375 0.42578125 0.02109375 0.03828125
1 0.3734375 0.4125 0.01953125 0.03828125
1 0.35390625 0.403125 0.02109375 0.02734375
1 0.340625 0.44375 0.0171875 0.0390625
1 0.30390625 0.45234375 0.02421875 0.03984375
1 0.30390625 0.409375 0.0171875 0.0296875
1 0.2859375 0.40703125 0.0171875 0.02734375
1 0.6671875 0.5375 0.03125 0.06015625
1 0.7203125 0.5140625 0.02734375 0.05078125
1 0.703125 0.51171875 0.01640625 0.0421875
1 0.76171875 0.51875 0.02265625 0.04296875
1 0.7828125 0.51171875 0.015625 0.03828125
1 0.7921875 0.4890625 0.0125 0.0359375
1 0.80859375 0.5234375 0.02109375 0.03984375
1 0.85390625 0.534375 0.01796875 0.03515625
1 0.834375 0.5140625 0.01640625 0.034375
1 0.9015625 0.51640625 0.0140625 0.03125
1 0.91953125 0.51171875 0.0125 0.0296875
1 0.9296875 0.5015625 0.01171875 0.0234375
1 0.93984375 0.5203125 0.0140625 0.025
1 0.94921875 0.49609375 0.01328125 0.0203125
1 0.97265625 0.5203125 0.015625 0.0296875
1 0.065625 0.29921875 0.01015625 0.01875
1 0.0421875 0.28984375 0.015625 0.0203125
1 0.07890625 0.32265625 0.0171875 0.028125
1 0.10703125 0.3296875 0.0171875 0.02734375
1 0.1390625 0.33515625 0.0109375 0.02734375
1 0.12734375 0.325 0.01328125 0.0296875
1 0.14375 0.31875 0.0109375 0.0234375
1 0.1703125 0.32109375 0.01171875 0.02578125
1 0.19765625 0.3421875 0.015625 0.02578125
1 0.184375 0.3359375 0.01328125 0.0203125
1 0.24609375 0.37578125 0.0171875 0.0296875
1 0.23046875 0.34921875 0.0109375 0.0203125
1 0.27890625 0.36796875 0.01328125 0.0203125
1 0.2875 0.36171875 0.0140625 0.02734375
1 0.29375 0.35390625 0.01171875 0.01953125
1 0.2734375 0.3453125 0.0140625 0.02265625
1 0.25859375 0.36328125 0.01484375 0.025
1 0.24140625 0.32421875 0.01484375 0.0203125
1 0.565625 0.5140625 0.0234375 0.0484375
1 0.61171875 0.51953125 0.0234375 0.046875
1 0.64765625 0.52109375 0.01640625 0.040625
1 0.6921875 0.48125 0.0203125 0.0375
1 0.678125 0.50390625 0.0171875 0.0375
1 0.6703125 0.47734375 0.01875 0.03125
1 0.64296875 0.4796875 0.0171875 0.03515625
1 0.628125 0.478125 0.0140625 0.0328125
1 0.6109375 0.47734375 0.0203125 0.0328125
1 0.5859375 0.478125 0.01640625 0.03671875
1 0.5734375 0.48359375 0.01953125 0.03984375
1 0.56640625 0.45703125 0.0171875 0.02734375
1 0.58515625 0.45234375 0.015625 0.02578125
1 0.609375 0.4484375 0.0125 0.0234375
1 0.62734375 0.44609375 0.01484375 0.0296875
1 0.64921875 0.46640625 0.0125 0.0296875
1 0.696875 0.45546875 0.01328125 0.02890625
1 0.7171875 0.46328125 0.015625 0.0328125
1 0.72265625 0.43828125 0.0109375 0.02109375
1 0.75390625 0.4734375 0.0140625 0.0296875
1 0.73828125 0.46796875 0.0109375 0.0265625
1 0.7671875 0.4625 0.0109375 0.02421875
1 0.77890625 0.44375 0.009375 0.0203125
1 0.790625 0.45546875 0.0109375 0.02421875
1 0.8609375 0.51484375 0.0125 0.028125
1 0.8671875 0.49921875 0.0125 0.02421875
1 0.87890625 0.49609375 0.0140625 0.028125
1 0.85078125 0.478125 0.01328125 0.02578125
1 0.81875 0.48359375 0.01484375 0.03125
1 0.64765625 0.4359375 0.01328125 0.0203125
1 0.70625 0.43125 0.01171875 0.0171875
1 0.69609375 0.43203125 0.01015625 0.0171875
1 0.81015625 0.46640625 0.01171875 0.02109375
1 0.82734375 0.478125 0.00859375 0.02265625
1 0.74453125 0.49609375 0.015625 0.03203125
1 0.446875 0.40859375 0.0171875 0.03515625
1 0.45859375 0.440625 0.0140625 0.028125
1 0.48125 0.453125 0.01953125 0.0375
1 0.49453125 0.43125 0.01875 0.03125
1 0.4875 0.41484375 0.01796875 0.03125
1 0.53203125 0.446875 0.01640625 0.02734375
1 0.54296875 0.4265625 0.0109375 0.0265625
1 0.55703125 0.43203125 0.01171875 0.02109375
1 0.56953125 0.43046875 0.0109375 0.02421875
1 0.584375 0.4296875 0.01328125 0.021875
1 0.58515625 0.4109375 0.0109375 0.01796875
1 0.59765625 0.4046875 0.00859375 0.0203125
1 0.5875 0.39453125 0.00703125 0.0171875
1 0.5796875 0.39921875 0.00625 0.01875
1 0.628125 0.40234375 0.00859375 0.01171875
1 0.64375 0.41796875 0.00859375 0.01875
1 0.565625 0.41328125 0.01015625 0.0203125
1 0.56171875 0.39453125 0.00859375 0.0203125
1 0.54765625 0.41171875 0.0078125 0.01640625
1 0.521875 0.4359375 0.015625 0.0296875
1 0.51328125 0.4046875 0.0140625 0.021875
1 0.51953125 0.3859375 0.00859375 0.01796875
1 0.5078125 0.38046875 0.0078125 0.0140625
1 0.4765625 0.41484375 0.01171875 0.02578125
1 0.46796875 0.39453125 0.01015625 0.0203125
1 0.47734375 0.3828125 0.00703125 0.01875
1 0.48671875 0.37734375 0.0078125 0.01484375
1 0.4953125 0.3859375 0.00703125 0.0171875
1 0.4578125 0.34453125 0.00859375 0.0171875
1 0.446875 0.38515625 0.01015625 0.0171875
1 0.45625 0.39375 0.01015625 0.0171875
1 0.4234375 0.3796875 0.009375 0.01953125
1 0.434375 0.38671875 0.0125 0.02265625
1 0.42734375 0.41484375 0.01171875 0.02734375
1 0.41328125 0.4171875 0.01328125 0.0296875
1 0.4140625 0.39375 0.0109375 0.0203125
1 0.403125 0.37890625 0.00859375 0.01875
1 0.409375 0.36953125 0.00859375 0.015625
1 0.415625 0.36484375 0.00546875 0.01796875
1 0.3875 0.39609375 0.01328125 0.0296875
1 0.37890625 0.37734375 0.01171875 0.01953125
1 0.39375 0.36953125 0.01171875 0.0203125
1 0.36953125 0.35 0.01015625 0.01328125
1 0.3640625 0.3890625 0.01171875 0.02734375
1 0.3609375 0.36875 0.01171875 0.0234375
1 0.34375 0.3796875 0.0140625 0.01796875
1 0.35234375 0.36171875 0.0078125 0.0203125
1 0.35390625 0.34609375 0.01015625 0.0203125
1 0.53203125 0.403125 0.00859375 0.01796875
1 0.5453125 0.38984375 0.00703125 0.01640625
1 0.23046875 0.39453125 0.01875 0.03515625
1 0.21484375 0.38359375 0.015625 0.034375
1 0.21953125 0.35859375 0.0125 0.02421875
1 0.2234375 0.33359375 0.009375 0.01875
1 0.2078125 0.3265625 0.0125 0.0234375
1 0.66328125 0.43125 0.01015625 0.021875
1 0.67578125 0.42890625 0.01015625 0.02109375