1 0.02265625 0.52890625 0.02734375 0.0453125
1 0.05390625 0.55234375 0.034375 0.0515625
1 0.0921875 0.4984375 0.0234375 0.02734375
1 0.11875 0.52109375 0.02734375 0.0421875
1 0.15546875 0.48359375 0.0203125 0.02734375
1 0.18359375 0.46953125 0.01796875 0.03046875
1 0.19765625 0.459375 0.01640625 0.02734375
1 0.2078125 0.546875 0.02734375 0.0390625
1 0.2171875 0.48828125 0.0203125 0.0359375
1 0.24609375 0.47265625 0.0203125 0.03046875
1 0.2890625 0.51015625 0.021875 0.0390625
1 0.32890625 0.47734375 0.021875 0.0453125
1 0.32421875 0.43828125 0.0203125 0.02734375
1 0.3546875 0.4515625 0.01484375 0.02421875
1 0.3734375 0.52421875 0.0234375 0.05390625
1 0.2875 0.44609375 0.01796875 0.0359375
1 0.2625 0.34375 0.0203125 0.0359375
1 0.634375 0.40625 0.03671875 0.06640625
1 0.65625 0.47265625 0.05078125 0.09609375
1 0.79609375 0.48515625 0.0875 0.15078125
1 0.8875 0.575 0.178125 0.246875
1 0.67109375 0.31796875 0.02578125 0.0453125
1 0.6234375 0.365625 0.02578125 0.0453125
1 0.59375 0.3765625 0.01640625 0.0359375