1 0.11875 0.2625 0.02421875 0.0421875
1 0.18984375 0.3140625 0.040625 0.09140625
1 0.1765625 0.4390625 0.04609375 0.08828125
1 0.3546875 0.2140625 0.02109375 0.040625
1 0.4265625 0.21875 0.02109375 0.0421875
1 0.45390625 0.1984375 0.02578125 0.04765625
1 0.5078125 0.11796875 0.025 0.04609375
1 0.56171875 0.1078125 0.025 0.04609375
1 0.625 0.13203125 0.01875 0.0421875
1 0.5484375 0.19140625 0.02109375 0.04375
1 0.58203125 0.2078125 0.025 0.04609375
1 0.64140625 0.24765625 0.02890625 0.0546875
1 0.72109375 0.27421875 0.02890625 0.06171875
1 0.84375 0.34140625 0.0328125 0.0578125
1 0.8375 0.21484375 0.021875 0.04609375
1 0.91484375 0.28515625 0.0265625 0.05078125
1 0.9296875 0.16328125 0.01328125 0.03359375
1 0.90234375 0.12421875 0.0171875 0.03359375