0 0.5140625 0.71640625 0.0984375 0.2
0 0.3015625 0.4765625 0.04296875 0.08671875
0 0.6734375 0.40859375 0.0296875 0.08984375
0 0.5921875 0.50859375 0.021875 0.04296875
0 0.603125 0.43671875 0.01640625 0.03984375
0 0.50859375 0.40859375 0.01015625 0.0234375
0 0.52734375 0.51796875 0.01796875 0.04296875
0 0.53828125 0.46484375 0.01328125 0.0296875
0 0.48046875 0.4546875 0.01484375 0.03671875
0 0.41171875 0.46171875 0.01328125 0.0296875
0 0.44296875 0.4546875 0.01015625 0.0296875
0 0.71953125 0.3796875 0.01484375 0.03359375