1 0.09609375 0.5984375 0.0546875 0.12109375
1 0.1953125 0.3015625 0.021875 0.05
1 0.2234375 0.2890625 0.021875 0.0515625
1 0.26484375 0.253125 0.0203125 0.046875
1 0.30546875 0.22578125 0.01953125 0.04296875
1 0.3171875 0.25703125 0.0234375 0.05
1 0.3484375 0.21796875 0.01875 0.0453125
1 0.3703125 0.27109375 0.025 0.05
1 0.36015625 0.2046875 0.01953125 0.03984375
1 0.38828125 0.196875 0.0203125 0.04140625
1 0.38671875 0.2484375 0.01796875 0.04296875
1 0.4375 0.32109375 0.025 0.05703125
1 0.46796875 0.25625 0.02265625 0.05859375
1 0.425 0.21015625 0.021875 0.046875
1 0.4328125 0.17578125 0.0125 0.03984375
1 0.453125 0.171875 0.01640625 0.0328125
1 0.4890625 0.16484375 0.01875 0.03984375
1 0.49375 0.21015625 0.01875 0.05
1 0.51796875 0.17421875 0.01875 0.046875
1 0.55 0.2265625 0.01953125 0.0453125
1 0.5546875 0.1703125 0.01640625 0.04296875
1 0.55078125 0.14375 0.015625 0.034375
1 0.57578125 0.1421875 0.0140625 0.03828125
1 0.57890625 0.1765625 0.01796875 0.0453125
1 0.57734375 0.21015625 0.01484375 0.03984375
1 0.60078125 0.1984375 0.01796875 0.046875
1 0.6046875 0.1625 0.01640625 0.034375
1 0.59453125 0.1296875 0.015625 0.03828125
1 0.6203125 0.209375 0.0171875 0.0484375
1 0.62890625 0.13515625 0.01640625 0.04140625
1 0.65546875 0.18515625 0.0171875 0.03828125
1 0.653125 0.15078125 0.015625 0.034375
1 0.6671875 0.13203125 0.0125 0.0328125
1 0.6859375 0.146875 0.0171875 0.03828125
1 0.68671875 0.17578125 0.01796875 0.04296875
1 0.6875 0.22109375 0.0171875 0.0484375
1 0.67265625 0.23671875 0.01953125 0.0515625
1 0.70859375 0.16953125 0.015625 0.0453125
1 0.615625 0.30078125 0.028125 0.05546875
1 0.5703125 0.3515625 0.028125 0.06953125
1 0.60390625 0.38671875 0.0265625 0.0640625
1 0.66015625 0.409375 0.0296875 0.07109375
1 0.72109375 0.42109375 0.02578125 0.08125
1 0.728125 0.2734375 0.0234375 0.05546875
1 0.75078125 0.30078125 0.01953125 0.0453125
1 0.79765625 0.46796875 0.03046875 0.09140625
1 0.865625 0.50703125 0.03046875 0.08671875
1 0.88671875 0.41796875 0.02421875 0.07109375
1 0.86171875 0.35234375 0.0203125 0.05390625
1 0.8125 0.3078125 0.02265625 0.05546875
1 0.790625 0.27578125 0.0203125 0.05390625
1 0.73984375 0.24140625 0.01953125 0.046875
1 0.7484375 0.20234375 0.0171875 0.0453125
1 0.7703125 0.1921875 0.01640625 0.0453125
1 0.79921875 0.234375 0.01640625 0.03671875
1 0.8203125 0.2375 0.01953125 0.04296875
1 0.8078125 0.2 0.0171875 0.03984375
1 0.84296875 0.2203125 0.015625 0.03671875
1 0.86796875 0.24140625 0.0125 0.03984375
1 0.87890625 0.240625 0.0125 0.0453125
1 0.8984375 0.23671875 0.01640625 0.04140625
1 0.8984375 0.26796875 0.01484375 0.0453125
1 0.884375 0.29921875 0.01875 0.0515625
1 0.92109375 0.3484375 0.01953125 0.05703125
1 0.94609375 0.3953125 0.02421875 0.07109375
1 0.95 0.49453125 0.02265625 0.06953125
1 0.97421875 0.3796875 0.01796875 0.0609375
1 0.97265625 0.33359375 0.015625 0.04140625
1 0.97890625 0.265625 0.0125 0.03671875
1 0.9453125 0.25234375 0.0125 0.04140625
1 0.92890625 0.28515625 0.01640625 0.0515625