1 0.04296875 0.68828125 0.0515625 0.075
1 0.13515625 0.59453125 0.0328125 0.046875
1 0.19140625 0.5765625 0.03125 0.04140625
1 0.2828125 0.51796875 0.02421875 0.0390625
1 0.37421875 0.5140625 0.0171875 0.0359375
1 0.46953125 0.509375 0.01875 0.03125
1 0.5328125 0.5078125 0.0171875 0.03359375
1 0.59296875 0.50625 0.02421875 0.0359375
1 0.6828125 0.51171875 0.0203125 0.03125
1 0.7 0.50625 0.0203125 0.0359375
1 0.7890625 0.57109375 0.02578125 0.046875
1 0.834375 0.58671875 0.03125 0.04140625
1 0.928125 0.6421875 0.05 0.06953125
1 0.9796875 0.59921875 0.034375 0.0515625
1 0.97265625 0.57265625 0.02734375 0.0390625
1 0.803125 0.88359375 0.096875 0.17578125
1 0.6640625 0.69609375 0.0515625 0.075
1 0.740625 0.66953125 0.046875 0.07265625
1 0.58984375 0.69609375 0.0515625 0.0953125
1 0.61953125 0.6328125 0.04296875 0.07265625
1 0.5921875 0.5875 0.0359375 0.04921875
1 0.54453125 0.59453125 0.03125 0.046875
1 0.41328125 0.72578125 0.053125 0.07734375
1 0.33125 0.7 0.0484375 0.0828125
1 0.3796875 0.60625 0.0203125 0.04375
1 0.39921875 0.59921875 0.02265625 0.04140625
1 0.425 0.61015625 0.02578125 0.04140625
1 0.48515625 0.59296875 0.0296875 0.04921875
1 0.0796875 0.95703125 0.1 0.08515625