1 0.26875 0.25703125 0.01484375 0.02734375
1 0.28125 0.2484375 0.01640625 0.02734375
1 0.3 0.24609375 0.01875 0.0359375
1 0.3609375 0.2421875 0.02265625 0.04296875
1 0.3953125 0.2625 0.01328125 0.0328125
1 0.39765625 0.21328125 0.01328125 0.02890625
1 0.365625 0.19453125 0.015625 0.02578125
1 0.38984375 0.1875 0.00859375 0.021875
1 0.40390625 0.1953125 0.0125 0.02421875
1 0.440625 0.22109375 0.01875 0.034375
1 0.4203125 0.1640625 0.0109375 0.02421875
1 0.44921875 0.18125 0.0125 0.03046875
1 0.46875 0.1578125 0.01171875 0.0203125
1 0.46875 0.13671875 0.00859375 0.0171875
1 0.48046875 0.175 0.01484375 0.02734375
1 0.52109375 0.203125 0.0171875 0.0328125
1 0.490625 0.190625 0.01640625 0.0328125
1 0.52890625 0.1640625 0.01484375 0.02421875
1 0.503125 0.1265625 0.01171875 0.0203125
1 0.50078125 0.1546875 0.01171875 0.01875
1 0.5390625 0.11640625 0.0125 0.0203125
1 0.56015625 0.1109375 0.00859375 0.0171875
1 0.54375 0.16875 0.0109375 0.021875
1 0.58125 0.165625 0.0125 0.02578125
1 0.5703125 0.14375 0.0109375 0.02421875
1 0.5828125 0.11328125 0.0109375 0.0203125
1 0.59375 0.0984375 0.009375 0.01875
1 0.61796875 0.12421875 0.0109375 0.02890625
1 0.6203125 0.096875 0.0109375 0.01875
1 0.58828125 0.13984375 0.00859375 0.021875
1 0.60703125 0.15078125 0.01171875 0.02421875
1 0.65625 0.12734375 0.0109375 0.01875
1 0.646875 0.11640625 0.0078125 0.0203125
1 0.6453125 0.09609375 0.009375 0.0203125
1 0.67265625 0.1015625 0.01171875 0.02890625
1 0.70234375 0.1 0.01328125 0.02890625
1 0.67890625 0.1421875 0.0125 0.0203125
1 0.66484375 0.1609375 0.01484375 0.02734375
1 0.61484375 0.2046875 0.01640625 0.0328125
1 0.5625 0.2515625 0.01640625 0.034375
1 0.496875 0.29765625 0.02265625 0.04453125
1 0.52890625 0.321875 0.03203125 0.04453125
1 0.60703125 0.31328125 0.02734375 0.0546875
1 0.6125 0.25625 0.02109375 0.0359375
1 0.66484375 0.20546875 0.01953125 0.0375
1 0.6859375 0.3125 0.02265625 0.05625
1 0.7078125 0.25390625 0.0234375 0.04296875
1 0.69140625 0.22265625 0.01640625 0.034375
1 0.70625 0.17265625 0.01484375 0.034375
1 0.73359375 0.18203125 0.01484375 0.0359375
1 0.75234375 0.2140625 0.01875 0.04140625
1 0.7640625 0.28359375 0.0265625 0.04296875
1 0.75546875 0.334375 0.03984375 0.06328125
1 0.7921875 0.390625 0.03046875 0.05859375
1 0.89765625 0.36328125 0.03203125 0.05859375
1 0.8390625 0.3109375 0.0234375 0.05
1 0.809375 0.240625 0.0203125 0.0390625
1 0.7828125 0.2015625 0.01484375 0.0328125
1 0.78203125 0.15859375 0.015625 0.0359375
1 0.82734375 0.15078125 0.0125 0.02734375
1 0.8328125 0.2078125 0.0171875 0.0390625
1 0.86875 0.2640625 0.015625 0.04453125
1 0.87578125 0.209375 0.01484375 0.0328125
1 0.87890625 0.1765625 0.01328125 0.03046875
1 0.859375 0.1421875 0.015625 0.02421875
1 0.84453125 0.12421875 0.009375 0.02890625
1 0.871875 0.11953125 0.01171875 0.0203125
1 0.8296875 0.12890625 0.01328125 0.01875
1 0.8859375 0.1484375 0.0125 0.021875
1 0.90625 0.1421875 0.0109375 0.02734375
1 0.92578125 0.14609375 0.009375 0.02578125
1 0.959375 0.0984375 0.01171875 0.02890625
1 0.93125 0.2015625 0.01171875 0.0328125
1 0.9234375 0.2390625 0.01484375 0.0359375
1 0.9140625 0.2859375 0.02265625 0.0546875