1 0.14921875 0.24140625 0.01953125 0.034375
1 0.38046875 0.19921875 0.02734375 0.0546875
1 0.41953125 0.21015625 0.0203125 0.040625
1 0.45078125 0.23046875 0.02578125 0.0484375
1 0.5640625 0.18671875 0.01796875 0.0421875
1 0.55390625 0.159375 0.01796875 0.03203125
1 0.63046875 0.12421875 0.0171875 0.034375
1 0.61875 0.13515625 0.01484375 0.03671875
1 0.67421875 0.175 0.01953125 0.0421875
1 0.6796875 0.21796875 0.0203125 0.04453125
1 0.625 0.22109375 0.025 0.05078125
1 0.63671875 0.30625 0.02734375 0.06640625
1 0.62265625 0.275 0.01953125 0.040625
1 0.69375 0.2578125 0.03046875 0.0546875
1 0.9375 0.24609375 0.0234375 0.05234375