1 0.38984375 0.271875 0.02109375 0.034375
1 0.46953125 0.2234375 0.025 0.03203125
1 0.5078125 0.12578125 0.01171875 0.0203125
1 0.56640625 0.12578125 0.01484375 0.0234375
1 0.578125 0.13125 0.0109375 0.0203125
1 0.60546875 0.1171875 0.0140625 0.0171875
1 0.640625 0.24765625 0.0265625 0.04609375
1 0.496875 0.3203125 0.0234375 0.0421875
1 0.55078125 0.3328125 0.028125 0.04609375
1 0.65390625 0.21953125 0.0234375 0.040625
1 0.7859375 0.284375 0.028125 0.0609375
1 0.859375 0.30625 0.02890625 0.0546875
1 0.9171875 0.1515625 0.0171875 0.0234375
1 0.94609375 0.16015625 0.01171875 0.02734375