1 0.05546875 0.53359375 0.090625 0.13359375
1 0.1796875 0.496875 0.05625 0.08046875
1 0.26640625 0.52890625 0.05546875 0.090625
1 0.3234375 0.5109375 0.065625 0.10859375
1 0.4390625 0.50546875 0.03984375 0.0703125
1 0.53828125 0.53125 0.11796875 0.190625
1 0.665625 0.403125 0.03828125 0.06015625
1 0.59609375 0.51640625 0.028125 0.06328125
1 0.7109375 0.50703125 0.0625 0.11875
1 0.6625 0.5140625 0.0328125 0.06171875
1 0.82734375 0.47109375 0.13203125 0.24453125
1 0.028125 0.32421875 0.04765625 0.1390625