1 0.0875 0.5578125 0.04609375 0.1078125
1 0.19296875 0.2796875 0.0171875 0.0453125
1 0.21484375 0.29296875 0.0203125 0.0453125
1 0.25625 0.24375 0.01796875 0.04375
1 0.29609375 0.246875 0.01640625 0.040625
1 0.29609375 0.21015625 0.01484375 0.04375
1 0.3125 0.2375 0.01640625 0.0484375
1 0.33671875 0.2203125 0.01875 0.04375
1 0.353125 0.2703125 0.01953125 0.046875
1 0.38125 0.24375 0.01640625 0.04375
1 0.35390625 0.2046875 0.01875 0.04375
1 0.3796875 0.19609375 0.0171875 0.03515625
1 0.42109375 0.1984375 0.0171875 0.03671875
1 0.4234375 0.3109375 0.01875 0.05078125
1 0.41484375 0.16953125 0.01015625 0.03046875
1 0.43125 0.16953125 0.0171875 0.03046875
1 0.4515625 0.16015625 0.015625 0.03515625
1 0.48359375 0.165625 0.015625 0.03828125
1 0.4828125 0.215625 0.0140625 0.0453125
1 0.4625 0.24765625 0.0234375 0.0484375
1 0.5421875 0.221875 0.01640625 0.03671875
1 0.5078125 0.1734375 0.01796875 0.04375
1 0.5453125 0.16015625 0.0140625 0.03203125
1 0.56640625 0.203125 0.01640625 0.03359375
1 0.61171875 0.2015625 0.01484375 0.03359375
1 0.56484375 0.140625 0.01328125 0.025
1 0.5453125 0.13828125 0.0140625 0.03203125
1 0.58515625 0.12421875 0.0125 0.03359375
1 0.6015625 0.1859375 0.0140625 0.03828125
1 0.59609375 0.15703125 0.01328125 0.02890625
1 0.621875 0.1328125 0.0125 0.03046875
1 0.64765625 0.14921875 0.0140625 0.03046875
1 0.65 0.18671875 0.01484375 0.03046875
1 0.65703125 0.13828125 0.01171875 0.03203125
1 0.678125 0.16953125 0.01640625 0.040625
1 0.68046875 0.13828125 0.0125 0.03203125
1 0.6984375 0.16796875 0.01328125 0.03359375
1 0.6859375 0.2171875 0.01640625 0.040625
1 0.6046875 0.2921875 0.021875 0.06015625
1 0.65625 0.2515625 0.01875 0.05234375
1 0.5640625 0.3453125 0.021875 0.05859375
1 0.59921875 0.36484375 0.021875 0.05078125
1 0.6484375 0.4203125 0.02421875 0.0640625
1 0.71953125 0.421875 0.01953125 0.06015625
1 0.77734375 0.45234375 0.02890625 0.07734375
1 0.85546875 0.49609375 0.02890625 0.07421875
1 0.8703125 0.41875 0.0234375 0.0640625
1 0.96484375 0.46015625 0.02265625 0.0640625
1 0.94609375 0.3875 0.0171875 0.05546875
1 0.9203125 0.359375 0.01953125 0.0640625
1 0.86484375 0.31796875 0.01796875 0.046875
1 0.853125 0.37734375 0.02109375 0.0453125
1 0.80546875 0.3046875 0.02109375 0.05546875
1 0.73828125 0.3015625 0.01875 0.0484375
1 0.7140625 0.26328125 0.01796875 0.0453125
1 0.728125 0.24140625 0.01875 0.0484375
1 0.74140625 0.20234375 0.01640625 0.03203125
1 0.7609375 0.18984375 0.01484375 0.03359375
1 0.78046875 0.21796875 0.01484375 0.03828125
1 0.78515625 0.26328125 0.01640625 0.0421875
1 0.803125 0.19296875 0.01328125 0.03671875
1 0.81015625 0.2296875 0.01484375 0.03828125
1 0.8234375 0.2171875 0.01484375 0.040625
1 0.86171875 0.2375 0.0140625 0.0453125
1 0.88515625 0.2859375 0.01875 0.05078125
1 0.8953125 0.2625 0.0140625 0.03671875
1 0.8984375 0.23203125 0.01484375 0.03671875
1 0.9234375 0.275 0.0125 0.0421875
1 0.94609375 0.2515625 0.01171875 0.03515625
1 0.97734375 0.26171875 0.0140625 0.03828125
1 0.96796875 0.37421875 0.015625 0.0421875
1 0.9671875 0.334375 0.0140625 0.03671875
1 0.96796875 0.3078125 0.0140625 0.03046875