1 0.07109375 0.53046875 0.0453125 0.0875
1 0.2171875 0.3546875 0.02265625 0.03828125
1 0.25390625 0.353125 0.0234375 0.04921875
1 0.2796875 0.37421875 0.02265625 0.04375
1 0.2796875 0.31484375 0.01796875 0.03359375
1 0.32578125 0.37578125 0.025 0.05234375
1 0.3453125 0.3359375 0.0171875 0.03671875
1 0.346875 0.29921875 0.01953125 0.03671875
1 0.37265625 0.33671875 0.0171875 0.03984375
1 0.4 0.34453125 0.02265625 0.03671875
1 0.43671875 0.3578125 0.021875 0.040625
1 0.425 0.31796875 0.0203125 0.040625
1 0.396875 0.30546875 0.01796875 0.0296875
1 0.38203125 0.27890625 0.0171875 0.03125
1 0.409375 0.2546875 0.015625 0.0296875
1 0.41953125 0.28046875 0.015625 0.03359375
1 0.4484375 0.32421875 0.01796875 0.03671875
1 0.4859375 0.33125 0.021875 0.03671875
1 0.43828125 0.25703125 0.0125 0.03125
1 0.459375 0.27578125 0.01484375 0.03515625
1 0.4546875 0.246875 0.01328125 0.028125
1 0.4828125 0.26953125 0.01484375 0.028125
1 0.4921875 0.2578125 0.01328125 0.02265625
1 0.5078125 0.27890625 0.01640625 0.03359375
1 0.525 0.25703125 0.01484375 0.03359375
1 0.54453125 0.22421875 0.0109375 0.03125
1 0.559375 0.225 0.0125 0.02109375
1 0.553125 0.24765625 0.0140625 0.0265625
1 0.5578125 0.2890625 0.0125 0.03359375
1 0.5515625 0.271875 0.01484375 0.025
1 0.578125 0.23671875 0.0140625 0.028125
1 0.59140625 0.21171875 0.0171875 0.03125
1 0.60703125 0.21640625 0.0140625 0.0328125
1 0.63125 0.22265625 0.01328125 0.028125
1 0.61015625 0.2625 0.0171875 0.028125
1 0.64765625 0.23671875 0.0140625 0.03359375
1 0.65859375 0.23515625 0.0125 0.0265625
1 0.6796875 0.2625 0.01875 0.03671875
1 0.65 0.27421875 0.01796875 0.0328125
1 0.609375 0.3015625 0.0171875 0.03671875
1 0.57578125 0.32734375 0.021875 0.0421875
1 0.54375 0.3546875 0.02109375 0.05234375
1 0.52109375 0.41171875 0.0265625 0.05625
1 0.45 0.41640625 0.03203125 0.0546875
1 0.55625 0.44140625 0.03125 0.0703125
1 0.565625 0.42734375 0.028125 0.05390625
1 0.609375 0.46328125 0.03515625 0.075
1 0.6390625 0.37421875 0.02421875 0.0609375
1 0.6625 0.35625 0.021875 0.0546875
1 0.63046875 0.3421875 0.0203125 0.040625
1 0.6703125 0.29453125 0.021875 0.03671875
1 0.69375 0.29375 0.01796875 0.0421875
1 0.70625 0.26796875 0.01875 0.0421875
1 0.715625 0.2515625 0.0140625 0.0328125
1 0.7234375 0.23515625 0.01484375 0.03359375
1 0.75078125 0.23828125 0.015625 0.03359375
1 0.73671875 0.2921875 0.0171875 0.03671875
1 0.7125 0.4078125 0.0265625 0.05625
1 0.68046875 0.50546875 0.040625 0.0890625
1 0.7609375 0.42265625 0.028125 0.0609375
1 0.7671875 0.52890625 0.03984375 0.0875
1 0.8109375 0.4453125 0.03046875 0.06484375
1 0.88515625 0.4078125 0.025 0.05390625
1 0.871875 0.475 0.03203125 0.071875
1 0.828125 0.38125 0.0234375 0.05234375
1 0.775 0.38671875 0.02421875 0.05390625
1 0.7921875 0.35703125 0.01953125 0.04765625
1 0.771875 0.31484375 0.0171875 0.046875
1 0.8109375 0.33125 0.01796875 0.03984375
1 0.82890625 0.28203125 0.01875 0.03359375
1 0.8078125 0.26484375 0.0140625 0.03515625
1 0.79375 0.28359375 0.01640625 0.03359375
1 0.834375 0.2578125 0.0171875 0.03125
1 0.86171875 0.29375 0.0140625 0.03828125
1 0.8515625 0.328125 0.01484375 0.03515625
1 0.84296875 0.3703125 0.0171875 0.046875
1 0.8875 0.359375 0.0171875 0.0421875
1 0.8921875 0.30703125 0.01640625 0.040625
1 0.9015625 0.33203125 0.021875 0.03515625
1 0.89453125 0.27421875 0.0125 0.0328125