1 0.00859375 0.5328125 0.015625 0.04296875
1 0.02109375 0.52109375 0.025 0.0375
1 0.021875 0.490625 0.02578125 0.0390625
1 0.06484375 0.5703125 0.04453125 0.071875
1 0.1375 0.59140625 0.0453125 0.071875
1 0.115625 0.5015625 0.02421875 0.0359375
1 0.140625 0.50703125 0.0203125 0.0359375
1 0.16171875 0.525 0.01953125 0.0359375
1 0.16640625 0.503125 0.02109375 0.025
1 0.175 0.47265625 0.0171875 0.03359375
1 0.1984375 0.5390625 0.03359375 0.05234375
1 0.221875 0.5203125 0.0234375 0.03984375
1 0.2203125 0.490625 0.0234375 0.03203125
1 0.2578125 0.5125 0.0234375 0.04140625
1 0.24765625 0.5671875 0.0390625 0.0625
1 0.296875 0.63203125 0.04921875 0.0875
1 0.346875 0.6078125 0.05 0.0828125
1 0.30703125 0.53203125 0.0265625 0.05234375
1 0.29609375 0.49609375 0.02109375 0.03359375
1 0.328125 0.5 0.01953125 0.0390625
1 0.34921875 0.52109375 0.02421875 0.04296875
1 0.37421875 0.48515625 0.01875 0.034375
1 0.3953125 0.55625 0.03046875 0.0515625
1 0.415625 0.58828125 0.03984375 0.06953125
1 0.428125 0.55 0.02421875 0.046875
1 0.4515625 0.49296875 0.01640625 0.03359375
1 0.48046875 0.503125 0.01875 0.03984375
1 0.503125 0.4875 0.015625 0.03359375
1 0.496875 0.5375 0.0265625 0.05
1 0.559375 0.5796875 0.03125 0.059375
1 0.5671875 0.5125 0.02109375 0.0390625
1 0.5875 0.503125 0.02109375 0.04609375
1 0.6078125 0.54453125 0.0296875 0.05234375
1 0.65625 0.53125 0.0234375 0.0375
1 0.63046875 0.55703125 0.02109375 0.04453125
1 0.69921875 0.521875 0.01953125 0.03359375
1 0.80078125 0.5375 0.0296875 0.05
1 0.89375 0.56015625 0.02734375 0.04296875
1 0.78984375 0.80078125 0.16640625 0.2796875