1 0.01328125 0.5625 0.02109375 0.059375
1 0.09140625 0.584375 0.0421875 0.06328125
1 0.1078125 0.5625 0.0296875 0.0515625
1 0.15859375 0.584375 0.03828125 0.06328125
1 0.153125 0.66171875 0.0515625 0.07734375
1 0.2453125 0.678125 0.06015625 0.08828125
1 0.26484375 0.61640625 0.04765625 0.0703125
1 0.22421875 0.56328125 0.034375 0.04375
1 0.28046875 0.56640625 0.03984375 0.0609375
1 0.30546875 0.55546875 0.0296875 0.05390625
1 0.3 0.81484375 0.12578125 0.18203125
1 0.3640625 0.56015625 0.028125 0.04921875
1 0.37734375 0.5484375 0.02421875 0.03359375
1 0.41484375 0.60859375 0.05625 0.0796875
1 0.42109375 0.54140625 0.0265625 0.04375
1 0.4078125 0.5640625 0.03515625 0.04765625
1 0.50078125 0.59375 0.046875 0.0703125
1 0.53046875 0.55078125 0.025 0.03515625
1 0.571875 0.5609375 0.0328125 0.04921875
1 0.62109375 0.56796875 0.028125 0.0484375
1 0.69375 0.40234375 0.0234375 0.04609375
1 0.5625 0.7375 0.08125 0.134375
1 0.65859375 0.6484375 0.06484375 0.096875
1 0.7234375 0.6046875 0.040625 0.0734375
1 0.76875 0.725 0.09140625 0.13828125
1 0.69375 0.9265625 0.15390625 0.14609375
1 0.825 0.65625 0.05390625 0.0984375
1 0.78984375 0.57890625 0.0421875 0.0671875
1 0.82109375 0.5640625 0.03203125 0.05390625
1 0.87265625 0.59921875 0.046875 0.07890625
1 0.90078125 0.6046875 0.0375 0.059375
1 0.90703125 0.5734375 0.02890625 0.04609375