1 0.0796875 0.44765625 0.01953125 0.05546875
1 0.0671875 0.5125 0.0203125 0.053125
1 0.12265625 0.62734375 0.0234375 0.0765625
1 0.0453125 0.25390625 0.0140625 0.03046875
1 0.0484375 0.23515625 0.01171875 0.0359375
1 0.15859375 0.165625 0.0125 0.0390625
1 0.125 0.23828125 0.015625 0.0390625
1 0.1859375 0.215625 0.01171875 0.0359375
1 0.1734375 0.284375 0.01484375 0.0390625
1 0.24453125 0.30390625 0.01640625 0.05
1 0.2359375 0.3671875 0.01953125 0.05546875
1 0.209375 0.45625 0.01953125 0.05546875
1 0.19140625 0.1515625 0.01015625 0.03203125
1 0.225 0.16015625 0.01015625 0.028125
1 0.24375 0.1421875 0.01015625 0.03203125
1 0.296875 0.17421875 0.0140625 0.04296875
1 0.29375 0.21796875 0.01640625 0.0375
1 0.309375 0.2484375 0.01640625 0.040625
1 0.32734375 0.24609375 0.01171875 0.03359375
1 0.35703125 0.10625 0.01015625 0.03046875
1 0.37890625 0.1921875 0.0125 0.0359375
1 0.39921875 0.11015625 0.0125 0.028125
1 0.41953125 0.1078125 0.0109375 0.0265625
1 0.41875 0.19765625 0.015625 0.028125
1 0.45546875 0.13671875 0.01484375 0.02109375
1 0.46484375 0.1359375 0.00859375 0.03046875
1 0.50546875 0.12421875 0.0109375 0.02109375
1 0.5359375 0.09375 0.009375 0.0265625
1 0.4734375 0.23515625 0.01875 0.04296875
1 0.478125 0.30390625 0.01953125 0.04609375
1 0.4984375 0.196875 0.01171875 0.0375
1 0.55625 0.32890625 0.01953125 0.04609375
1 0.546875 0.1859375 0.0109375 0.0375
1 0.575 0.1109375 0.00859375 0.0265625
1 0.571875 0.16015625 0.01015625 0.03203125
1 0.590625 0.15 0.0109375 0.0265625
1 0.61484375 0.1328125 0.0125 0.0234375
1 0.571875 0.21796875 0.01171875 0.0375
1 0.615625 0.23671875 0.0140625 0.0359375
1 0.6421875 0.16640625 0.0109375 0.03046875
1 0.5578125 0.50546875 0.02578125 0.06015625
1 0.67578125 0.35 0.0203125 0.05546875
1 0.6875 0.23203125 0.01484375 0.03359375
1 0.71953125 0.2375 0.01015625 0.03046875
1 0.7109375 0.196875 0.01171875 0.03046875
1 0.7671875 0.23046875 0.015625 0.03046875
1 0.80703125 0.25390625 0.015625 0.03359375
1 0.7796875 0.38984375 0.0171875 0.05
1 0.8375 0.284375 0.01328125 0.0359375
1 0.91796875 0.38203125 0.01796875 0.04453125
1 0.7015625 0.2890625 0.01640625 0.040625
1 0.4640625 0.18046875 0.0109375 0.0234375