1 0.31328125 0.22421875 0.0140625 0.034375
1 0.28359375 0.25390625 0.015625 0.03046875
1 0.29375 0.24765625 0.01171875 0.02890625
1 0.30546875 0.2578125 0.01484375 0.0359375
1 0.33203125 0.275 0.01953125 0.0390625
1 0.33125 0.21875 0.01484375 0.034375
1 0.4125 0.26484375 0.01953125 0.04140625
1 0.40625 0.25625 0.01875 0.04140625
1 0.40625 0.2234375 0.0171875 0.03046875
1 0.4359375 0.23828125 0.01640625 0.0359375
1 0.47734375 0.2296875 0.0171875 0.04296875
1 0.41796875 0.19453125 0.01640625 0.03046875
1 0.40625 0.19140625 0.0109375 0.021875
1 0.40625 0.1703125 0.0125 0.025
1 0.42421875 0.165625 0.0125 0.03203125
1 0.4796875 0.1890625 0.0140625 0.034375
1 0.45234375 0.1453125 0.01171875 0.028125
1 0.46953125 0.1546875 0.01171875 0.034375
1 0.48515625 0.1390625 0.0125 0.02890625
1 0.4984375 0.13046875 0.0109375 0.025
1 0.52421875 0.19453125 0.0171875 0.03359375
1 0.51875 0.14609375 0.01484375 0.02890625
1 0.52265625 0.1359375 0.01328125 0.028125
1 0.5453125 0.16171875 0.01640625 0.03203125
1 0.4953125 0.29765625 0.021875 0.0484375
1 0.5375 0.30546875 0.02421875 0.046875
1 0.57734375 0.23203125 0.015625 0.03984375
1 0.6078125 0.2375 0.01953125 0.04140625
1 0.5640625 0.13984375 0.0125 0.03359375
1 0.58984375 0.11171875 0.0109375 0.0265625
1 0.57890625 0.11484375 0.01171875 0.028125
1 0.58984375 0.1453125 0.0140625 0.028125
1 0.59609375 0.1625 0.01015625 0.025
1 0.61171875 0.20078125 0.01640625 0.04296875
1 0.61640625 0.14296875 0.01328125 0.03359375
1 0.62265625 0.1296875 0.01171875 0.0234375
1 0.64921875 0.115625 0.01171875 0.02890625
1 0.6703125 0.1140625 0.01328125 0.03359375
1 0.690625 0.153125 0.0125 0.03203125
1 0.65859375 0.20859375 0.01953125 0.03984375
1 0.65078125 0.175 0.01328125 0.028125
1 0.66328125 0.3078125 0.02421875 0.06640625
1 0.6515625 0.25234375 0.0203125 0.046875
1 0.71171875 0.28515625 0.025 0.05390625
1 0.74296875 0.36328125 0.025 0.06640625
1 0.78125 0.26484375 0.01953125 0.05234375
1 0.85703125 0.29140625 0.0203125 0.046875
1 0.7046875 0.2203125 0.021875 0.04140625
1 0.7140625 0.1828125 0.01640625 0.03359375
1 0.734375 0.19296875 0.0171875 0.0390625
1 0.7546875 0.22109375 0.01484375 0.0375
1 0.7265625 0.15703125 0.01171875 0.03046875
1 0.753125 0.14765625 0.0125 0.0265625
1 0.77109375 0.1234375 0.01171875 0.025
1 0.76015625 0.17265625 0.01328125 0.034375
1 0.78359375 0.1515625 0.01171875 0.03046875
1 0.79609375 0.14296875 0.01171875 0.03046875
1 0.78515625 0.1265625 0.01171875 0.021875
1 0.7828125 0.19375 0.01484375 0.04609375
1 0.80703125 0.171875 0.0140625 0.0359375
1 0.821875 0.15703125 0.0125 0.03203125
1 0.83046875 0.1328125 0.01328125 0.0265625
1 0.86328125 0.14296875 0.01328125 0.03359375
1 0.81328125 0.22421875 0.0171875 0.04296875
1 0.83828125 0.20234375 0.015625 0.0390625
1 0.83984375 0.16796875 0.0125 0.03359375
1 0.8671875 0.21640625 0.01796875 0.05234375
1 0.8953125 0.2453125 0.0203125 0.046875
1 0.88046875 0.1890625 0.0140625 0.03203125
1 0.4296875 0.32265625 0.034375 0.0765625