1 0.2125 0.3609375 0.04375 0.08671875
1 0.32265625 0.23046875 0.01796875 0.03671875
1 0.3359375 0.1890625 0.0140625 0.0328125
1 0.353125 0.20390625 0.01484375 0.03125
1 0.41328125 0.209375 0.01875 0.03515625
1 0.45390625 0.2125 0.01953125 0.0421875
1 0.42578125 0.18515625 0.01640625 0.0296875
1 0.421875 0.16484375 0.01796875 0.0296875
1 0.45859375 0.18984375 0.01875 0.03125
1 0.48125 0.1921875 0.01640625 0.0328125
1 0.48984375 0.22265625 0.01953125 0.0453125
1 0.4625 0.1546875 0.01484375 0.03125
1 0.471875 0.14140625 0.0140625 0.02421875
1 0.4890625 0.153125 0.015625 0.03125
1 0.51015625 0.16328125 0.01484375 0.0328125
1 0.50625 0.1390625 0.0140625 0.028125
1 0.521875 0.1375 0.0125 0.028125
1 0.534375 0.12421875 0.01171875 0.02578125
1 0.53828125 0.15234375 0.0140625 0.0328125
1 0.54765625 0.14140625 0.01171875 0.03125
1 0.55625 0.165625 0.0140625 0.03125
1 0.56328125 0.17890625 0.01640625 0.03984375
1 0.57265625 0.146875 0.01484375 0.0296875
1 0.56171875 0.12109375 0.01171875 0.02578125
1 0.59609375 0.11328125 0.01171875 0.02421875
1 0.62578125 0.1046875 0.0109375 0.028125
1 0.64765625 0.1046875 0.01171875 0.028125
1 0.66875 0.1078125 0.0109375 0.028125
1 0.64453125 0.121875 0.0109375 0.02421875
1 0.6578125 0.134375 0.01171875 0.02421875
1 0.63515625 0.1390625 0.015625 0.03828125
1 0.61015625 0.128125 0.01484375 0.02578125
1 0.603125 0.1453125 0.0140625 0.0328125
1 0.60859375 0.171875 0.015625 0.03671875
1 0.5921875 0.2359375 0.01953125 0.03671875
1 0.54296875 0.26953125 0.02578125 0.046875
1 0.5890625 0.271875 0.0234375 0.059375
1 0.60859375 0.3109375 0.03125 0.075
1 0.6453125 0.20390625 0.01953125 0.0484375
1 0.65234375 0.2484375 0.02421875 0.05078125
1 0.66875 0.26953125 0.02265625 0.046875
1 0.7046875 0.128125 0.0140625 0.02578125
1 0.6953125 0.12578125 0.0109375 0.02421875
1 0.709375 0.1203125 0.0109375 0.02109375
1 0.675 0.2140625 0.01875 0.0421875
1 0.71875 0.16171875 0.01484375 0.03125
1 0.71328125 0.19765625 0.01640625 0.03984375
1 0.73203125 0.22421875 0.02265625 0.046875
1 0.696875 0.3171875 0.03046875 0.06953125
1 0.7515625 0.33671875 0.03046875 0.07109375
1 0.765625 0.13125 0.0140625 0.0328125
1 0.77421875 0.14609375 0.0125 0.03125
1 0.78984375 0.14296875 0.0125 0.03125
1 0.81015625 0.15 0.01640625 0.03125
1 0.84140625 0.15703125 0.0140625 0.03515625
1 0.7515625 0.16875 0.01484375 0.03515625
1 0.7859375 0.184375 0.015625 0.03828125
1 0.79921875 0.21328125 0.01875 0.046875
1 0.8203125 0.2015625 0.01640625 0.03984375
1 0.8359375 0.1828125 0.0125 0.03828125
1 0.84921875 0.2125 0.01796875 0.03828125
1 0.85703125 0.1921875 0.0125 0.03984375
1 0.78984375 0.296875 0.02578125 0.06484375
1 0.81640625 0.271875 0.01953125 0.0453125
1 0.82890625 0.3578125 0.03046875 0.06796875
1 0.85625 0.3171875 0.0203125 0.05546875
1 0.8828125 0.265625 0.0203125 0.05078125
1 0.8953125 0.2296875 0.01875 0.0484375
1 0.90078125 0.2046875 0.01484375 0.03671875
1 0.9390625 0.2578125 0.01796875 0.0421875
1 0.93671875 0.3171875 0.01875 0.05546875
1 0.91875 0.37578125 0.02578125 0.05078125
1 0.90703125 0.42265625 0.034375 0.07109375
1 0.94296875 0.23203125 0.015625 0.0421875
1 0.9453125 0.203125 0.015625 0.03671875
1 0.9546875 0.1875 0.01484375 0.03984375
1 0.928125 0.1734375 0.01015625 0.0328125
1 0.91953125 0.17734375 0.01171875 0.03515625
1 0.87265625 0.18828125 0.01484375 0.03515625
1 0.878125 0.16171875 0.0125 0.03515625
1 0.89140625 0.16171875 0.01484375 0.028125