1 0.071875 0.5078125 0.06875 0.1078125
1 0.078125 0.37734375 0.0375 0.053125
1 0.121875 0.38515625 0.0375 0.05703125
1 0.1609375 0.39453125 0.03125 0.04296875
1 0.16640625 0.353125 0.0265625 0.040625
1 0.20078125 0.37109375 0.0265625 0.03671875
1 0.22265625 0.415625 0.0421875 0.05703125
1 0.2 0.48359375 0.05625 0.07109375
1 0.19140625 0.653125 0.0984375 0.15
1 0.27890625 0.5375 0.065625 0.11796875
1 0.32265625 0.496875 0.046875 0.08515625
1 0.3 0.43125 0.0296875 0.046875
1 0.3265625 0.4078125 0.0265625 0.04453125
1 0.31640625 0.375 0.021875 0.040625
1 0.28125 0.321875 0.0203125 0.034375
1 0.25078125 0.32421875 0.021875 0.040625
1 0.375 0.41953125 0.0234375 0.03671875
1 0.37890625 0.4953125 0.034375 0.06484375
1 0.4078125 0.46015625 0.0265625 0.03671875
1 0.4140625 0.41796875 0.0234375 0.03671875
1 0.45390625 0.45703125 0.028125 0.046875
1 0.46484375 0.4171875 0.021875 0.03828125
1 0.47734375 0.3765625 0.01875 0.034375
1 0.50234375 0.40390625 0.025 0.04453125
1 0.43984375 0.54453125 0.0625 0.1078125
1 0.5125 0.621875 0.0859375 0.1484375
1 0.4859375 0.50390625 0.0484375 0.0875
1 0.521875 0.4890625 0.0453125 0.07265625
1 0.55625 0.40078125 0.0265625 0.05078125
1 0.5875 0.40078125 0.0234375 0.03828125
1 0.6296875 0.46875 0.0265625 0.040625
1 0.63125 0.41484375 0.0203125 0.034375
1 0.6484375 0.39453125 0.0234375 0.04296875
1 0.6796875 0.4171875 0.0203125 0.03828125
1 0.6640625 0.4765625 0.0265625 0.04453125
1 0.68671875 0.47890625 0.025 0.0484375
1 0.703125 0.44296875 0.0234375 0.04296875
1 0.7125 0.4171875 0.0203125 0.03828125
1 0.69921875 0.37734375 0.021875 0.0328125
1 0.74765625 0.42421875 0.028125 0.040625
1 0.753125 0.46484375 0.025 0.040625
1 0.72421875 0.49296875 0.0375 0.06875
1 0.7828125 0.5109375 0.040625 0.07265625
1 0.83359375 0.51328125 0.0484375 0.09296875
1 0.890625 0.5859375 0.06875 0.11328125
1 0.8671875 0.4953125 0.03125 0.05703125
1 0.9046875 0.49609375 0.03125 0.05859375
1 0.95546875 0.5125 0.0546875 0.0953125
1 0.93046875 0.40390625 0.0296875 0.0484375
1 0.859375 0.42890625 0.03125 0.046875
1 0.803125 0.3984375 0.025 0.03828125