1 0.06953125 0.46328125 0.04765625 0.0625
1 0.08515625 0.51875 0.05859375 0.07890625
1 0.11484375 0.46875 0.03359375 0.04609375
1 0.15546875 0.51640625 0.07578125 0.1109375
1 0.190625 0.45546875 0.04765625 0.06640625
1 0.2109375 0.496875 0.040625 0.05859375
1 0.24296875 0.521875 0.05 0.06796875
1 0.24765625 0.44921875 0.03984375 0.05390625
1 0.28984375 0.434375 0.03359375 0.0484375
1 0.30703125 0.5875 0.065625 0.096875
1 0.36640625 0.4765625 0.04453125 0.071875
1 0.39296875 0.459375 0.03515625 0.05859375
1 0.38984375 0.49453125 0.03046875 0.04453125
1 0.40390625 0.54453125 0.0625 0.075
1 0.37890625 0.815625 0.1375 0.2
1 0.4765625 0.5234375 0.03828125 0.04453125
1 0.46328125 0.47890625 0.03828125 0.046875
1 0.57421875 0.5015625 0.03984375 0.04453125
1 0.5671875 0.47734375 0.028125 0.040625
1 0.6359375 0.49375 0.034375 0.0484375
1 0.65859375 0.47734375 0.03203125 0.04296875
1 0.58515625 0.64609375 0.08828125 0.1390625
1 0.69453125 0.596875 0.05546875 0.0859375
1 0.72265625 0.56328125 0.04921875 0.07109375
1 0.73359375 0.46796875 0.04765625 0.05859375
1 0.78671875 0.50546875 0.04296875 0.05859375
1 0.81171875 0.50234375 0.03046875 0.04609375
1 0.84609375 0.365625 0.03203125 0.046875
1 0.8890625 0.7328125 0.103125 0.1375
1 0.90859375 0.61328125 0.065625 0.08203125
1 0.8875 0.5671875 0.05390625 0.0734375
1 0.89765625 0.528125 0.03984375 0.05390625