1 0.2203125 0.425 0.0515625 0.0984375
1 0.2703125 0.2578125 0.01875 0.03671875
1 0.28671875 0.25 0.01640625 0.0375
1 0.31640625 0.253125 0.01640625 0.040625
1 0.3265625 0.27578125 0.02578125 0.04609375
1 0.33046875 0.215625 0.01953125 0.04375
1 0.3984375 0.25 0.0203125 0.04453125
1 0.415625 0.26171875 0.02421875 0.04609375
1 0.39609375 0.18828125 0.0203125 0.03515625
1 0.40625 0.1703125 0.0125 0.02421875
1 0.421875 0.175 0.01640625 0.03671875
1 0.43203125 0.15625 0.01875 0.0296875
1 0.45546875 0.2109375 0.0203125 0.03515625
1 0.45703125 0.1828125 0.01640625 0.0296875
1 0.459375 0.15703125 0.01640625 0.025
1 0.47734375 0.21640625 0.021875 0.040625
1 0.50859375 0.178125 0.01640625 0.03671875
1 0.48828125 0.13203125 0.01328125 0.02265625
1 0.52109375 0.11875 0.0125 0.0296875
1 0.53125 0.13046875 0.01328125 0.02265625
1 0.53828125 0.1609375 0.01484375 0.03203125
1 0.54453125 0.18828125 0.0171875 0.03359375
1 0.55 0.140625 0.01328125 0.03359375
1 0.57265625 0.16015625 0.01640625 0.0390625
1 0.58359375 0.1484375 0.01640625 0.03359375
1 0.59765625 0.1 0.0140625 0.02421875
1 0.60546875 0.090625 0.01328125 0.0265625
1 0.61171875 0.12421875 0.0171875 0.0265625
1 0.6203125 0.1421875 0.0171875 0.0296875
1 0.64609375 0.11328125 0.0140625 0.028125
1 0.6671875 0.1234375 0.01953125 0.03046875
1 0.6140625 0.20234375 0.0234375 0.0375
1 0.64375 0.175 0.02109375 0.04453125
1 0.64921875 0.2234375 0.02421875 0.04921875
1 0.6546875 0.25546875 0.028125 0.05078125
1 0.6625 0.3015625 0.03125 0.05859375
1 0.49609375 0.2953125 0.03125 0.0515625
1 0.53515625 0.31015625 0.02890625 0.06171875
1 0.565625 0.24375 0.02421875 0.04765625
1 0.61640625 0.24921875 0.0265625 0.0578125
1 0.6921875 0.18828125 0.0203125 0.0390625
1 0.68515625 0.16015625 0.0171875 0.028125
1 0.72109375 0.1484375 0.0140625 0.03359375
1 0.740625 0.14296875 0.015625 0.02265625
1 0.7625 0.1265625 0.0140625 0.0296875
1 0.7609375 0.171875 0.0171875 0.03515625
1 0.7453125 0.18046875 0.0171875 0.03515625
1 0.75390625 0.221875 0.02109375 0.0421875
1 0.70546875 0.22265625 0.0234375 0.04609375
1 0.703125 0.27578125 0.02578125 0.0578125
1 0.74140625 0.35859375 0.03515625 0.06875
1 0.80546875 0.28984375 0.03203125 0.06015625
1 0.81328125 0.25078125 0.02578125 0.05078125
1 0.78203125 0.20859375 0.02109375 0.0390625
1 0.79609375 0.153125 0.015625 0.03359375
1 0.8 0.1328125 0.0140625 0.0296875
1 0.8265625 0.14921875 0.01484375 0.03203125
1 0.8484375 0.14140625 0.01328125 0.03046875
1 0.8546875 0.3046875 0.02734375 0.05859375
1 0.8640625 0.253125 0.01953125 0.0578125
1 0.83359375 0.21953125 0.0171875 0.0375
1 0.8375 0.18125 0.01484375 0.03671875
1 0.884375 0.23125 0.02109375 0.0421875
1 0.88359375 0.18828125 0.01484375 0.04375
1 0.915625 0.26484375 0.0203125 0.04765625
1 0.878125 0.14296875 0.0125 0.03046875