1 0.0375 0.33671875 0.04609375 0.0796875
1 0.0796875 0.3890625 0.04921875 0.09765625
1 0.1984375 0.37421875 0.03515625 0.06875
1 0.225 0.4609375 0.05234375 0.10546875
1 0.2421875 0.309375 0.03046875 0.06875
1 0.29609375 0.29296875 0.02421875 0.0546875
1 0.31875 0.34453125 0.02734375 0.053125
1 0.35078125 0.37578125 0.04375 0.0765625
1 0.37578125 0.459375 0.06796875 0.12109375
1 0.403125 0.35234375 0.034375 0.06875
1 0.42734375 0.3125 0.0265625 0.05859375
1 0.45625 0.3828125 0.04609375 0.078125
1 0.54296875 0.37109375 0.0453125 0.078125
1 0.57265625 0.321875 0.03046875 0.0625
1 0.6234375 0.2828125 0.0296875 0.0546875
1 0.640625 0.353125 0.05390625 0.1171875
1 0.62578125 0.47265625 0.08203125 0.16015625
1 0.7484375 0.38671875 0.06015625 0.1171875
1 0.94609375 0.2453125 0.0375 0.0796875