1 0.01953125 0.478125 0.02734375 0.0421875
1 0.0234375 0.446875 0.015625 0.03203125
1 0.0390625 0.440625 0.01875 0.028125
1 0.04140625 0.47109375 0.02421875 0.0375
1 0.065625 0.4453125 0.02109375 0.03203125
1 0.0859375 0.4296875 0.0203125 0.03046875
1 0.10078125 0.44140625 0.01953125 0.02890625
1 0.11953125 0.459375 0.034375 0.0484375
1 0.103125 0.4265625 0.021875 0.025
1 0.128125 0.42421875 0.01640625 0.028125
1 0.14296875 0.43046875 0.0203125 0.03203125
1 0.14375 0.4578125 0.0203125 0.0359375
1 0.1734375 0.465625 0.02734375 0.0390625
1 0.17890625 0.42265625 0.0203125 0.03046875
1 0.19609375 0.40390625 0.015625 0.02890625
1 0.22109375 0.4234375 0.015625 0.03203125
1 0.203125 0.4515625 0.025 0.0390625
1 0.23125 0.484375 0.0359375 0.0484375
1 0.24609375 0.45703125 0.02109375 0.03515625
1 0.23515625 0.40390625 0.015625 0.02890625
1 0.271875 0.42578125 0.0234375 0.03515625
1 0.271875 0.45390625 0.0234375 0.04296875
1 0.27109375 0.40625 0.01484375 0.03203125
1 0.303125 0.42890625 0.0203125 0.03515625
1 0.3203125 0.4578125 0.025 0.0484375
1 0.3046875 0.3890625 0.0171875 0.03046875
1 0.3171875 0.3796875 0.01015625 0.028125
1 0.3265625 0.396875 0.01640625 0.02890625
1 0.3328125 0.4265625 0.021875 0.03359375
1 0.35546875 0.453125 0.02578125 0.04453125
1 0.35 0.38359375 0.0140625 0.028125
1 0.36171875 0.384375 0.01640625 0.03203125
1 0.38125 0.40703125 0.015625 0.03046875
1 0.375 0.38828125 0.01171875 0.02109375
1 0.3890625 0.37890625 0.015625 0.0265625
1 0.41640625 0.371875 0.0109375 0.0234375
1 0.434375 0.378125 0.01484375 0.025
1 0.42890625 0.39921875 0.01484375 0.02890625
1 0.440625 0.40390625 0.01640625 0.03515625
1 0.428125 0.48046875 0.034375 0.0484375
1 0.46171875 0.496875 0.0359375 0.05859375
1 0.4765625 0.47265625 0.0296875 0.0390625
1 0.46640625 0.44765625 0.025 0.04453125
1 0.45859375 0.39765625 0.01875 0.03359375
1 0.46015625 0.37734375 0.01015625 0.0234375
1 0.44921875 0.3734375 0.01640625 0.028125
1 0.50078125 0.36484375 0.01015625 0.02109375
1 0.5015625 0.39140625 0.01875 0.0375
1 0.509375 0.40625 0.0203125 0.03203125
1 0.51953125 0.3890625 0.01640625 0.028125
1 0.58203125 0.3796875 0.01875 0.028125
1 0.5875 0.36328125 0.01171875 0.02109375
1 0.5921875 0.40390625 0.01484375 0.02890625
1 0.5515625 0.46171875 0.021875 0.0390625
1 0.49609375 0.446875 0.02734375 0.02890625
1 0.49375 0.47109375 0.021875 0.04296875
1 0.59140625 0.4515625 0.0234375 0.0484375
1 0.6078125 0.4625 0.02734375 0.0546875
1 0.6671875 0.503125 0.05546875 0.08359375
1 0.6421875 0.4359375 0.02734375 0.0515625
1 0.6265625 0.390625 0.0203125 0.03359375
1 0.62421875 0.36328125 0.0140625 0.0265625
1 0.665625 0.4171875 0.01953125 0.0390625
1 0.67890625 0.43046875 0.0203125 0.03515625
1 0.69375 0.3890625 0.01875 0.0359375
1 0.72578125 0.4140625 0.0234375 0.0421875
1 0.740625 0.4921875 0.04140625 0.08125
1 0.75234375 0.40625 0.0171875 0.040625
1 0.77265625 0.39453125 0.01953125 0.0359375
1 0.77890625 0.37578125 0.01875 0.0234375
1 0.79296875 0.365625 0.01640625 0.025
1 0.79765625 0.39296875 0.0171875 0.03515625
1 0.8171875 0.3828125 0.0203125 0.03203125
1 0.83515625 0.37578125 0.0140625 0.0265625
1 0.85078125 0.37109375 0.0171875 0.028125
1 0.78984375 0.4640625 0.03515625 0.05703125
1 0.8375 0.46953125 0.0375 0.0625
1 0.86015625 0.43359375 0.0296875 0.04765625
1 0.90078125 0.40234375 0.03046875 0.0484375
1 0.9421875 0.3859375 0.02109375 0.0375
1 0.98125 0.42890625 0.025 0.04609375
1 0.97890625 0.36640625 0.01953125 0.0375
1 0.99140625 0.38203125 0.01640625 0.03359375
1 0.93984375 0.4578125 0.0265625 0.04453125
1 0.95078125 0.56796875 0.06484375 0.12578125