1 0.109375 0.2609375 0.0171875 0.04609375
1 0.296875 0.2359375 0.01328125 0.0328125
1 0.29921875 0.21328125 0.0140625 0.02578125
1 0.33828125 0.2203125 0.0140625 0.03515625
1 0.359375 0.22265625 0.015625 0.03671875
1 0.3578125 0.19609375 0.0140625 0.02734375
1 0.35078125 0.1765625 0.01328125 0.0328125
1 0.38125 0.19765625 0.0140625 0.02734375
1 0.38515625 0.22890625 0.015625 0.0390625
1 0.3984375 0.21015625 0.015625 0.0328125
1 0.41953125 0.23359375 0.0140625 0.0296875
1 0.4125 0.25625 0.01875 0.03671875
1 0.4109375 0.16015625 0.0109375 0.02578125
1 0.4296875 0.1640625 0.0125 0.0296875
1 0.45234375 0.15859375 0.0140625 0.0296875
1 0.45 0.196875 0.0171875 0.0328125
1 0.46640625 0.20703125 0.01875 0.0390625
1 0.42890625 0.19140625 0.01328125 0.02578125
1 0.5046875 0.18125 0.01640625 0.03125
1 0.50078125 0.15546875 0.0140625 0.02734375
1 0.49296875 0.13984375 0.0125 0.02578125
1 0.5078125 0.12890625 0.01015625 0.021875
1 0.53671875 0.13359375 0.015625 0.02734375
1 0.5296875 0.175 0.0171875 0.03671875
1 0.56484375 0.184375 0.015625 0.0328125
1 0.54765625 0.175 0.01328125 0.021875
1 0.571875 0.1609375 0.015625 0.02734375
1 0.55703125 0.1359375 0.0125 0.0296875
1 0.5609375 0.12734375 0.0109375 0.01875
1 0.58359375 0.1359375 0.0125 0.0296875
1 0.60546875 0.1203125 0.00859375 0.01640625
1 0.61953125 0.11953125 0.0125 0.021875
1 0.60234375 0.140625 0.0140625 0.0203125
1 0.6140625 0.159375 0.01328125 0.03125
1 0.646875 0.1171875 0.01328125 0.02421875
1 0.65234375 0.10390625 0.00859375 0.01640625
1 0.66640625 0.1078125 0.009375 0.0203125
1 0.6703125 0.12265625 0.0109375 0.0203125
1 0.66171875 0.1453125 0.0140625 0.0328125
1 0.64140625 0.1515625 0.0140625 0.02734375
1 0.63125 0.13984375 0.0125 0.021875
1 0.678125 0.18203125 0.0140625 0.0328125
1 0.68828125 0.13359375 0.0125 0.02734375
1 0.69296875 0.11171875 0.0109375 0.02421875
1 0.71640625 0.1140625 0.0125 0.02578125
1 0.63359375 0.21015625 0.0171875 0.0328125
1 0.603125 0.228125 0.0203125 0.04453125
1 0.64765625 0.24609375 0.021875 0.0421875
1 0.68984375 0.22109375 0.0171875 0.040625
1 0.69921875 0.25703125 0.01953125 0.0421875
1 0.7046875 0.3140625 0.02890625 0.05703125
1 0.75625 0.38203125 0.028125 0.06796875
1 0.7109375 0.18046875 0.015625 0.0296875
1 0.72421875 0.17890625 0.01640625 0.03671875
1 0.7421875 0.1484375 0.015625 0.03515625
1 0.7453125 0.16953125 0.01640625 0.0328125
1 0.7390625 0.2375 0.01875 0.040625
1 0.76875 0.20078125 0.01640625 0.040625
1 0.77265625 0.2484375 0.0203125 0.040625
1 0.76796875 0.134375 0.01328125 0.0296875
1 0.7875 0.134375 0.0109375 0.0296875
1 0.79453125 0.14765625 0.01015625 0.02578125
1 0.81171875 0.140625 0.01015625 0.02421875
1 0.80859375 0.1703125 0.0125 0.02421875
1 0.8078125 0.2078125 0.0125 0.03671875
1 0.82578125 0.2046875 0.01328125 0.0296875
1 0.80703125 0.28671875 0.02578125 0.04609375
1 0.84453125 0.253125 0.021875 0.05
1 0.85078125 0.215625 0.0140625 0.0296875
1 0.83984375 0.1765625 0.0109375 0.02578125
1 0.84609375 0.16640625 0.0109375 0.02421875
1 0.84296875 0.13828125 0.0109375 0.02578125
1 0.86328125 0.15390625 0.0125 0.02734375
1 0.88203125 0.16484375 0.01015625 0.02421875
1 0.87734375 0.1796875 0.0125 0.02734375
1 0.88984375 0.2359375 0.01640625 0.03671875
1 0.903125 0.21953125 0.01640625 0.03671875
1 0.9171875 0.18359375 0.01328125 0.03125
1 0.92109375 0.15546875 0.01328125 0.0203125
1 0.9578125 0.1953125 0.0140625 0.0296875
1 0.94453125 0.21328125 0.0140625 0.0296875
1 0.93203125 0.2265625 0.0140625 0.02578125
1 0.9375 0.24921875 0.0171875 0.0390625
1 0.9109375 0.35625 0.02578125 0.05703125