1 0.07890625 0.51484375 0.071875 0.12578125
1 0.121875 0.5765625 0.08828125 0.13203125
1 0.2328125 0.51328125 0.05859375 0.09140625
1 0.2609375 0.31796875 0.02890625 0.03828125
1 0.38125 0.33515625 0.0234375 0.0375
1 0.3828125 0.3640625 0.02890625 0.03828125
1 0.325 0.54765625 0.078125 0.09765625
1 0.4078125 0.4296875 0.05078125 0.06953125
1 0.42109375 0.5015625 0.05625 0.08203125
1 0.49921875 0.49140625 0.05625 0.07421875
1 0.55 0.525 0.06015625 0.09375
1 0.52109375 0.43984375 0.0375 0.05859375
1 0.58515625 0.43203125 0.040625 0.05234375
1 0.64921875 0.5 0.06875 0.0875
1 0.6421875 0.453125 0.03984375 0.05
1 0.6171875 0.41484375 0.02890625 0.03984375
1 0.65625 0.3921875 0.025 0.04296875
1 0.696875 0.41484375 0.03359375 0.05234375
1 0.7078125 0.46015625 0.0453125 0.059375
1 0.753125 0.415625 0.03515625 0.04375
1 0.78125 0.46953125 0.059375 0.09453125
1 0.8171875 0.428125 0.040625 0.05625
1 0.8578125 0.46328125 0.05703125 0.08203125
1 0.96171875 0.42734375 0.0484375 0.08046875
1 0.9859375 0.43359375 0.02734375 0.06640625