1 0.17890625 0.5734375 0.0546875 0.0890625
1 0.09609375 0.4484375 0.0328125 0.06328125
1 0.421875 0.5515625 0.04375 0.07265625
1 0.5171875 0.55703125 0.046875 0.075
1 0.61015625 0.53828125 0.0421875 0.0609375
1 0.71015625 0.53828125 0.0359375 0.075
1 0.9578125 0.54765625 0.0375 0.0609375
1 0.9859375 0.521875 0.021875 0.0609375
1 0.86875 0.38515625 0.059375 0.09609375
1 0.9328125 0.434375 0.028125 0.04453125
1 0.94921875 0.41796875 0.0234375 0.03515625
1 0.96171875 0.3875 0.0234375 0.03984375
1 0.79609375 0.421875 0.0328125 0.0421875
1 0.6859375 0.4625 0.034375 0.04921875
1 0.5890625 0.46953125 0.034375 0.05859375
1 0.5125 0.47578125 0.0375 0.0609375
1 0.4234375 0.4625 0.034375 0.06328125
1 0.53125 0.4203125 0.034375 0.04921875
1 0.59765625 0.41015625 0.0296875 0.05625
1 0.63515625 0.4125 0.0234375 0.0421875
1 0.74453125 0.425 0.0265625 0.05390625
1 0.7609375 0.4203125 0.021875 0.04921875
1 0.421875 0.4015625 0.034375 0.04921875
1 0.3296875 0.4765625 0.040625 0.06796875
1 0.2390625 0.48828125 0.04375 0.07734375
1 0.0328125 0.4125 0.04375 0.075
1 0.17265625 0.403125 0.0359375 0.05625
1 0.30078125 0.4171875 0.0328125 0.0515625
1 0.35546875 0.39921875 0.0296875 0.04921875
1 0.12265625 0.34453125 0.0359375 0.05625
1 0.228125 0.36640625 0.04375 0.05390625
1 0.31640625 0.36328125 0.0328125 0.0515625
1 0.36171875 0.35390625 0.0328125 0.0421875
1 0.41171875 0.3328125 0.0265625 0.0515625
1 0.453125 0.35 0.028125 0.05390625
1 0.515625 0.33515625 0.01875 0.0328125
1 0.5796875 0.36171875 0.025 0.03984375
1 0.61953125 0.36328125 0.0203125 0.0421875
1 0.66796875 0.375 0.0234375 0.0328125
1 0.6671875 0.346875 0.01875 0.0328125
1 0.62109375 0.340625 0.0234375 0.03515625
1 0.73828125 0.36640625 0.0265625 0.04921875
1 0.75390625 0.3515625 0.0171875 0.0375
1 0.8078125 0.3609375 0.021875 0.0375
1 0.8421875 0.34765625 0.01875 0.03046875
1 0.83046875 0.32890625 0.0203125 0.03046875
1 0.79296875 0.3140625 0.0203125 0.0375
1 0.8109375 0.3 0.01875 0.0328125
1 0.7625 0.3046875 0.01875 0.0328125
1 0.759375 0.26953125 0.01875 0.028125
1 0.73984375 0.29765625 0.0140625 0.028125
1 0.73203125 0.3234375 0.0171875 0.0328125
1 0.69140625 0.321875 0.0203125 0.03515625
1 0.6890625 0.290625 0.01875 0.028125
1 0.72890625 0.275 0.0203125 0.02578125
1 0.6875 0.2671875 0.015625 0.0328125
1 0.69609375 0.25390625 0.0171875 0.02578125
1 0.65078125 0.29375 0.0171875 0.03046875
1 0.65390625 0.2609375 0.0171875 0.03046875
1 0.6328125 0.26953125 0.0125 0.0234375
1 0.6046875 0.27734375 0.01875 0.03046875
1 0.60625 0.31015625 0.01875 0.03984375
1 0.6265625 0.25078125 0.0125 0.01875
1 0.6328125 0.23515625 0.015625 0.02578125
1 0.6234375 0.225 0.015625 0.0234375
1 0.60390625 0.24921875 0.0171875 0.02109375
1 0.59375 0.2328125 0.015625 0.02109375
1 0.590625 0.21796875 0.0125 0.01875
1 0.553125 0.19765625 0.015625 0.02109375
1 0.55859375 0.21796875 0.0140625 0.028125
1 0.5609375 0.24453125 0.015625 0.02578125
1 0.56015625 0.2984375 0.0203125 0.03046875
1 0.5515625 0.33515625 0.025 0.0421875
1 0.51640625 0.29140625 0.0203125 0.03515625
1 0.53125 0.27734375 0.015625 0.03046875
1 0.50703125 0.27421875 0.0171875 0.028125
1 0.51015625 0.2484375 0.0171875 0.028125
1 0.5203125 0.23203125 0.015625 0.0234375
1 0.52734375 0.21875 0.0171875 0.02578125
1 0.4984375 0.19765625 0.01875 0.03046875
1 0.48203125 0.2109375 0.0171875 0.028125
1 0.46171875 0.1953125 0.0140625 0.02578125
1 0.43828125 0.171875 0.0140625 0.02578125
1 0.45859375 0.29765625 0.0265625 0.046875
1 0.45625 0.26328125 0.025 0.03515625
1 0.41171875 0.2578125 0.0203125 0.0328125
1 0.415625 0.2421875 0.01875 0.03046875
1 0.42109375 0.234375 0.0203125 0.028125
1 0.4234375 0.21328125 0.015625 0.0234375
1 0.396875 0.215625 0.015625 0.0328125
1 0.38984375 0.19765625 0.0203125 0.03046875
1 0.3796875 0.1640625 0.0125 0.0234375
1 0.36328125 0.26015625 0.0234375 0.0375
1 0.37421875 0.228125 0.0234375 0.03984375
1 0.33515625 0.22265625 0.0171875 0.0328125
1 0.32578125 0.20625 0.0171875 0.01875
1 0.3375 0.1859375 0.0125 0.02578125
1 0.35078125 0.196875 0.0140625 0.028125
1 0.353125 0.17890625 0.015625 0.03046875
1 0.334375 0.31640625 0.034375 0.0515625
1 0.3359375 0.27890625 0.025 0.0421875
1 0.3046875 0.253125 0.025 0.0421875
1 0.28125 0.2046875 0.01875 0.03046875
1 0.29140625 0.2 0.0171875 0.03515625
1 0.3109375 0.1765625 0.0125 0.02578125
1 0.28203125 0.1640625 0.0171875 0.0328125
1 0.26640625 0.225 0.0234375 0.0375
1 0.2453125 0.2390625 0.021875 0.0375
1 0.25234375 0.30078125 0.0265625 0.06328125
1 0.25546875 0.27265625 0.0203125 0.03515625
1 0.16328125 0.30078125 0.0296875 0.04921875
1 0.14375 0.2609375 0.021875 0.04921875
1 0.08359375 0.29140625 0.0296875 0.04921875
1 0.015625 0.32578125 0.028125 0.065625
1 0.0125 0.27890625 0.021875 0.05625
1 0.05078125 0.24140625 0.0328125 0.0515625
1 0.03828125 0.2109375 0.0296875 0.0421875
1 0.01171875 0.190625 0.0203125 0.04921875
1 0.05859375 0.18046875 0.0296875 0.0375
1 0.09921875 0.196875 0.0203125 0.0421875
1 0.11171875 0.23515625 0.0265625 0.04453125
1 0.1890625 0.23515625 0.021875 0.03984375
1 0.22265625 0.22578125 0.0234375 0.03515625
1 0.24765625 0.1921875 0.0171875 0.028125
1 0.2609375 0.178125 0.021875 0.0234375
1 0.2234375 0.19921875 0.021875 0.0234375
1 0.22421875 0.1734375 0.0171875 0.028125
1 0.2078125 0.18046875 0.015625 0.0234375
1 0.20703125 0.153125 0.0171875 0.02578125
1 0.1875 0.11328125 0.021875 0.03515625
1 0.1859375 0.19453125 0.021875 0.0328125
1 0.1625 0.2109375 0.025 0.0328125
1 0.15 0.16875 0.01875 0.0421875
1 0.171875 0.16640625 0.01875 0.0328125
1 0.12578125 0.178125 0.0234375 0.0375
1 0.12109375 0.13203125 0.0203125 0.03515625
1 0.09375 0.16484375 0.021875 0.03515625
1 0.078125 0.12734375 0.021875 0.03046875
1 0.0609375 0.125 0.021875 0.03984375
1 0.02109375 0.1296875 0.0203125 0.03046875
1 0.0453125 0.16953125 0.01875 0.03046875
1 0.00703125 0.12421875 0.0109375 0.0328125