1 0.02109375 0.36796875 0.0421875 0.04375
1 0.1265625 0.52265625 0.1296875 0.09140625
1 0.16640625 0.44296875 0.07890625 0.06015625
1 0.1140625 0.36015625 0.059375 0.04609375
1 0.14921875 0.35546875 0.03359375 0.03984375
1 0.228125 0.36640625 0.0453125 0.03359375
1 0.30859375 0.39609375 0.06484375 0.05
1 0.35625 0.43515625 0.07578125 0.0625
1 0.38046875 0.38359375 0.05625 0.03359375
1 0.3828125 0.28359375 0.0453125 0.0375
1 0.4609375 0.371875 0.0421875 0.03515625
1 0.484375 0.41484375 0.06171875 0.04609375
1 0.528125 0.39609375 0.04765625 0.0375
1 0.59453125 0.38671875 0.03359375 0.03515625
1 0.88203125 0.54375 0.12421875 0.07890625
1 0.859375 0.48515625 0.1015625 0.07109375
1 0.86171875 0.44453125 0.06796875 0.05625
1 0.84375 0.40625 0.059375 0.0375
1 0.803125 0.39453125 0.0390625 0.03515625
1 0.93203125 0.40703125 0.0453125 0.03515625