1 0.19609375 0.47578125 0.04453125 0.08359375
1 0.33515625 0.2609375 0.02578125 0.04140625
1 0.44296875 0.27109375 0.0234375 0.03984375
1 0.4921875 0.33046875 0.03515625 0.0625
1 0.46015625 0.19453125 0.0171875 0.0375
1 0.4328125 0.2140625 0.01953125 0.0328125
1 0.48828125 0.18046875 0.025 0.034375
1 0.47265625 0.14765625 0.015625 0.0265625
1 0.49609375 0.13984375 0.01328125 0.0296875
1 0.54609375 0.13515625 0.01640625 0.0296875
1 0.5734375 0.14140625 0.015625 0.0265625
1 0.5375 0.21015625 0.01640625 0.0328125
1 0.5921875 0.15625 0.0171875 0.0296875
1 0.68046875 0.246875 0.02109375 0.04296875
1 0.740625 0.26015625 0.028125 0.04921875
1 0.803125 0.26953125 0.02890625 0.05234375
1 0.71015625 0.14921875 0.0125 0.03125
1 0.734375 0.15546875 0.015625 0.034375
1 0.771875 0.11328125 0.01640625 0.0296875
1 0.82421875 0.128125 0.0125 0.0296875
1 0.8265625 0.16953125 0.0171875 0.0359375
1 0.89921875 0.21328125 0.0234375 0.04140625
1 0.8875 0.490625 0.05546875 0.1203125
1 0.375 0.2609375 0.02109375 0.04140625
1 0.465625 0.23203125 0.03203125 0.05234375