1 0.14140625 0.3375 0.04375 0.06875
1 0.19375 0.35234375 0.04609375 0.0875
1 0.265625 0.37890625 0.04375 0.0734375
1 0.3 0.39609375 0.0453125 0.07109375
1 0.27734375 0.4546875 0.06484375 0.0875
1 0.34609375 0.440625 0.05234375 0.078125
1 0.359375 0.35703125 0.04921875 0.07890625
1 0.39140625 0.41640625 0.0484375 0.075
1 0.4421875 0.41015625 0.04765625 0.08359375
1 0.378125 0.55390625 0.0640625 0.096875
1 0.459375 0.34765625 0.0484375 0.09296875
1 0.5109375 0.415625 0.04765625 0.0875
1 0.55078125 0.35234375 0.05390625 0.0984375
1 0.60859375 0.41015625 0.04375 0.0890625
1 0.65703125 0.3859375 0.046875 0.0953125
1 0.684375 0.446875 0.0515625 0.08203125
1 0.73515625 0.353125 0.05625 0.0859375
1 0.7671875 0.4296875 0.053125 0.09609375