1 0.03359375 0.5921875 0.06328125 0.146875
1 0.07265625 0.396875 0.03828125 0.0734375
1 0.11640625 0.421875 0.03671875 0.0796875
1 0.15859375 0.4359375 0.03984375 0.0765625
1 0.1640625 0.3984375 0.028125 0.05078125
1 0.23984375 0.44296875 0.046875 0.0828125
1 0.28671875 0.4 0.0265625 0.05390625
1 0.34296875 0.421875 0.03671875 0.0734375
1 0.39140625 0.4125 0.03671875 0.0734375
1 0.41953125 0.39140625 0.01484375 0.05078125
1 0.44765625 0.403125 0.025 0.04765625
1 0.47421875 0.4890625 0.0484375 0.0984375
1 0.49296875 0.46328125 0.0265625 0.06015625
1 0.5015625 0.4234375 0.0234375 0.05703125
1 0.47421875 0.38828125 0.025 0.04453125
1 0.4984375 0.38046875 0.01328125 0.04140625
1 0.5140625 0.4 0.021875 0.04140625
1 0.5328125 0.37890625 0.01796875 0.04453125
1 0.571875 0.496875 0.046875 0.0953125
1 0.559375 0.4171875 0.028125 0.0703125
1 0.5875 0.38671875 0.01796875 0.04765625
1 0.64296875 0.403125 0.0265625 0.05390625
1 0.68515625 0.4 0.0234375 0.04765625
1 0.68359375 0.45390625 0.0296875 0.06015625
1 0.74765625 0.43984375 0.03203125 0.0703125
1 0.7296875 0.53359375 0.053125 0.11171875
1 0.80859375 0.5078125 0.053125 0.10546875
1 0.86484375 0.340625 0.05 0.1015625
1 0.9484375 0.43125 0.053125 0.0859375