1 0.103125 0.37578125 0.0359375 0.08203125
1 0.325 0.1921875 0.0140625 0.0265625
1 0.39453125 0.16015625 0.0140625 0.03359375
1 0.390625 0.2359375 0.0171875 0.04375
1 0.415625 0.25546875 0.0203125 0.04375
1 0.43203125 0.14609375 0.0125 0.025
1 0.47421875 0.2234375 0.021875 0.03828125
1 0.47578125 0.13046875 0.0109375 0.01640625
1 0.496875 0.1265625 0.0109375 0.021875
1 0.51328125 0.18828125 0.0125 0.03515625
1 0.5203125 0.1625 0.0109375 0.0234375
1 0.56328125 0.2546875 0.0203125 0.0453125
1 0.6578125 0.13828125 0.0140625 0.028125
1 0.68203125 0.11875 0.0125 0.03046875
1 0.703125 0.11640625 0.0125 0.028125
1 0.61171875 0.2421875 0.0203125 0.05
1 0.61640625 0.30078125 0.025 0.06015625
1 0.621875 0.20390625 0.01796875 0.03671875
1 0.65625 0.18984375 0.0171875 0.03828125
1 0.70625 0.15703125 0.01796875 0.03671875
1 0.7140625 0.18203125 0.015625 0.03671875
1 0.6765625 0.33671875 0.0328125 0.071875
1 0.71484375 0.29453125 0.0203125 0.05703125
1 0.74921875 0.1984375 0.01484375 0.03515625
1 0.75234375 0.2484375 0.01796875 0.05546875
1 0.7390625 0.16875 0.01796875 0.03671875
1 0.75078125 0.1390625 0.0140625 0.0265625
1 0.76640625 0.1546875 0.015625 0.03515625
1 0.7796875 0.13203125 0.01484375 0.03671875
1 0.7828125 0.17890625 0.0109375 0.03359375
1 0.78515625 0.22109375 0.01484375 0.03671875
1 0.79921875 0.1640625 0.0140625 0.03359375
1 0.82734375 0.18359375 0.0140625 0.03359375
1 0.83671875 0.14609375 0.01328125 0.03203125
1 0.84140625 0.259375 0.01953125 0.03984375
1 0.8328125 0.24140625 0.015625 0.03828125
1 0.86328125 0.18046875 0.0140625 0.03359375
1 0.8734375 0.28515625 0.01875 0.0484375
1 0.85859375 0.33671875 0.021875 0.05546875
1 0.921875 0.3125 0.01953125 0.03984375
1 0.94375 0.23828125 0.01328125 0.03203125
1 0.93359375 0.165625 0.009375 0.0234375
1 0.903125 0.1828125 0.01328125 0.03203125
1 0.89375 0.21328125 0.01484375 0.03515625
1 0.88515625 0.24921875 0.015625 0.03671875
1 0.92578125 0.19140625 0.01328125 0.03203125
1 0.9359375 0.1890625 0.01328125 0.03671875
1 0.7234375 0.1578125 0.0140625 0.03515625
1 0.59609375 0.10546875 0.0109375 0.0234375
1 0.6203125 0.1046875 0.009375 0.021875
1 0.6546875 0.103125 0.009375 0.025
1 0.62421875 0.12421875 0.009375 0.021875
1 0.6078125 0.15 0.0109375 0.028125
1 0.578125 0.1421875 0.0109375 0.03359375
1 0.5796875 0.171875 0.01484375 0.03359375
1 0.54765625 0.165625 0.0125 0.03359375
1 0.54765625 0.14375 0.01328125 0.0265625
1 0.54921875 0.12109375 0.01015625 0.021875
1 0.553125 0.18984375 0.01796875 0.0421875
1 0.46640625 0.16875 0.01484375 0.03671875
1 0.47109375 0.18203125 0.01484375 0.03046875
1 0.48515625 0.159375 0.01328125 0.03203125
1 0.44921875 0.2 0.01484375 0.03828125
1 0.4296875 0.17578125 0.0140625 0.03359375
1 0.3765625 0.19453125 0.015625 0.028125
1 0.39375 0.20546875 0.0171875 0.03671875
1 0.4203125 0.21015625 0.01484375 0.03515625
1 0.46015625 0.14765625 0.01015625 0.025