1 0.0890625 0.67265625 0.1015625 0.140625
1 0.05 0.58359375 0.0671875 0.08984375
1 0.12890625 0.54453125 0.0578125 0.08046875
1 0.21328125 0.59140625 0.07109375 0.1140625
1 0.24609375 0.53984375 0.05625 0.08046875
1 0.53125 0.54453125 0.04375 0.075
1 0.5796875 0.56640625 0.0578125 0.08984375
1 0.64921875 0.55234375 0.04765625 0.065625
1 0.68125 0.428125 0.03828125 0.0609375
1 0.70546875 0.5609375 0.0546875 0.07734375
1 0.7 0.6578125 0.0984375 0.15078125
1 0.91015625 0.65390625 0.10390625 0.13828125
1 0.89296875 0.5765625 0.04375 0.05546875