1 0.2328125 0.3765625 0.05234375 0.09375
1 0.546875 0.30078125 0.02578125 0.0640625
1 0.55859375 0.18984375 0.015625 0.03828125
1 0.634375 0.19609375 0.0171875 0.0421875
1 0.67890625 0.20859375 0.0203125 0.040625
1 0.67265625 0.1953125 0.0140625 0.03046875
1 0.715625 0.20546875 0.01640625 0.03359375
1 0.67421875 0.253125 0.02265625 0.0484375
1 0.6765625 0.31015625 0.0265625 0.06640625
1 0.73359375 0.2671875 0.02109375 0.0453125
1 0.7484375 0.2125 0.0171875 0.03515625
1 0.7734375 0.23984375 0.0203125 0.0484375
1 0.83515625 0.3671875 0.0265625 0.06796875
1 0.90390625 0.4171875 0.028125 0.07421875