1 0.14453125 0.77265625 0.096875 0.1734375
1 0.02734375 0.61796875 0.05234375 0.14921875
1 0.0390625 0.440625 0.03671875 0.07109375
1 0.13515625 0.50390625 0.0390625 0.0765625
1 0.17109375 0.40390625 0.025 0.0546875
1 0.1515625 0.42109375 0.021875 0.0359375
1 0.20078125 0.4140625 0.03203125 0.0734375
1 0.265625 0.42109375 0.034375 0.05
1 0.25078125 0.5390625 0.03984375 0.07109375
1 0.2765625 0.50859375 0.03046875 0.053125
1 0.303125 0.6234375 0.04765625 0.07578125
1 0.4640625 0.66015625 0.0546875 0.08671875
1 0.48515625 0.58671875 0.04375 0.059375
1 0.36953125 0.51328125 0.04140625 0.0609375
1 0.3484375 0.496875 0.034375 0.0609375
1 0.38671875 0.39296875 0.03125 0.0515625
1 0.409375 0.38984375 0.0265625 0.04296875
1 0.4375 0.37890625 0.01953125 0.04296875
1 0.459375 0.390625 0.02890625 0.05546875
1 0.4796875 0.415625 0.02890625 0.04609375
1 0.4921875 0.38359375 0.01953125 0.04296875
1 0.53203125 0.37578125 0.021875 0.04375
1 0.36015625 0.31328125 0.01875 0.04296875
1 0.340625 0.309375 0.0234375 0.03515625
1 0.56953125 0.47578125 0.03828125 0.07421875
1 0.5796875 0.440625 0.025 0.04296875
1 0.58046875 0.4015625 0.02109375 0.040625
1 0.5828125 0.38125 0.01796875 0.03828125
1 0.56484375 0.4046875 0.0171875 0.03671875
1 0.61171875 0.3984375 0.02109375 0.04296875
1 0.63203125 0.43515625 0.03046875 0.05546875
1 0.65625 0.39375 0.02734375 0.04140625
1 0.5921875 0.64921875 0.0578125 0.096875
1 0.8015625 0.7265625 0.08203125 0.14140625
1 0.82890625 0.6015625 0.053125 0.1
1 0.90546875 0.59375 0.04453125 0.0734375
1 0.91640625 0.53671875 0.03125 0.071875
1 0.94296875 0.4640625 0.03828125 0.06328125
1 0.84296875 0.54609375 0.03828125 0.05546875
1 0.79453125 0.496875 0.0375 0.053125
1 0.828125 0.44609375 0.03359375 0.065625
1 0.7703125 0.32421875 0.03203125 0.0640625
1 0.740625 0.4765625 0.04296875 0.090625
1 0.71484375 0.41796875 0.025 0.046875
1 0.69375 0.43671875 0.02109375 0.05
1 0.64609375 0.49296875 0.03515625 0.0765625