1 0.23671875 0.21640625 0.02109375 0.0328125
1 0.2921875 0.19140625 0.0203125 0.040625
1 0.3359375 0.2359375 0.01953125 0.0484375
1 0.3515625 0.2015625 0.0203125 0.0390625
1 0.4015625 0.1625 0.02265625 0.0421875
1 0.3875 0.20390625 0.0234375 0.03125
1 0.47421875 0.1875 0.0234375 0.046875
1 0.55234375 0.1984375 0.02421875 0.0484375
1 0.61875 0.240625 0.02578125 0.05234375
1 0.5125 0.3125 0.04453125 0.075
1 0.646875 0.24453125 0.0234375 0.04375
1 0.3625 0.1796875 0.02421875 0.04375
1 0.3390625 0.19921875 0.01796875 0.034375