1 0.27578125 0.25234375 0.01484375 0.034375
1 0.29375 0.2703125 0.02265625 0.04453125
1 0.2984375 0.2390625 0.01796875 0.034375
1 0.3609375 0.25625 0.02265625 0.04296875
1 0.384375 0.26875 0.01640625 0.04140625
1 0.3625 0.196875 0.015625 0.0328125
1 0.39609375 0.19609375 0.01640625 0.03125
1 0.40546875 0.171875 0.01328125 0.0265625
1 0.4375 0.221875 0.01796875 0.03671875
1 0.4640625 0.1984375 0.02578125 0.04921875
1 0.4421875 0.18515625 0.01640625 0.0328125
1 0.446875 0.1515625 0.01171875 0.03125
1 0.459375 0.15703125 0.01484375 0.0296875
1 0.46328125 0.1421875 0.009375 0.01953125
1 0.48359375 0.16484375 0.01328125 0.028125
1 0.48203125 0.19609375 0.01796875 0.03828125
1 0.50546875 0.125 0.0109375 0.025
1 0.51171875 0.15078125 0.01328125 0.0328125
1 0.521875 0.1609375 0.01328125 0.028125
1 0.51640625 0.1921875 0.01953125 0.04140625
1 0.534375 0.18125 0.01171875 0.028125
1 0.5484375 0.1859375 0.01484375 0.03125
1 0.53203125 0.1328125 0.01484375 0.028125
1 0.56015625 0.13046875 0.01328125 0.0265625
1 0.553125 0.11171875 0.01171875 0.028125
1 0.5796875 0.13671875 0.0140625 0.03125
1 0.5875 0.128125 0.01484375 0.028125
1 0.590625 0.1015625 0.01015625 0.03125
1 0.60703125 0.103125 0.01015625 0.025
1 0.61171875 0.13203125 0.01171875 0.0328125
1 0.59921875 0.15390625 0.015625 0.0296875
1 0.6375 0.13359375 0.0140625 0.0234375
1 0.628125 0.11953125 0.01171875 0.021875
1 0.63515625 0.09921875 0.01328125 0.0265625
1 0.66640625 0.10546875 0.01328125 0.0265625
1 0.69140625 0.0984375 0.01328125 0.028125
1 0.48671875 0.31640625 0.025 0.0546875
1 0.55625 0.315625 0.02890625 0.059375
1 0.565625 0.24765625 0.02578125 0.04609375
1 0.603125 0.2609375 0.0234375 0.053125
1 0.6265625 0.203125 0.02265625 0.03984375
1 0.615625 0.33203125 0.03359375 0.059375
1 0.6640625 0.33046875 0.03125 0.06640625
1 0.66953125 0.20234375 0.02421875 0.04453125
1 0.653125 0.1671875 0.02109375 0.03984375
1 0.6765625 0.15859375 0.01875 0.0328125
1 0.68828125 0.190625 0.0203125 0.03828125
1 0.71484375 0.171875 0.01640625 0.03671875
1 0.72578125 0.190625 0.01953125 0.04453125
1 0.7203125 0.25078125 0.02578125 0.0546875
1 0.7453125 0.2171875 0.025 0.04765625
1 0.775 0.2 0.01953125 0.04609375
1 0.75234375 0.1421875 0.0140625 0.03671875
1 0.759375 0.128125 0.01484375 0.03125
1 0.7328125 0.1125 0.015625 0.03671875
1 0.77421875 0.1546875 0.01796875 0.04140625
1 0.79609375 0.153125 0.01875 0.04140625
1 0.82578125 0.20546875 0.0203125 0.04140625
1 0.80390625 0.23828125 0.02578125 0.04921875
1 0.78984375 0.26953125 0.02890625 0.059375
1 0.75625 0.3390625 0.0359375 0.07578125
1 0.7953125 0.396875 0.03984375 0.07578125
1 0.83046875 0.32265625 0.02578125 0.0625
1 0.8265625 0.1390625 0.01328125 0.0296875
1 0.83046875 0.125 0.01484375 0.03125
1 0.84921875 0.14140625 0.01484375 0.028125
1 0.846875 0.17265625 0.015625 0.034375
1 0.8640625 0.21171875 0.0203125 0.04296875
1 0.86015625 0.25625 0.01875 0.04296875
1 0.8921875 0.37578125 0.0359375 0.084375
1 0.89765625 0.29765625 0.02890625 0.06953125
1 0.9078125 0.2625 0.01953125 0.04296875
1 0.9171875 0.23671875 0.01640625 0.03671875
1 0.915625 0.20859375 0.0109375 0.0296875
1 0.88046875 0.17109375 0.01640625 0.03828125
1 0.8859375 0.14140625 0.01796875 0.03125
1 0.87578125 0.1328125 0.01328125 0.028125
1 0.91953125 0.15859375 0.01171875 0.0328125