1 0.10859375 0.3296875 0.03046875 0.0734375
1 0.30703125 0.20859375 0.0203125 0.03984375
1 0.33828125 0.2390625 0.01953125 0.0453125
1 0.409375 0.2453125 0.021875 0.03984375
1 0.41875 0.1671875 0.015625 0.03125
1 0.4421875 0.165625 0.01640625 0.03125
1 0.465625 0.16640625 0.015625 0.0328125
1 0.4859375 0.18984375 0.015625 0.03125
1 0.49453125 0.165625 0.01484375 0.03125
1 0.51640625 0.20078125 0.01796875 0.03828125
1 0.56171875 0.19375 0.01796875 0.03828125
1 0.86796875 0.24375 0.02265625 0.04375
1 0.89609375 0.2015625 0.01640625 0.0328125
1 0.92890625 0.24609375 0.0203125 0.0453125
1 0.9375 0.2140625 0.01484375 0.03671875