1 0.1125 0.71796875 0.05 0.14921875
1 0.19609375 0.8296875 0.0984375 0.23203125
1 0.31875 0.6140625 0.034375 0.09921875
1 0.40234375 0.64765625 0.0421875 0.1328125
1 0.37890625 0.5875 0.0359375 0.0875
1 0.209375 0.57265625 0.025 0.0578125
1 0.23125 0.575 0.015625 0.0453125
1 0.278125 0.5765625 0.015625 0.04140625
1 0.41015625 0.4421875 0.0140625 0.02890625
1 0.434375 0.4296875 0.009375 0.0375
1 0.45703125 0.4234375 0.0140625 0.0328125
1 0.48125 0.4125 0.015625 0.0375
1 0.53203125 0.49765625 0.0171875 0.0578125
1 0.5109375 0.50625 0.0125 0.04140625
1 0.49375 0.51640625 0.015625 0.0375
1 0.57890625 0.45859375 0.0140625 0.0625
1 0.7234375 0.47890625 0.025 0.0703125
1 0.77109375 0.45234375 0.0296875 0.0578125
1 0.76484375 0.52109375 0.0453125 0.10390625
1 0.8953125 0.41875 0.0375 0.09140625
1 0.928125 0.35859375 0.028125 0.0703125
1 0.9109375 0.334375 0.025 0.07890625
1 0.925 0.259375 0.021875 0.05390625
1 0.98359375 0.42109375 0.0328125 0.11171875
1 0.87421875 0.2078125 0.0140625 0.0328125