1 0.15703125 0.6453125 0.0765625 0.1328125
1 0.12265625 0.603125 0.0546875 0.09296875
1 0.1125 0.54609375 0.0515625 0.0703125
1 0.28671875 0.6515625 0.06640625 0.115625
1 0.26171875 0.59140625 0.05703125 0.0953125
1 0.4015625 0.615625 0.06328125 0.09296875
1 0.4296875 0.83984375 0.1203125 0.16015625
1 0.5546875 0.8796875 0.1234375 0.215625
1 0.68671875 0.88984375 0.1296875 0.1953125
1 0.575 0.6890625 0.08671875 0.17578125
1 0.64140625 0.6703125 0.0703125 0.1375
1 0.66796875 0.33828125 0.06015625 0.1
1 0.8375 0.62421875 0.075 0.1203125
1 0.95546875 0.67421875 0.08515625 0.1703125