1 0.04453125 0.52734375 0.0859375 0.1796875
1 0.08046875 0.4515625 0.040625 0.06484375
1 0.15625 0.46328125 0.03515625 0.06484375
1 0.1734375 0.4296875 0.03359375 0.0578125
1 0.221875 0.45625 0.03515625 0.0734375
1 0.26328125 0.61640625 0.12265625 0.20078125
1 0.271875 0.446875 0.02890625 0.04609375
1 0.30859375 0.44453125 0.03515625 0.06015625
1 0.3375 0.44453125 0.0234375 0.05546875
1 0.3578125 0.4375 0.01875 0.04140625
1 0.3859375 0.44375 0.0265625 0.04375
1 0.36328125 0.53203125 0.05703125 0.10625
1 0.4375 0.45859375 0.03984375 0.06015625
1 0.45546875 0.44921875 0.021875 0.04140625
1 0.46875 0.43203125 0.01640625 0.034375
1 0.4828125 0.4703125 0.0421875 0.06875
1 0.51328125 0.44140625 0.0234375 0.0390625
1 0.50625 0.421875 0.01640625 0.02734375
1 0.53828125 0.415625 0.0203125 0.034375
1 0.55078125 0.43515625 0.0171875 0.02734375
1 0.534375 0.478125 0.0421875 0.0671875
1 0.60078125 0.50078125 0.05234375 0.09453125
1 0.57578125 0.43125 0.01484375 0.02734375
1 0.603125 0.42890625 0.01640625 0.02734375
1 0.6296875 0.44609375 0.025 0.0625
1 0.65625 0.47578125 0.040625 0.08515625
1 0.6734375 0.4296875 0.01328125 0.034375
1 0.6578125 0.434375 0.01484375 0.0296875
1 0.69296875 0.45390625 0.03203125 0.05546875
1 0.7078125 0.44921875 0.0234375 0.05078125
1 0.7265625 0.44140625 0.0203125 0.04375
1 0.76171875 0.425 0.0203125 0.0390625
1 0.78984375 0.4265625 0.01484375 0.02734375
1 0.825 0.43671875 0.01875 0.0296875
1 0.89609375 0.51875 0.0640625 0.10625
1 0.8890625 0.47734375 0.040625 0.0734375
1 0.96015625 0.6703125 0.07890625 0.2671875