1 0.20625 0.44921875 0.04609375 0.0890625
1 0.24453125 0.37734375 0.03671875 0.09765625
1 0.26953125 0.20859375 0.0265625 0.034375
1 0.3390625 0.28046875 0.02109375 0.04296875
1 0.3578125 0.2625 0.02109375 0.03984375
1 0.4109375 0.1921875 0.0171875 0.034375
1 0.43984375 0.2203125 0.025 0.034375
1 0.44140625 0.27421875 0.025 0.04921875
1 0.49921875 0.3078125 0.03125 0.0578125
1 0.465625 0.15859375 0.015625 0.0359375
1 0.48359375 0.15546875 0.02109375 0.04296875
1 0.4953125 0.13046875 0.021875 0.0296875
1 0.496875 0.1890625 0.021875 0.04140625
1 0.521875 0.171875 0.0171875 0.0359375
1 0.53359375 0.209375 0.0203125 0.0296875
1 0.5421875 0.1375 0.01796875 0.03125
1 0.5796875 0.1140625 0.0171875 0.0296875
1 0.57265625 0.14921875 0.0171875 0.03125
1 0.59453125 0.1578125 0.0171875 0.03125
1 0.64609375 0.1015625 0.0171875 0.034375
1 0.67734375 0.103125 0.0125 0.028125
1 0.71640625 0.09453125 0.01953125 0.03125
1 0.6359375 0.24140625 0.0203125 0.05078125
1 0.6765625 0.25625 0.02265625 0.0546875
1 0.71640625 0.17734375 0.02109375 0.04140625
1 0.72890625 0.1484375 0.02421875 0.03984375
1 0.76875 0.10390625 0.0125 0.0328125
1 0.76484375 0.1453125 0.0171875 0.0359375
1 0.83046875 0.1265625 0.01640625 0.025
1 0.82109375 0.18984375 0.021875 0.0359375
1 0.7375 0.27890625 0.0265625 0.053125
1 0.7953125 0.30390625 0.021875 0.04921875
1 0.86953125 0.19140625 0.01328125 0.0359375
1 0.8953125 0.225 0.021875 0.04453125
1 0.74765625 0.16015625 0.01796875 0.0359375
1 0.70703125 0.15703125 0.01796875 0.03984375
1 0.465625 0.18828125 0.021875 0.0328125
1 0.45625 0.22578125 0.01796875 0.0328125