1 0.31328125 0.3703125 0.05 0.08046875
1 0.18359375 0.58203125 0.05390625 0.10546875
1 0.23203125 0.6078125 0.05 0.10078125
1 0.2609375 0.7984375 0.09609375 0.1859375
1 0.15625 0.728125 0.0890625 0.16015625
1 0.07265625 0.64921875 0.07109375 0.13359375
1 0.0375 0.71015625 0.06171875 0.13046875
1 0.31015625 0.61796875 0.06015625 0.11875
1 0.37109375 0.72265625 0.08828125 0.14375
1 0.43984375 0.67265625 0.06484375 0.13828125
1 0.525 0.84453125 0.1046875 0.20625
1 0.57890625 0.75625 0.084375 0.1484375
1 0.5453125 0.6015625 0.05390625 0.10703125
1 0.63203125 0.615625 0.0578125 0.09921875
1 0.640625 0.55390625 0.05390625 0.10703125
1 0.78828125 0.6109375 0.05546875 0.11875
1 0.77578125 0.5703125 0.0515625 0.10078125
1 0.85390625 0.8875 0.1390625 0.22109375
1 0.90390625 0.37734375 0.1203125 0.22578125