1 0.225 0.5046875 0.13125 0.29609375
1 0.39609375 0.8109375 0.1375 0.25234375
1 0.3109375 0.325 0.09453125 0.20390625
1 0.246875 0.0875 0.0609375 0.140625
1 0.14453125 0.35546875 0.11328125 0.22109375
1 0.11328125 0.1125 0.05703125 0.109375
1 0.1828125 0.27421875 0.078125 0.16015625
1 0.38828125 0.26328125 0.07734375 0.1625
1 0.34296875 0.05703125 0.0703125 0.109375
1 0.4421875 0.05078125 0.0609375 0.096875
1 0.4890625 0.2875 0.0625 0.13359375
1 0.63359375 0.20859375 0.0625 0.1359375
1 0.6609375 0.1203125 0.0484375 0.08984375
1 0.6328125 0.0421875 0.04609375 0.08046875
1 0.7390625 0.05234375 0.0515625 0.09453125
1 0.81875 0.20625 0.059375 0.1453125
1 0.87109375 0.1734375 0.06328125 0.14296875
1 0.82578125 0.05859375 0.04296875 0.096875
1 0.92578125 0.06171875 0.0484375 0.1046875
1 0.9625 0.1625 0.05234375 0.1265625