1 0.1703125 0.48515625 0.040625 0.0703125
1 0.2609375 0.23984375 0.01796875 0.03515625
1 0.29921875 0.24921875 0.01484375 0.03359375
1 0.3140625 0.2578125 0.0234375 0.03984375
1 0.32109375 0.2390625 0.0203125 0.03671875
1 0.3140625 0.2140625 0.015625 0.03046875
1 0.35390625 0.20390625 0.015625 0.03359375
1 0.36328125 0.21328125 0.0171875 0.03203125
1 0.36796875 0.2421875 0.021875 0.03984375
1 0.3953125 0.26640625 0.0265625 0.0484375
1 0.39609375 0.21015625 0.01875 0.03515625
1 0.38671875 0.18125 0.01796875 0.03515625
1 0.37734375 0.1796875 0.0125 0.03828125
1 0.42109375 0.17890625 0.01484375 0.03359375
1 0.43125 0.22890625 0.021875 0.046875
1 0.44921875 0.17890625 0.0171875 0.03046875
1 0.46640625 0.14140625 0.01484375 0.028125
1 0.47578125 0.15234375 0.01484375 0.0234375
1 0.4890625 0.18984375 0.01953125 0.03515625
1 0.48046875 0.225 0.01953125 0.03515625
1 0.53515625 0.1828125 0.02265625 0.03828125
1 0.51640625 0.159375 0.0171875 0.03515625
1 0.50078125 0.14921875 0.015625 0.03671875
1 0.4875 0.1296875 0.0140625 0.03203125
1 0.5484375 0.1546875 0.0140625 0.03515625
1 0.5625 0.1421875 0.0125 0.0265625
1 0.5765625 0.140625 0.0140625 0.03046875
1 0.56484375 0.11171875 0.01484375 0.0265625
1 0.5828125 0.16015625 0.015625 0.03359375
1 0.5875 0.11953125 0.0125 0.028125
1 0.6046875 0.12265625 0.01328125 0.025
1 0.6125 0.10859375 0.0125 0.0234375
1 0.61484375 0.140625 0.01484375 0.03359375
1 0.6296875 0.12890625 0.01328125 0.0265625
1 0.64453125 0.10703125 0.0109375 0.03359375
1 0.66484375 0.12734375 0.0125 0.0234375
1 0.5203125 0.284375 0.025 0.05
1 0.5453125 0.3 0.028125 0.05546875
1 0.553125 0.24453125 0.02421875 0.05703125
1 0.6234375 0.24453125 0.0265625 0.053125
1 0.62890625 0.3015625 0.0296875 0.0515625
1 0.62578125 0.19765625 0.0234375 0.04375
1 0.6609375 0.2046875 0.021875 0.03828125
1 0.6703125 0.2421875 0.02734375 0.053125
1 0.703125 0.27109375 0.028125 0.053125
1 0.7078125 0.2125 0.025 0.03984375
1 0.69453125 0.18359375 0.02265625 0.04375
1 0.68984375 0.1421875 0.01875 0.03984375
1 0.6578125 0.171875 0.0171875 0.03671875
1 0.70703125 0.14609375 0.01484375 0.03515625
1 0.7203125 0.16484375 0.01953125 0.03828125
1 0.7390625 0.1859375 0.01796875 0.04375
1 0.73515625 0.1171875 0.01484375 0.03046875
1 0.74296875 0.1375 0.01796875 0.03359375
1 0.75859375 0.12265625 0.01796875 0.03515625
1 0.76484375 0.1546875 0.0171875 0.03828125
1 0.78046875 0.17890625 0.01796875 0.03984375
1 0.77578125 0.22421875 0.021875 0.046875
1 0.76796875 0.2625 0.0234375 0.053125
1 0.84609375 0.2859375 0.02734375 0.06015625
1 0.85390625 0.23359375 0.025 0.0515625
1 0.83671875 0.19296875 0.01796875 0.03828125
1 0.8 0.15625 0.015625 0.03515625
1 0.790625 0.140625 0.0140625 0.03046875
1 0.8421875 0.13515625 0.0171875 0.03359375
1 0.8453125 0.16640625 0.01484375 0.03203125
1 0.8625 0.14375 0.01484375 0.03671875
1 0.88828125 0.15703125 0.0140625 0.03671875
1 0.88984375 0.20546875 0.0125 0.03671875
1 0.9125 0.23359375 0.025 0.0421875
1 0.9359375 0.2546875 0.0234375 0.06171875