1 0.3390625 0.18515625 0.01953125 0.03671875
1 0.38203125 0.23671875 0.02109375 0.040625
1 0.41171875 0.26640625 0.025 0.0453125
1 0.39921875 0.2046875 0.0171875 0.03359375
1 0.38828125 0.18984375 0.0140625 0.03046875
1 0.396875 0.16875 0.01640625 0.03203125
1 0.41796875 0.1625 0.01484375 0.02890625
1 0.428125 0.178125 0.0140625 0.03046875
1 0.428125 0.21015625 0.01484375 0.03671875
1 0.45078125 0.21796875 0.01953125 0.0421875
1 0.4765625 0.23515625 0.021875 0.040625
1 0.475 0.18203125 0.0171875 0.0421875
1 0.46171875 0.17421875 0.0125 0.02890625
1 0.47109375 0.1453125 0.01484375 0.03203125
1 0.48359375 0.1421875 0.01484375 0.02890625
1 0.5046875 0.12109375 0.01015625 0.0234375
1 0.51171875 0.196875 0.02265625 0.040625
1 0.52265625 0.16640625 0.01484375 0.03359375
1 0.54375 0.1984375 0.02109375 0.03671875
1 0.55390625 0.1703125 0.0171875 0.03203125
1 0.5484375 0.14921875 0.0140625 0.0234375
1 0.54453125 0.134375 0.0125 0.0203125
1 0.5765625 0.1484375 0.01484375 0.03203125
1 0.60625 0.1515625 0.01484375 0.03046875
1 0.58515625 0.17109375 0.01953125 0.03359375
1 0.59921875 0.134375 0.0140625 0.03046875
1 0.59921875 0.115625 0.0125 0.0203125
1 0.609375 0.10859375 0.0125 0.025
1 0.628125 0.12109375 0.01328125 0.0203125
1 0.63046875 0.14375 0.01484375 0.03203125
1 0.6625 0.1375 0.01328125 0.03046875
1 0.653125 0.1078125 0.01328125 0.0265625
1 0.6859375 0.12109375 0.0140625 0.03359375
1 0.70390625 0.13125 0.01328125 0.0265625
1 0.565625 0.2640625 0.0296875 0.05390625
1 0.5921875 0.3296875 0.03125 0.07421875
1 0.6140625 0.25546875 0.02734375 0.05703125
1 0.640625 0.2125 0.02109375 0.0453125
1 0.66796875 0.1984375 0.01953125 0.05078125
1 0.7125 0.2 0.02109375 0.03671875
1 0.7078125 0.1578125 0.01640625 0.03359375
1 0.72578125 0.16171875 0.01484375 0.03046875
1 0.7421875 0.16640625 0.01484375 0.03359375
1 0.75703125 0.1546875 0.0125 0.0265625
1 0.75 0.140625 0.01640625 0.03203125
1 0.78125 0.1375 0.01640625 0.03359375
1 0.80390625 0.165625 0.01484375 0.03203125
1 0.78515625 0.18125 0.01640625 0.03359375
1 0.78359375 0.22421875 0.01796875 0.03828125
1 0.75625 0.246875 0.02265625 0.046875
1 0.74765625 0.2046875 0.01875 0.040625
1 0.71875 0.2796875 0.03125 0.0625
1 0.6828125 0.35859375 0.034375 0.06875
1 0.82734375 0.25078125 0.02578125 0.040625
1 0.84296875 0.2234375 0.021875 0.040625
1 0.83671875 0.17265625 0.01640625 0.02890625
1 0.84140625 0.14921875 0.01640625 0.03671875
1 0.865625 0.184375 0.0171875 0.02890625
1 0.87890625 0.17734375 0.01640625 0.03515625
1 0.88984375 0.23515625 0.021875 0.046875
1 0.8765625 0.2890625 0.021875 0.05703125
1 0.8484375 0.33046875 0.03046875 0.0625
1 0.8859375 0.4015625 0.05859375 0.1109375
1 0.92109375 0.3046875 0.02265625 0.0625
1 0.9453125 0.2421875 0.01796875 0.040625
1 0.95703125 0.2234375 0.01875 0.040625
1 0.94296875 0.1953125 0.0171875 0.03671875
1 0.9390625 0.16640625 0.01484375 0.03046875
1 0.89765625 0.203125 0.01328125 0.03359375