1 0.1375 0.6609375 0.13359375 0.21015625
1 0.12265625 0.48359375 0.053125 0.084375
1 0.23203125 0.44296875 0.03359375 0.05703125
1 0.27578125 0.51796875 0.07265625 0.1171875
1 0.26953125 0.43515625 0.02578125 0.0484375
1 0.30703125 0.43984375 0.0296875 0.05078125
1 0.3234375 0.4140625 0.03125 0.06015625
1 0.3609375 0.47890625 0.046875 0.08671875
1 0.3890625 0.459375 0.0296875 0.06015625
1 0.4125 0.43671875 0.02578125 0.0453125
1 0.39296875 0.41875 0.01796875 0.0390625
1 0.4 0.3875 0.015625 0.0296875
1 0.45703125 0.3828125 0.01953125 0.02734375
1 0.52734375 0.3828125 0.01953125 0.02734375
1 0.58984375 0.384375 0.015625 0.02421875
1 0.55 0.43515625 0.01796875 0.0296875
1 0.56953125 0.43671875 0.02578125 0.0390625
1 0.6078125 0.43671875 0.02734375 0.05078125
1 0.59296875 0.41171875 0.01796875 0.0359375
1 0.6390625 0.428125 0.01953125 0.0390625
1 0.67421875 0.51328125 0.0703125 0.09609375
1 0.7109375 0.4578125 0.02578125 0.05703125
1 0.68125 0.4265625 0.01796875 0.0421875
1 0.66875 0.45078125 0.01953125 0.0359375
1 0.72734375 0.43125 0.01953125 0.0328125
1 0.7 0.428125 0.0234375 0.0328125
1 0.7796875 0.509375 0.053125 0.08125
1 0.82421875 0.4515625 0.03359375 0.05078125
1 0.88515625 0.71015625 0.14296875 0.2734375
1 0.89140625 0.5296875 0.06875 0.1109375
1 0.97421875 0.459375 0.02734375 0.05390625