1 0.10703125 0.58046875 0.08125 0.15859375
1 0.0609375 0.528125 0.0484375 0.10546875
1 0.06640625 0.446875 0.03671875 0.0671875
1 0.17109375 0.39140625 0.02421875 0.04375
1 0.20078125 0.39296875 0.028125 0.05859375
1 0.24296875 0.39765625 0.03359375 0.0671875
1 0.27890625 0.37109375 0.02421875 0.04375
1 0.3203125 0.43671875 0.04453125 0.08828125
1 0.33203125 0.37265625 0.028125 0.05859375
1 0.38046875 0.3359375 0.02421875 0.04375
1 0.39609375 0.3796875 0.03359375 0.0671875
1 0.43515625 0.3390625 0.021875 0.04375
1 0.46171875 0.3296875 0.0203125 0.03828125
1 0.484375 0.496875 0.071875 0.1203125
1 0.50546875 0.38828125 0.03671875 0.0734375
1 0.5234375 0.353125 0.03125 0.06171875
1 0.6046875 0.34453125 0.02421875 0.06171875
1 0.6203125 0.3796875 0.03359375 0.0671875
1 0.65 0.44453125 0.0484375 0.096875
1 0.690625 0.36484375 0.02578125 0.05
1 0.74375 0.38828125 0.04609375 0.0734375
1 0.790625 0.38828125 0.0296875 0.05546875
1 0.7203125 0.58671875 0.0890625 0.18203125
1 0.84921875 0.50625 0.0609375 0.1203125
1 0.8890625 0.44609375 0.03671875 0.0765625
1 0.93125 0.41171875 0.0296875 0.06171875