1 0.603125 0.38203125 0.07734375 0.103125
1 0.34296875 0.63203125 0.1 0.140625
1 0.14765625 0.56796875 0.08671875 0.121875
1 0.225 0.54296875 0.075 0.096875
1 0.228125 0.475 0.040625 0.06484375
1 0.2734375 0.4609375 0.03125 0.053125
1 0.3015625 0.49609375 0.0453125 0.08125
1 0.3265625 0.484375 0.0359375 0.0625
1 0.36484375 0.471875 0.03203125 0.0578125
1 0.18984375 0.46015625 0.03046875 0.06171875
1 0.1625 0.50234375 0.04765625 0.0671875
1 0.1296875 0.47890625 0.0359375 0.0609375
1 0.09296875 0.46640625 0.0375 0.0515625
1 0.0640625 0.52578125 0.06171875 0.08984375
1 0.0328125 0.49453125 0.0515625 0.0734375