1 0.15390625 0.36640625 0.03046875 0.06328125
1 0.16875 0.34921875 0.03828125 0.075
1 0.25859375 0.2890625 0.0203125 0.03125
1 0.31015625 0.26015625 0.0203125 0.04296875
1 0.2984375 0.27890625 0.01875 0.03671875
1 0.34375 0.26953125 0.0203125 0.04453125
1 0.33515625 0.21875 0.01796875 0.03671875
1 0.346875 0.21953125 0.01796875 0.03515625
1 0.35859375 0.240625 0.015625 0.0328125
1 0.375 0.23046875 0.0171875 0.03984375
1 0.3828125 0.20234375 0.0171875 0.03671875
1 0.40859375 0.17578125 0.01484375 0.0296875
1 0.42421875 0.1921875 0.0171875 0.0328125
1 0.428125 0.23046875 0.01953125 0.03984375
1 0.4546875 0.2328125 0.021875 0.0484375
1 0.4734375 0.25546875 0.03046875 0.05
1 0.4484375 0.19375 0.01484375 0.0296875
1 0.4515625 0.178125 0.0140625 0.03125
1 0.46640625 0.1640625 0.01484375 0.0296875
1 0.4734375 0.19296875 0.015625 0.03125
1 0.4875 0.19375 0.01796875 0.0296875
1 0.48359375 0.13515625 0.0125 0.021875
1 0.51015625 0.159375 0.01484375 0.0296875
1 0.5171875 0.21328125 0.01875 0.03125
1 0.5390625 0.1328125 0.0140625 0.0265625
1 0.56484375 0.1703125 0.021875 0.04140625
1 0.54609375 0.165625 0.01484375 0.03671875
1 0.58203125 0.13984375 0.0140625 0.028125
1 0.6171875 0.153125 0.015625 0.03125
1 0.59375 0.12578125 0.0125 0.0265625
1 0.59375 0.1 0.015625 0.025
1 0.6109375 0.06328125 0.01484375 0.0265625
1 0.65078125 0.07734375 0.01484375 0.03125
1 0.67109375 0.07265625 0.01328125 0.0296875
1 0.64375 0.10546875 0.0140625 0.025
1 0.484375 0.3046875 0.028125 0.04453125
1 0.534375 0.35078125 0.02890625 0.04453125
1 0.5671875 0.25390625 0.01953125 0.03984375
1 0.6046875 0.27265625 0.0203125 0.0515625
1 0.596875 0.35703125 0.02890625 0.06171875
1 0.6671875 0.36640625 0.02890625 0.06953125
1 0.65703125 0.31171875 0.02421875 0.04609375
1 0.63515625 0.21171875 0.02421875 0.0484375
1 0.6609375 0.2171875 0.01953125 0.04296875
1 0.66640625 0.18515625 0.0171875 0.03515625
1 0.6921875 0.1921875 0.0171875 0.03671875
1 0.68828125 0.1578125 0.015625 0.03671875
1 0.68984375 0.2265625 0.021875 0.04140625
1 0.7171875 0.29609375 0.02265625 0.0578125
1 0.7890625 0.31484375 0.028125 0.059375
1 0.75390625 0.26640625 0.0234375 0.0515625
1 0.809375 0.26640625 0.02265625 0.0515625
1 0.91484375 0.29375 0.02421875 0.053125
1 0.871875 0.24765625 0.01796875 0.04453125
1 0.78984375 0.196875 0.01953125 0.04140625
1 0.75859375 0.175 0.015625 0.03515625
1 0.7421875 0.1875 0.01796875 0.0296875
1 0.725 0.17109375 0.01484375 0.0296875
1 0.7203125 0.1484375 0.0125 0.025
1 0.7375 0.13359375 0.0140625 0.03515625
1 0.7484375 0.14765625 0.0171875 0.0328125
1 0.7671875 0.13515625 0.0140625 0.03515625
1 0.78046875 0.12890625 0.0125 0.03125
1 0.79453125 0.1453125 0.01328125 0.03828125
1 0.80625 0.14453125 0.0109375 0.0265625
1 0.8203125 0.16484375 0.0125 0.03125
1 0.83984375 0.178125 0.0125 0.03125
1 0.83671875 0.1484375 0.015625 0.03125
1 0.86015625 0.159375 0.0140625 0.0328125
1 0.86015625 0.1359375 0.01328125 0.0296875
1 0.8796875 0.1875 0.01796875 0.03984375
1 0.8890625 0.1765625 0.015625 0.03125
1 0.89609375 0.14375 0.0109375 0.028125
1 0.925 0.2078125 0.0171875 0.03828125
1 0.92890625 0.16328125 0.01328125 0.03125