1 0.271875 0.6921875 0.1296875 0.1640625
1 0.46484375 0.60390625 0.0703125 0.1109375
1 0.34140625 0.6015625 0.06328125 0.0796875
1 0.4046875 0.5265625 0.05 0.08828125
1 0.53984375 0.55078125 0.0734375 0.1015625
1 0.5046875 0.48203125 0.04296875 0.053125
1 0.55859375 0.32265625 0.0296875 0.04453125
1 0.65703125 0.49140625 0.046875 0.07109375
1 0.7703125 0.51328125 0.053125 0.06171875
1 0.675 0.5375 0.05 0.075
1 0.9015625 0.50625 0.04296875 0.075
1 0.19140625 0.51953125 0.0296875 0.0484375
1 0.278125 0.5 0.04296875 0.06171875
1 0.06015625 0.515625 0.03984375 0.0578125