1 0.06875 0.13671875 0.02109375 0.05390625
1 0.046875 0.175 0.02578125 0.05859375
1 0.0546875 0.2796875 0.04921875 0.09140625
1 0.0234375 0.36875 0.0421875 0.12421875
1 0.021875 0.50078125 0.04140625 0.20859375
1 0.1546875 0.36484375 0.07421875 0.165625
1 0.09375 0.25 0.03671875 0.06640625
1 0.103125 0.3375 0.04609375 0.09609375
1 0.15234375 0.2578125 0.0296875 0.06328125
1 0.175 0.2078125 0.02734375 0.05234375
1 0.175 0.1734375 0.021875 0.05859375
1 0.2171875 0.25703125 0.0390625 0.07421875
1 0.23515625 0.3328125 0.05 0.10546875
1 0.2796875 0.2921875 0.0359375 0.09296875
1 0.3078125 0.30859375 0.03203125 0.07265625
1 0.35390625 0.478125 0.10625 0.23515625
1 0.409375 0.415625 0.06328125 0.14375
1 0.41953125 0.28515625 0.040625 0.11171875
1 0.546875 0.340625 0.03671875 0.08984375
1 0.5453125 0.29765625 0.03359375 0.07265625
1 0.5953125 0.32578125 0.06328125 0.13125
1 0.50625 0.1 0.03046875 0.06328125
1 0.69375 0.32578125 0.03828125 0.09453125
1 0.6859375 0.4375 0.07421875 0.13125
1 0.7296875 0.628125 0.1390625 0.315625
1 0.81484375 0.375 0.059375 0.1453125
1 0.7859375 0.33046875 0.0390625 0.11328125
1 0.865625 0.290625 0.0421875 0.09453125
1 0.93671875 0.32109375 0.053125 0.11328125