1 0.06484375 0.55546875 0.04453125 0.10078125
1 0.221875 0.35 0.01796875 0.03046875
1 0.2515625 0.3671875 0.02109375 0.03515625
1 0.28828125 0.30859375 0.01796875 0.03203125
1 0.28671875 0.37265625 0.01953125 0.03359375
1 0.33671875 0.3703125 0.02265625 0.04296875
1 0.35234375 0.33359375 0.0171875 0.03359375
1 0.35859375 0.2984375 0.01875 0.03046875
1 0.390625 0.325 0.02109375 0.03046875
1 0.4125 0.34921875 0.02421875 0.04609375
1 0.409375 0.29921875 0.01640625 0.0265625
1 0.4078125 0.27890625 0.01640625 0.02265625
1 0.39375 0.27578125 0.0203125 0.03515625
1 0.4234375 0.25546875 0.01640625 0.025
1 0.43515625 0.27578125 0.01640625 0.028125
1 0.45390625 0.25234375 0.0109375 0.025
1 0.4703125 0.2390625 0.0140625 0.01796875
1 0.47421875 0.26953125 0.01484375 0.0265625
1 0.5015625 0.26875 0.0140625 0.03203125
1 0.509375 0.253125 0.0109375 0.02890625
1 0.52109375 0.24296875 0.01640625 0.01953125
1 0.5234375 0.26953125 0.0171875 0.03515625
1 0.54765625 0.25078125 0.01640625 0.0359375
1 0.55546875 0.22734375 0.0171875 0.028125
1 0.575 0.22578125 0.0140625 0.025
1 0.5765625 0.25625 0.01875 0.03359375
1 0.58828125 0.23984375 0.01484375 0.028125
1 0.59921875 0.2296875 0.01640625 0.0265625
1 0.60859375 0.209375 0.0125 0.025
1 0.62421875 0.2171875 0.0140625 0.01796875
1 0.65234375 0.21953125 0.01328125 0.02109375
1 0.67109375 0.23125 0.009375 0.025
1 0.6359375 0.24375 0.0109375 0.01796875
1 0.5984375 0.25859375 0.01328125 0.02109375
1 0.5515625 0.28515625 0.01640625 0.0265625
1 0.509375 0.3203125 0.0171875 0.03515625
1 0.45078125 0.34609375 0.0171875 0.0359375
1 0.73671875 0.24453125 0.01328125 0.02109375
1 0.7296875 0.26484375 0.0140625 0.028125
1 0.71875 0.2828125 0.01484375 0.03515625
1 0.7046875 0.2640625 0.01328125 0.02890625
1 0.67421875 0.26953125 0.01328125 0.025
1 0.63203125 0.29765625 0.01640625 0.0265625
1 0.59765625 0.3265625 0.0171875 0.03046875
1 0.56015625 0.35 0.02265625 0.04453125
1 0.53828125 0.40546875 0.02265625 0.04609375
1 0.46640625 0.415625 0.02578125 0.04765625
1 0.57578125 0.434375 0.0296875 0.0515625
1 0.5875 0.41953125 0.02109375 0.0359375
1 0.653125 0.33125 0.01640625 0.03515625
1 0.66328125 0.36875 0.02265625 0.04609375
1 0.68828125 0.3546875 0.0203125 0.0375
1 0.775 0.23828125 0.015625 0.03046875
1 0.76875 0.26953125 0.01484375 0.0234375
1 0.74609375 0.29609375 0.01484375 0.0265625
1 0.8328125 0.26328125 0.0140625 0.0234375
1 0.82265625 0.27421875 0.0140625 0.0265625
1 0.86484375 0.25859375 0.01328125 0.0265625
1 0.85703125 0.27578125 0.015625 0.0234375
1 0.8875 0.28671875 0.0125 0.03515625
1 0.9328125 0.2703125 0.015625 0.028125
1 0.92578125 0.3140625 0.0125 0.025
1 0.91875 0.334375 0.0140625 0.03359375
1 0.8875 0.32734375 0.0171875 0.03203125
1 0.8390625 0.321875 0.01484375 0.0390625
1 0.81875 0.33515625 0.0203125 0.04296875
1 0.79375 0.30859375 0.01640625 0.028125
1 0.74296875 0.40703125 0.02421875 0.0359375
1 0.78671875 0.41328125 0.01875 0.04296875
1 0.8015625 0.384375 0.0171875 0.0375
1 0.85625 0.37421875 0.01875 0.04609375
1 0.8671875 0.36171875 0.01796875 0.040625
1 0.93359375 0.3734375 0.01953125 0.04453125
1 0.9140625 0.39765625 0.0203125 0.0390625
1 0.90234375 0.4640625 0.0265625 0.0546875
1 0.8390625 0.4375 0.0234375 0.05703125
1 0.7984375 0.53828125 0.0265625 0.06953125
1 0.70390625 0.4921875 0.0328125 0.0671875
1 0.6375 0.45859375 0.0359375 0.0640625