1 0.25234375 0.61171875 0.08671875 0.146875
1 0.3484375 0.4984375 0.05078125 0.06484375
1 0.2234375 0.42890625 0.0359375 0.06015625
1 0.18828125 0.4375 0.03046875 0.03359375
1 0.16171875 0.42421875 0.0234375 0.03125
1 0.134375 0.415625 0.01953125 0.02890625
1 0.096875 0.45078125 0.03828125 0.06015625
1 0.0640625 0.42421875 0.0234375 0.03125
1 0.48984375 0.5734375 0.07734375 0.12734375
1 0.48828125 0.4578125 0.03046875 0.040625
1 0.46953125 0.44921875 0.025 0.03828125
1 0.4640625 0.4328125 0.01796875 0.02421875
1 0.4546875 0.4234375 0.01796875 0.02421875
1 0.40234375 0.421875 0.01796875 0.0265625
1 0.41796875 0.4171875 0.0234375 0.0265625
1 0.38984375 0.44453125 0.02890625 0.02890625
1 0.34296875 0.43125 0.021875 0.03125
1 0.35390625 0.41796875 0.01796875 0.02890625
1 0.32890625 0.38203125 0.01796875 0.02890625
1 0.28828125 0.421875 0.01640625 0.0265625
1 0.265625 0.40859375 0.01796875 0.02421875
1 0.5328125 0.44609375 0.021875 0.0359375
1 0.6203125 0.48828125 0.034375 0.0625
1 0.64765625 0.4640625 0.025 0.04296875
1 0.66171875 0.44609375 0.01953125 0.0359375
1 0.678125 0.43515625 0.01953125 0.03359375
1 0.71640625 0.43125 0.021875 0.0359375
1 0.73046875 0.47265625 0.03828125 0.06484375
1 0.78359375 0.45703125 0.021875 0.03828125
1 0.815625 0.4859375 0.04296875 0.0671875
1 0.8234375 0.44453125 0.01796875 0.02890625
1 0.63984375 0.42578125 0.01640625 0.02421875
1 0.61015625 0.42578125 0.0109375 0.02421875
1 0.88125 0.55078125 0.06484375 0.09609375
1 0.89921875 0.49296875 0.04296875 0.0625
1 0.928125 0.47578125 0.0328125 0.0578125
1 0.97265625 0.4578125 0.0328125 0.0453125
1 0.9796875 0.5203125 0.040625 0.09375