1 0.0953125 0.44140625 0.03515625 0.06484375
1 0.16640625 0.42109375 0.034375 0.065625
1 0.19375 0.453125 0.02578125 0.05546875
1 0.22578125 0.43984375 0.0265625 0.05546875
1 0.24453125 0.45234375 0.028125 0.05625
1 0.26328125 0.4890625 0.0359375 0.05546875
1 0.28828125 0.44453125 0.025 0.05390625
1 0.31796875 0.46796875 0.03125 0.0578125
1 0.321875 0.43515625 0.02734375 0.04453125
1 0.359375 0.43203125 0.02578125 0.0484375
1 0.359375 0.4734375 0.0296875 0.05390625
1 0.2640625 0.60546875 0.04296875 0.07890625
1 0.3203125 0.5828125 0.0375 0.06796875
1 0.3828125 0.60234375 0.0359375 0.06328125
1 0.41171875 0.55390625 0.03125 0.0578125
1 0.45234375 0.6125 0.03125 0.06015625
1 0.39921875 0.471875 0.025 0.05078125
1 0.4125 0.43359375 0.02890625 0.0515625
1 0.4375 0.43671875 0.025 0.04609375
1 0.4625 0.428125 0.02734375 0.05546875
1 0.4765625 0.43046875 0.03203125 0.05546875
1 0.51171875 0.4328125 0.028125 0.0484375
1 0.55 0.41953125 0.03046875 0.065625
1 0.571875 0.446875 0.0265625 0.04609375
1 0.590625 0.428125 0.02421875 0.0515625
1 0.6203125 0.484375 0.02578125 0.0421875
1 0.57890625 0.59453125 0.0296875 0.05625
1 0.64921875 0.5859375 0.0359375 0.06484375
1 0.634375 0.45859375 0.02734375 0.04453125
1 0.65 0.41640625 0.02109375 0.0484375
1 0.6671875 0.45859375 0.0265625 0.05546875
1 0.690625 0.48203125 0.02578125 0.05625
1 0.690625 0.4265625 0.0265625 0.0515625
1 0.7125 0.43203125 0.028125 0.04609375
1 0.7203125 0.46875 0.03046875 0.05859375
1 0.75546875 0.48359375 0.0328125 0.0578125
1 0.7546875 0.446875 0.02421875 0.0515625
1 0.77265625 0.45703125 0.021875 0.046875
1 0.80390625 0.434375 0.0296875 0.05078125
1 0.82109375 0.45546875 0.0265625 0.05078125
1 0.86171875 0.44453125 0.0296875 0.0484375
1 0.89453125 0.45703125 0.034375 0.05859375