1 0.1953125 0.38828125 0.05 0.07734375
1 0.2625 0.409375 0.0640625 0.08203125
1 0.38984375 0.3796875 0.05703125 0.07734375
1 0.45390625 0.4546875 0.08515625 0.109375
1 0.590625 0.4796875 0.08125 0.12265625
1 0.57265625 0.3703125 0.0390625 0.059375
1 0.65234375 0.3703125 0.05 0.06796875
1 0.7625 0.359375 0.05 0.06328125
1 0.8015625 0.434375 0.0640625 0.1046875
1 0.8265625 0.36171875 0.0421875 0.06796875
1 0.86328125 0.35234375 0.03203125 0.059375
1 0.959375 0.45234375 0.0671875 0.11328125
1 0.95546875 0.35703125 0.04609375 0.059375