1 0.153125 0.3546875 0.03046875 0.06640625
1 0.17265625 0.353125 0.03984375 0.08671875
1 0.259375 0.28984375 0.01953125 0.03671875
1 0.29453125 0.27265625 0.0203125 0.03515625
1 0.321875 0.246875 0.01875 0.03671875
1 0.32734375 0.22578125 0.01171875 0.025
1 0.34453125 0.22109375 0.015625 0.03515625
1 0.365625 0.2515625 0.01640625 0.03984375
1 0.3609375 0.22421875 0.0109375 0.028125
1 0.3765625 0.234375 0.015625 0.03203125
1 0.384375 0.20234375 0.01796875 0.03828125
1 0.409375 0.1734375 0.01171875 0.0296875
1 0.42265625 0.190625 0.02421875 0.03515625
1 0.4265625 0.225 0.01875 0.03671875
1 0.45234375 0.22578125 0.01796875 0.03203125
1 0.46640625 0.25703125 0.03125 0.046875
1 0.44765625 0.190625 0.01640625 0.03828125
1 0.4546875 0.17421875 0.0140625 0.028125
1 0.4703125 0.1921875 0.01484375 0.03203125
1 0.4671875 0.1609375 0.01484375 0.025
1 0.484375 0.16640625 0.01953125 0.03359375
1 0.48671875 0.19296875 0.02109375 0.03359375
1 0.51796875 0.21328125 0.0203125 0.03984375
1 0.4859375 0.12890625 0.01171875 0.025
1 0.53125 0.13828125 0.01015625 0.03359375
1 0.54296875 0.16640625 0.01640625 0.0296875
1 0.5453125 0.1390625 0.0140625 0.03203125
1 0.56328125 0.14296875 0.01171875 0.03359375
1 0.565625 0.18671875 0.01875 0.03671875
1 0.57421875 0.1625 0.01484375 0.025
1 0.61328125 0.1515625 0.01796875 0.03359375
1 0.59609375 0.1109375 0.01484375 0.03203125
1 0.63515625 0.10390625 0.0140625 0.03203125
1 0.64375 0.09765625 0.01015625 0.025
1 0.6234375 0.0609375 0.01484375 0.025
1 0.67421875 0.0640625 0.015625 0.028125
1 0.7 0.06015625 0.01484375 0.0296875
1 0.5640625 0.253125 0.02421875 0.05
1 0.5328125 0.3578125 0.0375 0.05859375
1 0.4859375 0.30234375 0.025 0.0546875
1 0.5921875 0.3546875 0.02578125 0.06328125
1 0.66796875 0.36171875 0.0296875 0.0734375
1 0.6578125 0.29609375 0.02890625 0.0515625
1 0.6 0.27109375 0.02578125 0.0484375
1 0.62265625 0.21484375 0.02578125 0.046875
1 0.65078125 0.1796875 0.0234375 0.03671875
1 0.6640625 0.215625 0.02109375 0.0484375
1 0.68828125 0.225 0.0265625 0.05703125
1 0.68671875 0.1921875 0.02265625 0.03828125
1 0.6875 0.15703125 0.01640625 0.03359375
1 0.71953125 0.1671875 0.01640625 0.028125
1 0.7203125 0.140625 0.01484375 0.03203125
1 0.74375 0.15234375 0.015625 0.03515625
1 0.74375 0.17890625 0.01875 0.04140625
1 0.7359375 0.203125 0.025 0.04296875
1 0.74453125 0.26015625 0.028125 0.06328125
1 0.7171875 0.29140625 0.02890625 0.06015625
1 0.78515625 0.3171875 0.0265625 0.05859375
1 0.8046875 0.2421875 0.0234375 0.0515625
1 0.78515625 0.19140625 0.01953125 0.03671875
1 0.78203125 0.128125 0.015625 0.03359375
1 0.79296875 0.1484375 0.01640625 0.03359375
1 0.8171875 0.1703125 0.015625 0.03671875
1 0.8296875 0.14921875 0.015625 0.03828125
1 0.8421875 0.16796875 0.01875 0.03984375
1 0.85 0.1453125 0.01484375 0.0296875
1 0.85703125 0.128125 0.01171875 0.0296875
1 0.890625 0.19765625 0.01875 0.04140625
1 0.86640625 0.240625 0.01953125 0.0515625
1 0.90703125 0.28984375 0.02578125 0.053125
1 0.9203125 0.20234375 0.0140625 0.03515625
1 0.92421875 0.1625 0.0140625 0.03203125
1 0.8859375 0.15546875 0.01328125 0.03203125
1 0.89375 0.14453125 0.01640625 0.028125