1 0.9140625 0.37109375 0.0203125 0.04765625
1 0.840625 0.35546875 0.03046875 0.065625
1 0.85234375 0.309375 0.01953125 0.05390625
1 0.8703125 0.28984375 0.01640625 0.04609375
1 0.925 0.29453125 0.02265625 0.0515625
1 0.92265625 0.2421875 0.0140625 0.03828125
1 0.934375 0.2359375 0.01484375 0.03828125
1 0.915625 0.175 0.01171875 0.03046875
1 0.88515625 0.15 0.0140625 0.03046875
1 0.8859375 0.22578125 0.0171875 0.04453125
1 0.853125 0.21484375 0.0140625 0.034375
1 0.8484375 0.14296875 0.01171875 0.03671875
1 0.83046875 0.16953125 0.00859375 0.02890625
1 0.89140625 0.1875 0.0140625 0.0328125
1 0.80859375 0.18984375 0.0140625 0.03828125
1 0.7921875 0.21171875 0.01640625 0.04453125
1 0.7734375 0.18203125 0.0140625 0.034375
1 0.75625 0.11875 0.0109375 0.03046875
1 0.7875 0.13515625 0.01171875 0.03671875
1 0.8140625 0.26484375 0.01796875 0.04609375
1 0.81015625 0.29296875 0.02265625 0.05546875
1 0.71953125 0.23671875 0.0203125 0.0515625
1 0.71015625 0.18984375 0.01484375 0.034375
1 0.7375 0.18359375 0.01640625 0.040625
1 0.76640625 0.146875 0.01171875 0.0328125
1 0.75546875 0.35546875 0.03046875 0.065625
1 0.671875 0.2984375 0.0203125 0.0515625
1 0.6875 0.35 0.028125 0.06328125
1 0.67265625 0.17734375 0.0140625 0.040625
1 0.66953125 0.23046875 0.01953125 0.04609375
1 0.690625 0.12265625 0.0109375 0.0265625
1 0.728125 0.07578125 0.01171875 0.02890625
1 0.6328125 0.0671875 0.0109375 0.02265625
1 0.609375 0.0671875 0.009375 0.02265625
1 0.57890625 0.06640625 0.009375 0.02109375
1 0.6328125 0.11484375 0.0109375 0.03046875
1 0.640625 0.1421875 0.01171875 0.03046875
1 0.6625 0.13125 0.01328125 0.02890625
1 0.6765625 0.10390625 0.01171875 0.02265625
1 0.659375 0.1046875 0.0109375 0.025
1 0.62578125 0.20703125 0.01796875 0.04609375
1 0.6171875 0.26015625 0.0171875 0.04765625
1 0.61484375 0.3078125 0.0265625 0.059375
1 0.5671875 0.2546875 0.0203125 0.04453125
1 0.5515625 0.3015625 0.028125 0.06171875
1 0.5484375 0.18515625 0.01328125 0.03671875
1 0.55234375 0.1609375 0.01171875 0.034375
1 0.58359375 0.15390625 0.0140625 0.03046875
1 0.53359375 0.05625 0.00859375 0.02109375
1 0.525 0.15234375 0.0140625 0.0328125
1 0.4953125 0.15625 0.0140625 0.03671875
1 0.4609375 0.1390625 0.01328125 0.02890625
1 0.48046875 0.1734375 0.01484375 0.040625
1 0.4578125 0.1734375 0.01640625 0.0328125
1 0.44375 0.1515625 0.01484375 0.03046875
1 0.4796875 0.22734375 0.01796875 0.04453125
1 0.415625 0.15703125 0.01328125 0.0265625
1 0.42109375 0.1765625 0.0140625 0.03046875
1 0.41171875 0.2140625 0.01953125 0.03671875
1 0.4421875 0.2265625 0.0203125 0.0421875
1 0.34296875 0.1796875 0.01640625 0.0328125
1 0.35078125 0.19296875 0.01171875 0.02890625
1 0.30859375 0.23671875 0.01640625 0.04453125
1 0.50390625 0.27421875 0.0203125 0.05
1 0.18984375 0.4546875 0.03984375 0.09609375