1 0.18359375 0.4828125 0.0375 0.0734375
1 0.27890625 0.240625 0.0140625 0.03671875
1 0.30703125 0.22421875 0.01171875 0.03203125
1 0.3359375 0.22265625 0.01796875 0.03203125
1 0.38203125 0.18984375 0.01328125 0.03203125
1 0.35625 0.23125 0.01875 0.03515625
1 0.35 0.27265625 0.0203125 0.03203125
1 0.38046875 0.26328125 0.02109375 0.04140625
1 0.39296875 0.22265625 0.01484375 0.028125
1 0.4046875 0.19921875 0.01640625 0.03203125
1 0.44296875 0.1796875 0.01640625 0.028125
1 0.45546875 0.1546875 0.0140625 0.028125
1 0.47734375 0.14296875 0.01015625 0.025
1 0.4109375 0.25703125 0.02265625 0.046875
1 0.4546875 0.225 0.0203125 0.03671875
1 0.55703125 0.1234375 0.01328125 0.0296875
1 0.47578125 0.24375 0.0203125 0.05
1 0.49453125 0.203125 0.01953125 0.03515625
1 0.5203125 0.2171875 0.02109375 0.04375
1 0.53203125 0.18203125 0.01796875 0.03984375
1 0.509375 0.1703125 0.01640625 0.04375
1 0.58125 0.16875 0.015625 0.03984375
1 0.5765625 0.13046875 0.0109375 0.0265625
1 0.6109375 0.1296875 0.0140625 0.028125
1 0.61640625 0.1484375 0.0109375 0.0265625
1 0.63984375 0.1296875 0.01328125 0.028125
1 0.66484375 0.125 0.01328125 0.0296875
1 0.56796875 0.2328125 0.02265625 0.0484375
1 0.51875 0.3 0.02109375 0.0453125
1 0.5765625 0.28984375 0.02578125 0.05859375
1 0.61796875 0.25234375 0.0234375 0.046875
1 0.63515625 0.209375 0.02109375 0.03828125
1 0.653125 0.1828125 0.01953125 0.03515625
1 0.63984375 0.321875 0.02890625 0.053125
1 0.6546875 0.2578125 0.02109375 0.05546875
1 0.67890625 0.20625 0.01953125 0.0484375
1 0.6921875 0.1515625 0.015625 0.0296875
1 0.72890625 0.13125 0.0140625 0.028125
1 0.73125 0.18046875 0.02265625 0.0265625
1 0.7453125 0.14609375 0.0140625 0.021875
1 0.71328125 0.21875 0.028125 0.053125
1 0.76796875 0.27578125 0.02421875 0.05
1 0.75234375 0.24140625 0.02265625 0.05546875
1 0.77265625 0.2078125 0.01796875 0.03828125
1 0.7640625 0.165625 0.01484375 0.0296875
1 0.7625 0.13828125 0.01484375 0.0296875
1 0.83203125 0.1546875 0.015625 0.03203125
1 0.7921875 0.1671875 0.0140625 0.0296875
1 0.85859375 0.15546875 0.01484375 0.0296875
1 0.8890625 0.16171875 0.01328125 0.03671875
1 0.84296875 0.20078125 0.01953125 0.03828125
1 0.81875 0.23046875 0.0203125 0.04375
1 0.8359375 0.32109375 0.02265625 0.06484375
1 0.85625 0.25078125 0.01796875 0.04375
1 0.8734375 0.196875 0.01875 0.03359375
1 0.91796875 0.2546875 0.0203125 0.05859375
1 0.91328125 0.24140625 0.0203125 0.0453125
1 0.728125 0.21015625 0.0203125 0.04375
1 0.5515625 0.159375 0.01640625 0.03515625
1 0.6296875 0.12578125 0.01328125 0.028125
1 0.30390625 0.26484375 0.01484375 0.03828125
1 0.2703125 0.27109375 0.01796875 0.028125
1 0.59375 0.1515625 0.01171875 0.03671875
1 0.7125 0.27890625 0.025 0.05703125