1 0.240625 0.2546875 0.0203125 0.05
1 0.26328125 0.21015625 0.01875 0.04140625
1 0.2859375 0.20859375 0.01953125 0.0453125
1 0.32421875 0.2171875 0.01953125 0.03984375
1 0.3515625 0.21015625 0.0234375 0.0453125
1 0.359375 0.18515625 0.02265625 0.03984375
1 0.40390625 0.16640625 0.02578125 0.053125
1 0.38125 0.20234375 0.0234375 0.04140625
1 0.37421875 0.26796875 0.03359375 0.0671875
1 0.44375 0.20703125 0.0265625 0.0515625
1 0.553125 0.20078125 0.025 0.0546875
1 0.60546875 0.25234375 0.0265625 0.0546875
1 0.62890625 0.24140625 0.01875 0.05