1 0.109375 0.71640625 0.08671875 0.125
1 0.175 0.6796875 0.05234375 0.09375
1 0.19765625 0.4765625 0.05859375 0.109375
1 0.03203125 0.77109375 0.0609375 0.16171875
1 0.4171875 0.7171875 0.078125 0.12734375
1 0.3796875 0.6953125 0.0484375 0.09375
1 0.38203125 0.6421875 0.03671875 0.0546875
1 0.37890625 0.625 0.05 0.08828125
1 0.51328125 0.77890625 0.10078125 0.171875
1 0.59609375 0.640625 0.03828125 0.09375
1 0.628125 0.6484375 0.05390625 0.09375
1 0.659375 0.67734375 0.05 0.09921875
1 0.7015625 0.70546875 0.0625 0.11484375
1 0.73125 0.63125 0.04140625 0.08046875
1 0.76796875 0.70546875 0.0765625 0.140625
1 0.83125 0.7515625 0.08125 0.17421875
1 0.915625 0.77578125 0.1125 0.19296875
1 0.96640625 0.69296875 0.046875 0.09921875
1 0.9265625 0.64296875 0.0609375 0.11484375
1 0.85234375 0.6421875 0.05546875 0.09140625
1 0.80625 0.515625 0.0453125 0.08359375