1 0.0578125 0.54296875 0.04375 0.08046875
1 0.1625 0.60390625 0.07421875 0.13671875
1 0.25234375 0.56875 0.03671875 0.065625
1 0.27578125 0.55625 0.034375 0.065625
1 0.3609375 0.590625 0.06015625 0.0921875
1 0.38828125 0.55625 0.0421875 0.059375
1 0.42890625 0.54921875 0.01796875 0.0390625
1 0.46875 0.5 0.021875 0.04140625
1 0.48203125 0.5890625 0.04375 0.0890625
1 0.5203125 0.6828125 0.08359375 0.1640625
1 0.58984375 0.5984375 0.0453125 0.065625
1 0.5890625 0.54765625 0.02890625 0.04765625
1 0.60390625 0.503125 0.01796875 0.0359375
1 0.6109375 0.55078125 0.021875 0.04140625
1 0.63125 0.54296875 0.01796875 0.0328125
1 0.6453125 0.54921875 0.02890625 0.05625
1 0.6875 0.57265625 0.03984375 0.07421875
1 0.7125 0.48984375 0.01796875 0.04453125
1 0.73671875 0.54140625 0.021875 0.04140625
1 0.75390625 0.54921875 0.0234375 0.0390625
1 0.765625 0.57421875 0.02890625 0.059375
1 0.7828125 0.55390625 0.0203125 0.04140625
1 0.79921875 0.56875 0.0234375 0.04140625
1 0.834375 0.57109375 0.02890625 0.04765625
1 0.70546875 0.690625 0.06171875 0.125
1 0.85078125 0.6484375 0.0546875 0.10703125
1 0.9125 0.621875 0.04765625 0.1015625
1 0.9484375 0.60390625 0.0453125 0.07109375
1 0.934375 0.5046875 0.021875 0.05078125
1 0.98828125 0.60546875 0.0234375 0.06875