1 0.440625 0.71640625 0.19375 0.23515625
1 0.484375 0.5484375 0.1359375 0.1484375
1 0.52734375 0.434375 0.0859375 0.10546875
1 0.4921875 0.37578125 0.05625 0.0625
1 0.403125 0.41484375 0.065625 0.0796875
1 0.2953125 0.43984375 0.09765625 0.103125
1 0.27578125 0.3703125 0.05625 0.06875
1 0.18515625 0.4296875 0.08203125 0.084375
1 0.20234375 0.36953125 0.05234375 0.0671875
1 0.12890625 0.5859375 0.14609375 0.16796875
1 0.06328125 0.496875 0.10234375 0.0796875
1 0.09609375 0.4171875 0.071875 0.08828125
1 0.07265625 0.36171875 0.06171875 0.0734375
1 0.69765625 0.48671875 0.115625 0.125
1 0.6796875 0.3890625 0.0640625 0.07578125
1 0.634375 0.36015625 0.04765625 0.06484375
1 0.73984375 0.3828125 0.05625 0.0671875
1 0.8046875 0.3953125 0.05390625 0.0796875
1 0.79375 0.34296875 0.03984375 0.04296875
1 0.815625 0.60546875 0.14765625 0.18515625
1 0.915625 0.4328125 0.071875 0.09453125
1 0.928125 0.3859375 0.04765625 0.06015625
1 0.91015625 0.34140625 0.0359375 0.0453125
1 0.934375 0.33515625 0.03984375 0.05390625
1 0.97421875 0.34375 0.0359375 0.05390625