1 0.13828125 0.43671875 0.05 0.08515625
1 0.084375 0.690625 0.08203125 0.14296875
1 0.18984375 0.634375 0.0640625 0.0828125
1 0.23828125 0.596875 0.05078125 0.07890625
1 0.36640625 0.67890625 0.075 0.1078125
1 0.39609375 0.61015625 0.046875 0.08671875
1 0.4265625 0.6421875 0.04921875 0.0875
1 0.50546875 0.6640625 0.0734375 0.1296875
1 0.5796875 0.67265625 0.06640625 0.1109375
1 0.571875 0.609375 0.053125 0.07734375
1 0.62265625 0.6453125 0.05234375 0.09296875
1 0.57578125 0.76484375 0.08125 0.10703125
1 0.63359375 0.89609375 0.18828125 0.20703125