1 0.0453125 0.46796875 0.04609375 0.065625
1 0.13515625 0.47734375 0.03984375 0.0578125
1 0.153125 0.39296875 0.03125 0.0390625
1 0.2125 0.434375 0.0296875 0.046875
1 0.24375 0.4640625 0.03984375 0.0578125
1 0.3046875 0.43828125 0.02109375 0.0390625
1 0.3296875 0.44765625 0.0265625 0.0390625
1 0.353125 0.4609375 0.02734375 0.0390625
1 0.38984375 0.46796875 0.03359375 0.04296875
1 0.37734375 0.4421875 0.02109375 0.0359375
1 0.35546875 0.4296875 0.02265625 0.0296875
1 0.40078125 0.4375 0.02109375 0.03359375
1 0.4671875 0.44453125 0.025 0.04140625
1 0.4984375 0.434375 0.02109375 0.028125
1 0.52734375 0.484375 0.0390625 0.0828125
1 0.553125 0.4421875 0.0171875 0.028125
1 0.6171875 0.4453125 0.025 0.04296875
1 0.63515625 0.40703125 0.01875 0.03359375
1 0.625 0.515625 0.04375 0.0859375
1 0.65625 0.47109375 0.0234375 0.0375
1 0.6765625 0.45390625 0.01875 0.03359375
1 0.715625 0.46328125 0.0234375 0.0375
1 0.7875 0.50859375 0.0453125 0.07109375
1 0.79296875 0.46796875 0.0234375 0.0390625
1 0.89765625 0.50546875 0.0421875 0.06171875
1 0.95234375 0.496875 0.05234375 0.09765625
1 0.85625 0.47578125 0.025 0.0390625
1 0.825 0.446875 0.0203125 0.03359375