1 0.1765625 0.4828125 0.04609375 0.0859375
1 0.74296875 0.1203125 0.01953125 0.03828125
1 0.3890625 0.184375 0.0171875 0.03828125
1 0.5578125 0.1296875 0.0140625 0.03046875
1 0.3453125 0.2203125 0.0171875 0.03671875
1 0.2546875 0.2671875 0.01953125 0.040625
1 0.44921875 0.1578125 0.01484375 0.03046875
1 0.42421875 0.18515625 0.01484375 0.03359375
1 0.48671875 0.15078125 0.02578125 0.0421875
1 0.61796875 0.11328125 0.0078125 0.025
1 0.64453125 0.11796875 0.0171875 0.0265625
1 0.671875 0.1328125 0.01640625 0.03046875
1 0.36484375 0.22109375 0.021875 0.0484375
1 0.29609375 0.2640625 0.02265625 0.046875
1 0.315625 0.27734375 0.021875 0.03359375
1 0.375 0.265625 0.02109375 0.04375
1 0.4390625 0.25078125 0.02109375 0.05390625
1 0.4921875 0.19609375 0.03125 0.05546875
1 0.51640625 0.16796875 0.01953125 0.04375
1 0.54375 0.1671875 0.01953125 0.0453125
1 0.48125 0.23828125 0.021875 0.040625
1 0.58046875 0.17265625 0.021875 0.0421875
1 0.62421875 0.14765625 0.0171875 0.03046875
1 0.64765625 0.15078125 0.01953125 0.03828125
1 0.5296875 0.2921875 0.0359375 0.06015625
1 0.5578125 0.2421875 0.0328125 0.06015625
1 0.58203125 0.2890625 0.0265625 0.05703125
1 0.63125 0.30234375 0.028125 0.0640625
1 0.63125 0.2359375 0.02109375 0.0453125
1 0.63515625 0.196875 0.02265625 0.040625
1 0.66328125 0.18515625 0.0140625 0.03671875
1 0.6921875 0.16015625 0.01875 0.03203125
1 0.68515625 0.24921875 0.02265625 0.0453125
1 0.7234375 0.23046875 0.0265625 0.05078125
1 0.73203125 0.16875 0.01953125 0.02890625
1 0.77265625 0.1578125 0.01875 0.04375
1 0.78984375 0.15546875 0.01796875 0.03515625
1 0.8078125 0.15703125 0.0140625 0.03203125
1 0.89140625 0.1640625 0.0140625 0.0421875
1 0.840625 0.15078125 0.0140625 0.03515625
1 0.7828125 0.203125 0.0234375 0.03671875
1 0.7765625 0.2359375 0.02578125 0.05234375
1 0.71796875 0.284375 0.02421875 0.046875
1 0.7765625 0.28984375 0.0265625 0.05234375
1 0.846875 0.3375 0.02421875 0.0640625
1 0.8328125 0.2265625 0.02265625 0.046875
1 0.8484375 0.2078125 0.02109375 0.0421875
1 0.90546875 0.215625 0.02265625 0.0453125
1 0.92890625 0.23046875 0.01953125 0.040625
1 0.8734375 0.27265625 0.02265625 0.05078125
1 0.9296875 0.27578125 0.02265625 0.046875
1 0.403125 0.22109375 0.02421875 0.0453125
1 0.58984375 0.13046875 0.01640625 0.03515625
1 0.53515625 0.2125 0.03515625 0.0484375
1 0.8625 0.165625 0.01484375 0.03203125
1 0.43828125 0.196875 0.01796875 0.04375
1 0.6015625 0.14765625 0.0140625 0.040625
1 0.90234375 0.16484375 0.0125 0.05390625
1 0.771875 0.13203125 0.01171875 0.02890625
1 0.74296875 0.203125 0.01953125 0.04375
1 0.753125 0.14296875 0.01484375 0.03671875
1 0.70625 0.178125 0.01796875 0.046875