1 0.10703125 0.69609375 0.0875 0.1390625
1 0.05234375 0.64453125 0.05078125 0.0734375
1 0.13203125 0.60625 0.04921875 0.06796875
1 0.1734375 0.6265625 0.0453125 0.08203125
1 0.22109375 0.6578125 0.07421875 0.0953125
1 0.2609375 0.6265625 0.0453125 0.07109375
1 0.309375 0.6078125 0.0578125 0.08203125
1 0.37734375 0.4890625 0.0453125 0.06796875
1 0.62734375 0.4140625 0.04765625 0.0875
1 0.67421875 0.596875 0.0546875 0.0765625
1 0.74609375 0.68359375 0.07421875 0.10390625
1 0.7921875 0.7890625 0.1546875 0.21015625
1 0.77265625 0.584375 0.06171875 0.10625
1 0.8078125 0.5765625 0.04921875 0.08984375
1 0.8765625 0.58828125 0.0578125 0.08203125
1 0.9109375 0.575 0.04375 0.065625
1 0.91484375 0.6375 0.065625 0.1140625
1 0.9578125 0.6265625 0.08359375 0.14140625