1 0.2171875 0.36796875 0.04453125 0.08828125
1 0.3171875 0.2375 0.025 0.046875
1 0.33203125 0.1984375 0.0234375 0.0453125
1 0.35625 0.209375 0.01484375 0.0453125
1 0.41015625 0.20625 0.01484375 0.04140625
1 0.425 0.1484375 0.015625 0.034375
1 0.42109375 0.178125 0.02265625 0.04296875
1 0.446875 0.20859375 0.021875 0.046875
1 0.44765625 0.1625 0.01484375 0.034375
1 0.46015625 0.1421875 0.0140625 0.025
1 0.4671875 0.1609375 0.01953125 0.0375
1 0.4796875 0.18359375 0.02109375 0.0359375
1 0.47109375 0.21875 0.02890625 0.05546875
1 0.49765625 0.15 0.01875 0.0375
1 0.50625 0.28203125 0.02890625 0.05390625
1 0.53359375 0.184375 0.01953125 0.04140625
1 0.5328125 0.14453125 0.01796875 0.0375
1 0.515625 0.125 0.0140625 0.03046875
1 0.55625 0.18359375 0.0171875 0.0359375
1 0.5578125 0.14921875 0.0125 0.03203125
1 0.57109375 0.1390625 0.0171875 0.03046875
1 0.584375 0.1109375 0.015625 0.0234375
1 0.58203125 0.17734375 0.0265625 0.0375
1 0.59140625 0.15546875 0.015625 0.04140625
1 0.60390625 0.13203125 0.015625 0.0453125
1 0.615625 0.10703125 0.0125 0.034375
1 0.62890625 0.1125 0.01015625 0.034375
1 0.6328125 0.15390625 0.0234375 0.034375
1 0.64140625 0.11953125 0.0140625 0.034375
1 0.6546875 0.13203125 0.0140625 0.0375
1 0.6625 0.11484375 0.00859375 0.02890625
1 0.6828125 0.146875 0.015625 0.034375
1 0.69765625 0.1390625 0.0125 0.0375
1 0.6265625 0.1921875 0.01953125 0.0359375
1 0.56875 0.23828125 0.0265625 0.0453125
1 0.58203125 0.29296875 0.02734375 0.0578125
1 0.62578125 0.3046875 0.02734375 0.0703125
1 0.66953125 0.21484375 0.02109375 0.0375
1 0.665625 0.26328125 0.025 0.0453125
1 0.684375 0.32578125 0.03046875 0.071875
1 0.71875 0.23671875 0.0296875 0.05546875
1 0.73828125 0.17421875 0.01875 0.03984375
1 0.74453125 0.13515625 0.01953125 0.04296875
1 0.72265625 0.35625 0.034375 0.071875
1 0.76171875 0.1265625 0.0140625 0.02734375
1 0.7671875 0.15625 0.01796875 0.04296875
1 0.784375 0.1359375 0.0171875 0.04140625
1 0.78203125 0.17890625 0.01875 0.04140625
1 0.81171875 0.36484375 0.034375 0.06796875
1 0.8078125 0.28984375 0.0328125 0.071875
1 0.8 0.21015625 0.01953125 0.046875
1 0.8140625 0.19140625 0.01484375 0.0453125
1 0.84296875 0.16171875 0.0171875 0.0359375
1 0.83203125 0.184375 0.015625 0.04140625
1 0.83046875 0.21328125 0.01875 0.0453125
1 0.8515625 0.31328125 0.0234375 0.06484375
1 0.89140625 0.43671875 0.02890625 0.08671875
1 0.91640625 0.34453125 0.02890625 0.0703125
1 0.86796875 0.184375 0.0171875 0.0375
1 0.84921875 0.19609375 0.025 0.0359375
1 0.87890625 0.165625 0.0171875 0.03984375
1 0.88203125 0.24921875 0.025 0.059375
1 0.91953125 0.25546875 0.02265625 0.046875
1 0.9328125 0.2421875 0.0171875 0.034375
1 0.9375 0.20390625 0.02265625 0.034375
1 0.9125 0.1953125 0.01953125 0.0484375
1 0.93203125 0.17265625 0.0125 0.02890625
1 0.9171875 0.16640625 0.0125 0.0234375
1 0.93046875 0.29375 0.03359375 0.05546875
1 0.8953125 0.2078125 0.025 0.05234375
1 0.7140625 0.17421875 0.02890625 0.03984375
1 0.5453125 0.14140625 0.0171875 0.034375
1 0.7046875 0.21171875 0.01796875 0.0453125