1 0.0515625 0.421875 0.05703125 0.06875
1 0.03828125 0.37734375 0.03671875 0.05546875
1 0.121875 0.34921875 0.03046875 0.05
1 0.15234375 0.390625 0.03828125 0.06484375
1 0.17109375 0.359375 0.03828125 0.059375
1 0.234375 0.39296875 0.05 0.0703125
1 0.2015625 0.47890625 0.06171875 0.090625
1 0.21953125 0.340625 0.02421875 0.04765625
1 0.2765625 0.3421875 0.0265625 0.04765625
1 0.29765625 0.365625 0.0328125 0.05390625
1 0.33671875 0.4671875 0.07421875 0.08828125
1 0.36171875 0.4 0.05078125 0.06796875
1 0.38046875 0.37421875 0.0296875 0.05390625
1 0.40078125 0.346875 0.02734375 0.04609375
1 0.36875 0.328125 0.0234375 0.03828125
1 0.32890625 0.33125 0.02734375 0.04453125
1 0.38125 0.30859375 0.02578125 0.03828125
1 0.434375 0.33515625 0.02578125 0.0421875
1 0.4640625 0.334375 0.0203125 0.040625
1 0.47578125 0.34921875 0.02578125 0.04609375
1 0.490625 0.36796875 0.0328125 0.053125
1 0.4859375 0.42578125 0.046875 0.08125
1 0.58671875 0.3875 0.04375 0.06484375
1 0.60859375 0.3421875 0.034375 0.05
1 0.62421875 0.32578125 0.0234375 0.03671875
1 0.5453125 0.3328125 0.02734375 0.04453125
1 0.67421875 0.3421875 0.03125 0.05
1 0.6921875 0.365625 0.034375 0.059375
1 0.74453125 0.35 0.0296875 0.04453125
1 0.8109375 0.32890625 0.0265625 0.0515625
1 0.51796875 0.6609375 0.109375 0.1625
1 0.66953125 0.509375 0.08125 0.13046875
1 0.8 0.43671875 0.05703125 0.1046875
1 0.825 0.4078125 0.0484375 0.0734375
1 0.84765625 0.6953125 0.16875 0.203125
1 0.92421875 0.5375 0.090625 0.1203125
1 0.9078125 0.365625 0.04765625 0.07578125
1 0.95390625 0.3390625 0.034375 0.0640625
1 0.984375 0.43359375 0.028125 0.08671875
1 0.984375 0.378125 0.03125 0.0625
1 0.98828125 0.32421875 0.0234375 0.04453125