1 0.071875 0.515625 0.04296875 0.08203125
1 0.21875 0.3515625 0.01640625 0.03515625
1 0.26015625 0.3453125 0.021875 0.04765625
1 0.2828125 0.3625 0.0171875 0.0375
1 0.2859375 0.3015625 0.01328125 0.03359375
1 0.3296875 0.36484375 0.021875 0.040625
1 0.35078125 0.33046875 0.01640625 0.03515625
1 0.3546875 0.28984375 0.01484375 0.02890625
1 0.38046875 0.33046875 0.01640625 0.03515625
1 0.40390625 0.3359375 0.0203125 0.0375
1 0.40078125 0.29453125 0.0171875 0.03046875
1 0.4 0.26953125 0.0140625 0.025
1 0.38125 0.25546875 0.0125 0.0265625
1 0.440625 0.334375 0.01875 0.040625
1 0.4296875 0.3109375 0.0140625 0.03203125
1 0.4625 0.3015625 0.0140625 0.03359375
1 0.45546875 0.27265625 0.015625 0.028125
1 0.44609375 0.25859375 0.01171875 0.021875
1 0.4390625 0.24765625 0.0125 0.025
1 0.4640625 0.2328125 0.01484375 0.02890625
1 0.484375 0.2671875 0.015625 0.04140625
1 0.51640625 0.26484375 0.01484375 0.03203125
1 0.52421875 0.25234375 0.015625 0.0265625
1 0.540625 0.284375 0.01640625 0.03515625
1 0.53984375 0.22734375 0.01484375 0.0265625
1 0.5703125 0.2546875 0.015625 0.0359375
1 0.5640625 0.234375 0.01171875 0.0234375
1 0.56328125 0.21640625 0.01328125 0.02109375
1 0.58984375 0.225 0.01328125 0.02890625
1 0.5890625 0.2484375 0.01171875 0.0265625
1 0.60078125 0.2015625 0.0109375 0.028125
1 0.61640625 0.21171875 0.015625 0.025
1 0.63203125 0.24375 0.0125 0.02890625
1 0.64765625 0.2203125 0.01171875 0.0234375
1 0.66171875 0.22890625 0.01328125 0.03203125
1 0.67734375 0.22109375 0.0125 0.03359375
1 0.69375 0.2453125 0.0171875 0.03515625
1 0.6640625 0.2640625 0.0171875 0.0359375
1 0.621875 0.2984375 0.0171875 0.0375
1 0.58671875 0.3234375 0.02109375 0.0484375
1 0.521875 0.3515625 0.025 0.053125
1 0.49921875 0.325 0.0203125 0.04609375
1 0.45078125 0.43046875 0.034375 0.065625
1 0.534375 0.4 0.028125 0.0515625
1 0.5796875 0.42890625 0.0296875 0.0734375
1 0.5734375 0.3953125 0.02734375 0.0484375
1 0.6296875 0.4609375 0.0359375 0.06796875
1 0.646875 0.3875 0.028125 0.0625
1 0.64453125 0.3296875 0.0234375 0.04453125
1 0.6796875 0.34453125 0.0234375 0.0484375
1 0.684375 0.5109375 0.03671875 0.07890625
1 0.72578125 0.3953125 0.03046875 0.065625
1 0.70859375 0.28203125 0.01484375 0.03203125
1 0.7203125 0.25234375 0.01484375 0.03515625
1 0.7265625 0.23671875 0.0125 0.025
1 0.73515625 0.22578125 0.01171875 0.0265625
1 0.746875 0.26171875 0.01484375 0.025
1 0.75546875 0.2765625 0.01484375 0.0359375
1 0.76953125 0.265625 0.0140625 0.03046875
1 0.76484375 0.2375 0.0140625 0.02890625
1 0.8 0.2640625 0.01328125 0.028125
1 0.81953125 0.26484375 0.01328125 0.03203125
1 0.796875 0.2953125 0.01484375 0.03203125
1 0.80625 0.3375 0.0203125 0.0375
1 0.790625 0.3640625 0.02421875 0.04765625
1 0.75859375 0.43203125 0.028125 0.0625
1 0.796875 0.5046875 0.03203125 0.06640625
1 0.82890625 0.43671875 0.03203125 0.05859375
1 0.83984375 0.36796875 0.025 0.05390625
1 0.85703125 0.3703125 0.015625 0.04453125
1 0.88671875 0.39296875 0.0265625 0.05390625
1 0.89453125 0.45703125 0.03125 0.065625
1 0.90859375 0.3453125 0.0171875 0.04140625
1 0.91796875 0.31328125 0.015625 0.03046875
1 0.9234375 0.26796875 0.0140625 0.02890625
1 0.878125 0.2875 0.015625 0.0375
1 0.8640625 0.31796875 0.01640625 0.0375
1 0.82734375 0.3078125 0.015625 0.03515625
1 0.83671875 0.30234375 0.0140625 0.0375
1 0.83828125 0.26875 0.01171875 0.03203125
1 0.85234375 0.2578125 0.01171875 0.03515625