1 0.1890625 0.653125 0.0890625 0.18046875
1 0.20234375 0.5015625 0.07578125 0.16171875
1 0.4109375 0.6171875 0.1109375 0.17734375
1 0.41796875 0.471875 0.0796875 0.1265625
1 0.44453125 0.40859375 0.0578125 0.1015625
1 0.44296875 0.346875 0.05078125 0.09140625
1 0.471875 0.2640625 0.05078125 0.09140625
1 0.33125 0.346875 0.0625 0.0984375
1 0.253125 0.40859375 0.07109375 0.0953125
1 0.09453125 0.49375 0.0734375 0.1140625
1 0.04140625 0.2375 0.05546875 0.07578125
1 0.02421875 0.32890625 0.04453125 0.1203125
1 0.15234375 0.3578125 0.05546875 0.0953125
1 0.1875 0.2265625 0.05546875 0.08515625
1 0.3125 0.2421875 0.046875 0.08515625
1 0.35 0.16328125 0.0421875 0.06015625
1 0.59140625 0.4953125 0.09296875 0.1421875
1 0.61328125 0.41640625 0.06640625 0.1046875
1 0.58125 0.3640625 0.06015625 0.1078125
1 0.7046875 0.3609375 0.0625 0.1015625
1 0.746875 0.42421875 0.06640625 0.1203125
1 0.7875 0.4859375 0.06875 0.1296875
1 0.7203125 0.66015625 0.10703125 0.18671875
1 0.89453125 0.6390625 0.1046875 0.17734375
1 0.8921875 0.42734375 0.05546875 0.1078125
1 0.97890625 0.3671875 0.0421875 0.0953125
1 0.85078125 0.3765625 0.053125 0.1078125
1 0.81875 0.2359375 0.046875 0.07265625
1 0.93671875 0.2734375 0.0421875 0.07890625
1 0.89765625 0.18984375 0.03984375 0.08203125
1 0.8625 0.125 0.03984375 0.06640625
1 0.753125 0.1078125 0.03984375 0.06328125
1 0.1453125 0.1203125 0.05078125 0.07578125
1 0.203125 0.14375 0.046875 0.07265625
1 0.19140625 0.05859375 0.0359375 0.06015625
1 0.13125 0.01875 0.03125 0.03203125
1 0.24765625 0.09296875 0.0375 0.07890625
1 0.26875 0.05078125 0.03125 0.05703125
1 0.3796875 0.05234375 0.03125 0.07265625
1 0.39765625 0.028125 0.03125 0.05078125
1 0.48203125 0.121875 0.04921875 0.07890625
1 0.3703125 0.11875 0.0375 0.06015625
1 0.471875 0.06015625 0.0421875 0.05703125
1 0.4734375 0.028125 0.03984375 0.05078125
1 0.57578125 0.10625 0.03984375 0.06640625
1 0.55859375 0.17265625 0.05078125 0.06640625
1 0.58359375 0.2515625 0.05078125 0.09140625
1 0.66875 0.16796875 0.03984375 0.07578125
1 0.66796875 0.10625 0.03359375 0.06015625
1 0.6421875 0.04765625 0.03125 0.05703125
1 0.565625 0.028125 0.03359375 0.05078125
1 0.55546875 0.07890625 0.03125 0.05078125
1 0.7359375 0.06796875 0.0359375 0.05390625