1 0.03515625 0.5203125 0.06796875 0.21171875
1 0.021875 0.3734375 0.04140625 0.109375
1 0.146875 0.3484375 0.053125 0.10234375
1 0.18828125 0.38203125 0.06796875 0.1265625
1 0.2828125 0.3359375 0.06015625 0.11875
1 0.3453125 0.38359375 0.0703125 0.11875
1 0.42265625 0.3203125 0.06015625 0.10234375
1 0.50234375 0.375 0.06875 0.1265625
1 0.54375 0.32109375 0.05859375 0.1046875
1 0.334375 0.63828125 0.178125 0.26640625
1 0.6609375 0.359375 0.05703125 0.14296875
1 0.72421875 0.46171875 0.0984375 0.2046875
1 0.81015625 0.3390625 0.05859375 0.12109375
1 0.77265625 0.29140625 0.04296875 0.09765625
1 0.93515625 0.37109375 0.0734375 0.13359375
1 0.96875 0.41875 0.06171875 0.16640625
1 0.80625 0.86640625 0.23203125 0.26171875