1 0.03359375 0.39609375 0.021875 0.0578125
1 0.2640625 0.296875 0.01484375 0.0359375
1 0.29375 0.2859375 0.01796875 0.03046875
1 0.3046875 0.26796875 0.01875 0.0359375
1 0.31875 0.22734375 0.01484375 0.02890625
1 0.35 0.24140625 0.0171875 0.034375
1 0.3921875 0.21171875 0.01875 0.0359375
1 0.37578125 0.2421875 0.02109375 0.03203125
1 0.34296875 0.29453125 0.01796875 0.034375
1 0.41484375 0.1828125 0.0140625 0.02578125
1 0.42734375 0.19609375 0.01953125 0.02578125
1 0.45703125 0.16171875 0.0171875 0.0234375
1 0.4828125 0.1578125 0.0125 0.02734375
1 0.4890625 0.17265625 0.01640625 0.02890625
1 0.50859375 0.15703125 0.01328125 0.01875
1 0.540625 0.14375 0.01796875 0.02890625
1 0.5609375 0.12421875 0.0125 0.0234375
1 0.60078125 0.10703125 0.0140625 0.02734375
1 0.596875 0.1265625 0.01328125 0.02578125
1 0.621875 0.1140625 0.0140625 0.0234375
1 0.65234375 0.109375 0.01015625 0.021875
1 0.64921875 0.134375 0.0171875 0.03046875
1 0.6203125 0.1515625 0.01953125 0.034375
1 0.57890625 0.1703125 0.01875 0.034375
1 0.56328125 0.16953125 0.021875 0.02578125
1 0.54921875 0.2078125 0.01953125 0.034375
1 0.49609375 0.2078125 0.0171875 0.02734375
1 0.4734375 0.21015625 0.0171875 0.03203125
1 0.4640625 0.2046875 0.0171875 0.03203125
1 0.43203125 0.2296875 0.0171875 0.03046875
1 0.4359375 0.275 0.021875 0.0421875
1 0.471875 0.246875 0.021875 0.0375
1 0.4828125 0.31640625 0.02421875 0.040625
1 0.54921875 0.309375 0.02578125 0.0546875
1 0.6125 0.34765625 0.03203125 0.04921875
1 0.68671875 0.34375 0.02421875 0.05078125
1 0.6359375 0.2078125 0.01875 0.0375
1 0.62109375 0.275 0.02421875 0.0421875
1 0.5703125 0.25 0.028125 0.05078125
1 0.68125 0.12734375 0.0140625 0.02734375
1 0.70625 0.1046875 0.0125 0.03203125
1 0.74375 0.13046875 0.0140625 0.0359375
1 0.7609375 0.12109375 0.01484375 0.02734375
1 0.7734375 0.14140625 0.01953125 0.03046875
1 0.7875 0.12578125 0.0140625 0.0375
1 0.80703125 0.14140625 0.01640625 0.03046875
1 0.828125 0.128125 0.0125 0.0359375
1 0.84140625 0.14609375 0.0140625 0.0375
1 0.8734375 0.134375 0.01484375 0.02734375
1 0.90546875 0.1359375 0.01015625 0.03046875
1 0.87421875 0.16171875 0.01640625 0.0375
1 0.8625 0.17265625 0.0171875 0.0421875
1 0.85546875 0.20546875 0.02109375 0.040625
1 0.83203125 0.175 0.01640625 0.034375
1 0.80703125 0.1859375 0.0171875 0.0359375
1 0.77578125 0.17421875 0.02265625 0.03203125
1 0.7546875 0.1625 0.0171875 0.0359375
1 0.93515625 0.15234375 0.0109375 0.02890625
1 0.93984375 0.18203125 0.01796875 0.03046875
1 0.9328125 0.21953125 0.02109375 0.0375
1 0.8984375 0.21171875 0.0171875 0.0359375
1 0.90625 0.17734375 0.01953125 0.03203125
1 0.87578125 0.24296875 0.02265625 0.040625
1 0.93203125 0.296875 0.0234375 0.059375
1 0.8234375 0.23359375 0.0234375 0.05625
1 0.765625 0.23359375 0.0234375 0.05234375
1 0.74140625 0.2078125 0.0171875 0.04453125
1 0.7171875 0.15078125 0.01484375 0.0390625
1 0.69921875 0.16640625 0.01953125 0.0375
1 0.66484375 0.1828125 0.0171875 0.03203125
1 0.66796875 0.2140625 0.0171875 0.05078125
1 0.70625 0.225 0.021875 0.0421875
1 0.6640625 0.278125 0.02734375 0.04609375
1 0.7375 0.2875 0.02734375 0.0609375
1 0.80234375 0.3046875 0.02109375 0.0609375
1 0.59453125 0.1515625 0.01640625 0.03046875
1 0.525 0.17421875 0.01875 0.0359375