1 0.07578125 0.66953125 0.134375 0.31640625
1 0.275 0.603125 0.1 0.1546875
1 0.090625 0.571875 0.0828125 0.1375
1 0.015625 0.31171875 0.02890625 0.05390625
1 0.10546875 0.26796875 0.03125 0.04296875
1 0.1046875 0.378125 0.0328125 0.05078125
1 0.20234375 0.29609375 0.03125 0.05703125
1 0.29453125 0.33125 0.03125 0.04921875
1 0.3265625 0.296875 0.02109375 0.03984375
1 0.36484375 0.44296875 0.05078125 0.08828125
1 0.41015625 0.325 0.0296875 0.04296875
1 0.503125 0.47265625 0.04765625 0.08046875
1 0.68046875 0.275 0.01875 0.04140625