1 0.23828125 0.44296875 0.06015625 0.11640625
1 0.3453125 0.27421875 0.01953125 0.0421875
1 0.4125 0.25390625 0.02109375 0.04921875
1 0.434375 0.2625 0.0234375 0.05078125
1 0.37734375 0.2078125 0.0171875 0.04375
1 0.42578125 0.2109375 0.01640625 0.0328125
1 0.4453125 0.2109375 0.01640625 0.03984375
1 0.475 0.24609375 0.02265625 0.05078125
1 0.4109375 0.18515625 0.01640625 0.03828125
1 0.4203125 0.1765625 0.01015625 0.02578125
1 0.4375 0.18671875 0.01640625 0.03828125
1 0.45859375 0.18359375 0.015625 0.03984375
1 0.471875 0.21875 0.01640625 0.03671875
1 0.47890625 0.196875 0.0171875 0.0328125
1 0.47890625 0.171875 0.01640625 0.02734375
1 0.47578125 0.14921875 0.01640625 0.02578125
1 0.51171875 0.2046875 0.0203125 0.03828125
1 0.54609375 0.2046875 0.01796875 0.0421875
1 0.50546875 0.146875 0.0140625 0.0234375
1 0.50625 0.128125 0.0109375 0.02734375
1 0.5390625 0.1484375 0.0140625 0.034375
1 0.55 0.14453125 0.0109375 0.0234375
1 0.559375 0.175 0.0140625 0.03671875
1 0.58125 0.14765625 0.015625 0.0328125
1 0.59453125 0.17421875 0.0140625 0.03125
1 0.58359375 0.12265625 0.01328125 0.0234375
1 0.6109375 0.13515625 0.0125 0.02578125
1 0.6203125 0.11171875 0.0109375 0.02734375
1 0.64296875 0.13828125 0.01328125 0.0328125
1 0.66796875 0.11953125 0.015625 0.03125
1 0.66953125 0.14765625 0.015625 0.03671875
1 0.690625 0.13828125 0.015625 0.0328125
1 0.71328125 0.12265625 0.01328125 0.03125
1 0.57265625 0.27265625 0.02578125 0.04921875
1 0.61953125 0.2625 0.02421875 0.06171875
1 0.5359375 0.18203125 0.015625 0.02890625
1 0.6484375 0.2453125 0.0203125 0.0421875
1 0.6328125 0.30234375 0.02890625 0.065625
1 0.68671875 0.3578125 0.03046875 0.0640625
1 0.73046875 0.30703125 0.02578125 0.06015625
1 0.76796875 0.246875 0.0203125 0.05625
1 0.80546875 0.27421875 0.02734375 0.06015625
1 0.68125 0.20390625 0.0203125 0.04765625
1 0.70703125 0.18203125 0.015625 0.03671875
1 0.71953125 0.196875 0.0171875 0.04375
1 0.73515625 0.1640625 0.0140625 0.03671875
1 0.74296875 0.18671875 0.015625 0.0421875
1 0.75859375 0.2140625 0.01953125 0.04921875
1 0.75703125 0.14765625 0.01328125 0.0328125
1 0.765625 0.1640625 0.01640625 0.0328125
1 0.79921875 0.140625 0.0125 0.0328125
1 0.8015625 0.1671875 0.01328125 0.0328125
1 0.78984375 0.20234375 0.01328125 0.03984375
1 0.8046875 0.22109375 0.0171875 0.0421875
1 0.8359375 0.18828125 0.0140625 0.03828125
1 0.8484375 0.1703125 0.0140625 0.03828125
1 0.85078125 0.2328125 0.015625 0.04765625
1 0.8703125 0.20390625 0.0140625 0.0328125
1 0.88671875 0.1875 0.0125 0.03671875
1 0.89921875 0.22421875 0.01640625 0.04765625
1 0.88984375 0.25625 0.01796875 0.04921875
1 0.9015625 0.2984375 0.01953125 0.06171875
1 0.93359375 0.3140625 0.01953125 0.05625
1 0.8640625 0.3171875 0.02578125 0.06171875
1 0.91796875 0.19375 0.015625 0.0453125
1 0.95078125 0.17734375 0.0109375 0.03125
1 0.96171875 0.2109375 0.015625 0.03671875
1 0.94140625 0.24296875 0.015625 0.0421875
1 0.95390625 0.19921875 0.0109375 0.03125