1 0.071875 0.29375 0.02578125 0.03828125
1 0.34140625 0.2234375 0.01875 0.0328125
1 0.346875 0.1828125 0.01953125 0.03515625
1 0.415625 0.20625 0.01875 0.0328125
1 0.44765625 0.21640625 0.01953125 0.03671875
1 0.48359375 0.2203125 0.01953125 0.0328125
1 0.521875 0.271875 0.0265625 0.04375
1 0.55546875 0.3015625 0.02421875 0.05703125
1 0.6015625 0.303125 0.034375 0.0640625
1 0.5734375 0.24140625 0.01484375 0.04140625
1 0.4203125 0.17578125 0.01640625 0.028125
1 0.428125 0.15390625 0.015625 0.02265625
1 0.44921875 0.18125 0.01484375 0.028125
1 0.4703125 0.1921875 0.01796875 0.0296875
1 0.48828125 0.14609375 0.0125 0.028125
1 0.50234375 0.14921875 0.0140625 0.028125
1 0.50234375 0.125 0.0125 0.02421875
1 0.53671875 0.15625 0.01171875 0.02109375
1 0.52578125 0.12265625 0.01171875 0.02578125
1 0.5421875 0.128125 0.01484375 0.02578125
1 0.5390625 0.1890625 0.01875 0.0328125
1 0.56328125 0.16953125 0.01875 0.0296875
1 0.58828125 0.17265625 0.01640625 0.0296875
1 0.58828125 0.1125 0.0140625 0.02265625
1 0.68046875 0.3234375 0.02578125 0.059375
1 0.75390625 0.3328125 0.01640625 0.05390625
1 0.83515625 0.3671875 0.0265625 0.0484375
1 0.84921875 0.30703125 0.0234375 0.046875
1 0.9125 0.3390625 0.01640625 0.0453125
1 0.86796875 0.26953125 0.0203125 0.03828125
1 0.7953125 0.28671875 0.01953125 0.04140625
1 0.71953125 0.2390625 0.0234375 0.03671875
1 0.665625 0.2171875 0.01796875 0.03515625
1 0.63046875 0.20546875 0.01875 0.03515625
1 0.5953125 0.14296875 0.0125 0.02421875
1 0.60546875 0.121875 0.01015625 0.03125
1 0.61796875 0.13203125 0.01015625 0.028125
1 0.63828125 0.14921875 0.0109375 0.028125
1 0.634375 0.10546875 0.0109375 0.01875
1 0.65703125 0.10703125 0.01015625 0.015625
1 0.67734375 0.12734375 0.0125 0.02421875
1 0.6875 0.11015625 0.01171875 0.01875
1 0.70546875 0.121875 0.0109375 0.0171875
1 0.72265625 0.14609375 0.01171875 0.02109375
1 0.703125 0.19921875 0.01640625 0.0296875
1 0.74296875 0.175 0.0125 0.0296875
1 0.7484375 0.12734375 0.0125 0.02109375
1 0.7734375 0.18515625 0.0109375 0.02578125
1 0.78671875 0.18984375 0.01484375 0.03515625
1 0.796875 0.1671875 0.0125 0.02109375
1 0.77890625 0.140625 0.0140625 0.02109375
1 0.84375 0.15625 0.01484375 0.02109375
1 0.871875 0.1703125 0.0125 0.03515625
1 0.90859375 0.17421875 0.01484375 0.03515625
1 0.89609375 0.1859375 0.01171875 0.02109375
1 0.8875 0.2046875 0.015625 0.0328125
1 0.846875 0.18671875 0.01484375 0.0328125
1 0.8375 0.2140625 0.015625 0.03125
1 0.809375 0.196875 0.01484375 0.03125
1 0.92578125 0.24453125 0.01484375 0.03671875
1 0.94140625 0.2078125 0.015625 0.0296875
1 0.93984375 0.1765625 0.01484375 0.0296875