1 0.04765625 0.42578125 0.0765625 0.09765625
1 0.0546875 0.36953125 0.04296875 0.06875
1 0.02265625 0.3484375 0.04140625 0.07109375
1 0.15234375 0.365625 0.06171875 0.0859375
1 0.14921875 0.3203125 0.04140625 0.05390625
1 0.253125 0.35703125 0.06171875 0.08828125
1 0.2921875 0.3875 0.0765625 0.11015625
1 0.278125 0.46484375 0.11953125 0.1515625
1 0.3234375 0.6015625 0.1546875 0.190625
1 0.36640625 0.29453125 0.046875 0.065625
1 0.45 0.309375 0.05625 0.07109375
1 0.4984375 0.32265625 0.0671875 0.08828125
1 0.5671875 0.31328125 0.05234375 0.078125
1 0.6203125 0.3859375 0.08359375 0.1078125
1 0.671875 0.30078125 0.06328125 0.09765625
1 0.7796875 0.41328125 0.1046875 0.13671875
1 0.78203125 0.303125 0.0484375 0.0734375
1 0.74921875 0.29453125 0.04296875 0.07109375
1 0.88125 0.31328125 0.06171875 0.078125
1 0.9390625 0.2875 0.046875 0.07109375
1 0.96328125 0.4046875 0.07265625 0.1640625