1 0.08984375 0.26015625 0.02734375 0.03984375
1 0.0734375 0.2609375 0.0234375 0.03671875
1 0.05625 0.26484375 0.02578125 0.034375
1 0.01875 0.2609375 0.02734375 0.0421875
1 0.14765625 0.2546875 0.0328125 0.05546875
1 0.12109375 0.23203125 0.0203125 0.0265625
1 0.20234375 0.26484375 0.04921875 0.065625
1 0.28125 0.2796875 0.0453125 0.06875
1 0.3625 0.290625 0.0421875 0.07421875
1 0.4 0.2734375 0.03984375 0.05546875
1 0.47265625 0.26875 0.03984375 0.06875
1 0.55390625 0.26484375 0.0453125 0.07109375
1 0.65625 0.26484375 0.04765625 0.08203125
1 0.61484375 0.253125 0.02578125 0.04765625
1 0.7265625 0.26875 0.03828125 0.06328125
1 0.78828125 0.26640625 0.05234375 0.084375
1 0.91015625 0.21640625 0.03125 0.03671875
1 0.96875 0.27734375 0.0578125 0.10546875
1 0.7078125 0.21875 0.0234375 0.03671875
1 0.709375 0.1765625 0.01484375 0.0265625
1 0.72734375 0.18046875 0.0109375 0.0234375
1 0.74375 0.171875 0.01484375 0.02109375
1 0.77578125 0.1953125 0.01640625 0.0265625
1 0.76484375 0.18203125 0.0125 0.02109375
1 0.77421875 0.16640625 0.01484375 0.0265625
1 0.81484375 0.184375 0.01796875 0.0265625
1 0.8078125 0.16640625 0.0125 0.0265625
1 0.83203125 0.17578125 0.01640625 0.0234375
1 0.8375 0.1609375 0.0125 0.02109375
1 0.84921875 0.18828125 0.01796875 0.034375
1 0.88515625 0.18203125 0.01796875 0.03203125
1 0.9390625 0.19375 0.01640625 0.034375
1 0.96171875 0.2015625 0.01484375 0.02890625
1 0.9828125 0.21640625 0.034375 0.0421875
1 0.98984375 0.18984375 0.0203125 0.03671875
1 0.64296875 0.209375 0.0203125 0.03984375
1 0.61171875 0.2125 0.0234375 0.03984375
1 0.51171875 0.2265625 0.0203125 0.03671875
1 0.49765625 0.246875 0.0203125 0.04453125