1 0.14140625 0.2484375 0.06015625 0.084375
1 0.09140625 0.45390625 0.0796875 0.11953125
1 0.1984375 0.4984375 0.1109375 0.14296875
1 0.39375 0.69140625 0.17578125 0.265625
1 0.01875 0.421875 0.0375 0.09375
1 0.05546875 0.42578125 0.0515625 0.07265625
1 0.38046875 0.3765625 0.05 0.08203125
1 0.47578125 0.3359375 0.04140625 0.0609375
1 0.51171875 0.3921875 0.05625 0.09375
1 0.54140625 0.3640625 0.04296875 0.0703125
1 0.621875 0.32265625 0.03515625 0.04921875
1 0.69140625 0.3734375 0.06328125 0.075
1 0.66171875 0.4765625 0.08828125 0.15
1 0.72734375 0.33359375 0.053125 0.0609375
1 0.79765625 0.29375 0.03359375 0.0609375
1 0.89375 0.3828125 0.06640625 0.1359375
1 0.8609375 0.3015625 0.028125 0.05859375
1 0.88671875 0.303125 0.0265625 0.0375
1 0.96640625 0.296875 0.046875 0.06796875