1 0.1640625 0.303125 0.06015625 0.090625
1 0.22421875 0.3375 0.0515625 0.065625
1 0.28125 0.3109375 0.0484375 0.0828125
1 0.33203125 0.31171875 0.0484375 0.0734375
1 0.40390625 0.290625 0.05625 0.09140625
1 0.46328125 0.31328125 0.04453125 0.0828125
1 0.51640625 0.32578125 0.04921875 0.07421875
1 0.56875 0.3171875 0.04609375 0.0859375
1 0.59609375 0.35 0.04453125 0.0796875
1 0.6484375 0.34609375 0.046875 0.09140625
1 0.7046875 0.37109375 0.04140625 0.0703125
1 0.4328125 0.6328125 0.0625 0.11953125
1 0.5078125 0.60703125 0.05859375 0.1078125
1 0.5796875 0.4046875 0.053125 0.09765625
1 0.646875 0.50703125 0.0609375 0.12578125
1 0.7125 0.55703125 0.05625 0.1078125
1 0.76953125 0.57578125 0.07421875 0.121875
1 0.878125 0.55703125 0.08203125 0.12265625
1 0.853125 0.43125 0.0765625 0.11015625