1 0.88984375 0.15390625 0.0109375 0.0265625
1 0.85390625 0.1484375 0.01484375 0.03359375
1 0.84453125 0.18046875 0.0140625 0.03984375
1 0.859375 0.228125 0.01796875 0.0515625
1 0.88828125 0.1921875 0.01484375 0.03984375
1 0.92265625 0.234375 0.01484375 0.0484375
1 0.93046875 0.2609375 0.01796875 0.05859375
1 0.8390625 0.30859375 0.02265625 0.06328125
1 0.828125 0.20703125 0.01796875 0.046875
1 0.76953125 0.2875 0.02421875 0.053125
1 0.7625 0.221875 0.01875 0.05
1 0.7671875 0.19921875 0.01875 0.0484375
1 0.790625 0.13984375 0.0125 0.03359375
1 0.80390625 0.16015625 0.0140625 0.03359375
1 0.80703125 0.12421875 0.0109375 0.028125
1 0.828125 0.15078125 0.0140625 0.028125
1 0.771875 0.13046875 0.0109375 0.0296875
1 0.75390625 0.1671875 0.01328125 0.0296875
1 0.734375 0.19453125 0.01640625 0.03515625
1 0.72421875 0.1578125 0.01484375 0.03203125
1 0.7328125 0.1109375 0.0109375 0.028125
1 0.71796875 0.13125 0.0140625 0.03515625
1 0.71015625 0.17578125 0.01484375 0.04140625
1 0.70390625 0.2125 0.01875 0.0453125
1 0.7078125 0.27578125 0.025 0.06015625
1 0.6671875 0.25546875 0.02265625 0.046875
1 0.66640625 0.1984375 0.01875 0.03984375
1 0.65546875 0.16875 0.01484375 0.03984375
1 0.6875 0.14375 0.01640625 0.03671875
1 0.68203125 0.11484375 0.0140625 0.0296875
1 0.64453125 0.11875 0.0125 0.0296875
1 0.6328125 0.1328125 0.01328125 0.03203125
1 0.61484375 0.1203125 0.0125 0.03359375
1 0.61875 0.1390625 0.0125 0.03203125
1 0.6296875 0.1984375 0.01640625 0.053125
1 0.63828125 0.29453125 0.02578125 0.05859375
1 0.61171875 0.25078125 0.01875 0.05703125
1 0.5546875 0.24453125 0.0203125 0.0515625
1 0.5671875 0.27890625 0.02265625 0.05703125
1 0.56328125 0.1203125 0.0125 0.0265625
1 0.59140625 0.12109375 0.01015625 0.028125
1 0.55546875 0.14765625 0.0109375 0.03203125
1 0.5671875 0.165625 0.01484375 0.03671875
1 0.57890625 0.1515625 0.01796875 0.03671875
1 0.54140625 0.18203125 0.01640625 0.04375
1 0.5078125 0.1671875 0.01328125 0.0296875
1 0.49609375 0.15 0.0125 0.0296875
1 0.46328125 0.13828125 0.01015625 0.0265625
1 0.44375 0.17265625 0.0140625 0.028125
1 0.4921875 0.190625 0.01640625 0.03671875
1 0.471875 0.228125 0.01953125 0.0484375
1 0.4390625 0.23359375 0.02109375 0.05
1 0.45390625 0.196875 0.0109375 0.03359375
1 0.40859375 0.18671875 0.0140625 0.0296875
1 0.4015625 0.2109375 0.01328125 0.03515625
1 0.3828125 0.1875 0.01328125 0.028125
1 0.35625 0.2203125 0.01640625 0.03671875
1 0.3328125 0.21875 0.01328125 0.0296875
1 0.3171875 0.23046875 0.0140625 0.0296875
1 0.28203125 0.2390625 0.0140625 0.03671875
1 0.29296875 0.265625 0.01953125 0.04375
1 0.346875 0.2484375 0.01640625 0.03984375
1 0.36875 0.25078125 0.02109375 0.04375
1 0.390625 0.28125 0.0203125 0.0453125
1 0.48359375 0.29609375 0.02421875 0.05546875
1 0.48046875 0.1875 0.0140625 0.04140625
1 0.18515625 0.51484375 0.0546875 0.11484375