1 0.4375 0.85390625 0.14609375 0.1921875
1 0.4 0.653125 0.10390625 0.1375
1 0.26328125 0.60234375 0.08359375 0.11875
1 0.21796875 0.35078125 0.07265625 0.09375
1 0.32265625 0.43359375 0.028125 0.0515625
1 0.30078125 0.425 0.02890625 0.05078125
1 0.178125 0.47734375 0.0234375 0.04453125
1 0.1703125 0.46171875 0.0328125 0.04140625
1 0.16640625 0.43671875 0.03203125 0.03125
1 0.3640625 0.45859375 0.0375 0.0671875
1 0.40078125 0.48125 0.04375 0.06171875
1 0.46875 0.4328125 0.0265625 0.04609375
1 0.44921875 0.41328125 0.03046875 0.0515625
1 0.509375 0.4296875 0.02578125 0.05625
1 0.5453125 0.45546875 0.040625 0.0546875
1 0.54375 0.5265625 0.0546875 0.07734375
1 0.63359375 0.54296875 0.07265625 0.0953125
1 0.69765625 0.60625 0.0796875 0.11328125
1 0.88984375 0.64921875 0.11640625 0.146875
1 0.97578125 0.56484375 0.046875 0.11171875
1 0.97421875 0.478125 0.040625 0.06796875
1 0.88515625 0.45859375 0.03984375 0.05859375
1 0.846875 0.43203125 0.0296875 0.0484375
1 0.84140625 0.3671875 0.0234375 0.03671875
1 0.778125 0.41015625 0.02265625 0.0421875
1 0.70234375 0.44296875 0.03515625 0.04921875
1 0.721875 0.4890625 0.05546875 0.06953125
1 0.6625 0.42109375 0.0359375 0.05625
1 0.67890625 0.40703125 0.01953125 0.03203125
1 0.72421875 0.39921875 0.025 0.03671875
1 0.73671875 0.37421875 0.02109375 0.03359375
1 0.59765625 0.41171875 0.02578125 0.04765625
1 0.5625 0.40703125 0.02265625 0.03828125