1 0.10703125 0.55234375 0.05078125 0.11484375
1 0.21796875 0.2578125 0.01953125 0.05390625
1 0.2265625 0.27109375 0.021875 0.04375
1 0.2734375 0.2296875 0.01953125 0.0453125
1 0.3015625 0.2265625 0.01875 0.0453125
1 0.30625 0.2 0.02265625 0.040625
1 0.3296875 0.21640625 0.0171875 0.05234375
1 0.340625 0.21953125 0.01484375 0.0453125
1 0.3609375 0.25625 0.02109375 0.05078125
1 0.36015625 0.18671875 0.01796875 0.040625
1 0.38671875 0.17890625 0.01953125 0.03203125
1 0.38984375 0.2296875 0.0171875 0.0390625
1 0.43125 0.290625 0.0234375 0.0484375
1 0.4140625 0.16640625 0.01328125 0.03671875
1 0.4265625 0.18203125 0.01875 0.04375
1 0.46875 0.23046875 0.021875 0.04375
1 0.45078125 0.15390625 0.0171875 0.03203125
1 0.4625 0.15234375 0.01484375 0.0390625
1 0.4765625 0.15859375 0.01796875 0.04375
1 0.48828125 0.134375 0.0140625 0.03671875
1 0.5078125 0.1546875 0.01796875 0.05078125
1 0.496875 0.18828125 0.0171875 0.040625
1 0.525 0.21875 0.0171875 0.05078125
1 0.52890625 0.15859375 0.01484375 0.040625
1 0.54609375 0.1265625 0.01484375 0.03671875
1 0.55546875 0.140625 0.0140625 0.03515625
1 0.5703125 0.1890625 0.015625 0.0421875
1 0.60078125 0.20625 0.01875 0.0453125
1 0.60546875 0.16796875 0.0171875 0.03671875
1 0.6015625 0.1390625 0.01328125 0.03203125
1 0.590625 0.1171875 0.015625 0.03515625
1 0.56875 0.12578125 0.0140625 0.03515625
1 0.5765625 0.15703125 0.01796875 0.0390625
1 0.62578125 0.1203125 0.01484375 0.0390625
1 0.64921875 0.13203125 0.01484375 0.0390625
1 0.65546875 0.11796875 0.0140625 0.03671875
1 0.65234375 0.17265625 0.01484375 0.0390625
1 0.6828125 0.14140625 0.01328125 0.040625
1 0.6859375 0.12421875 0.01328125 0.03359375
1 0.7015625 0.14765625 0.01484375 0.0390625
1 0.6875 0.20546875 0.01796875 0.04375
1 0.65234375 0.24140625 0.02734375 0.05546875
1 0.60546875 0.27265625 0.02890625 0.0609375
1 0.56953125 0.32578125 0.02890625 0.0625
1 0.603125 0.3703125 0.0296875 0.0640625
1 0.6546875 0.3875 0.0328125 0.0671875
1 0.71875 0.38515625 0.03046875 0.0640625
1 0.709375 0.2703125 0.02421875 0.06875
1 0.73671875 0.225 0.0203125 0.0421875
1 0.72421875 0.21484375 0.0171875 0.0390625
1 0.746875 0.1859375 0.015625 0.03515625
1 0.7625 0.171875 0.0140625 0.04375
1 0.77109375 0.19140625 0.0171875 0.0390625
1 0.790625 0.23046875 0.01796875 0.04375
1 0.746875 0.284375 0.0234375 0.05703125
1 0.7953125 0.30234375 0.02265625 0.05546875
1 0.81328125 0.21484375 0.0171875 0.0421875
1 0.80390625 0.18359375 0.015625 0.040625
1 0.825 0.20234375 0.015625 0.040625
1 0.7890625 0.45546875 0.03125 0.09296875
1 0.8546875 0.490625 0.03125 0.09921875
1 0.87109375 0.39375 0.0265625 0.0671875
1 0.85625 0.33359375 0.01875 0.05390625
1 0.8640625 0.30234375 0.01953125 0.0453125
1 0.8859375 0.26953125 0.01796875 0.05078125
1 0.89765625 0.24375 0.0140625 0.03046875
1 0.89296875 0.21328125 0.01328125 0.03203125
1 0.8703125 0.22734375 0.015625 0.040625
1 0.85546875 0.22578125 0.01796875 0.04375
1 0.9234375 0.253125 0.0125 0.0421875
1 0.94609375 0.23671875 0.0125 0.03515625
1 0.9203125 0.32109375 0.02109375 0.0484375
1 0.9421875 0.43046875 0.025 0.07890625
1 0.9453125 0.3703125 0.02109375 0.0609375
1 0.96875 0.3484375 0.01875 0.05390625
1 0.96953125 0.3015625 0.01484375 0.046875
1 0.97421875 0.246875 0.0109375 0.0453125