1 0.1 0.59609375 0.0453125 0.11953125
1 0.234375 0.2625 0.01796875 0.046875
1 0.2421875 0.26171875 0.01796875 0.04453125
1 0.2859375 0.23671875 0.0171875 0.04140625
1 0.31796875 0.21171875 0.01796875 0.04453125
1 0.31484375 0.2359375 0.01484375 0.03984375
1 0.340625 0.22734375 0.01796875 0.03984375
1 0.35546875 0.20546875 0.0140625 0.04140625
1 0.36953125 0.1984375 0.01484375 0.03125
1 0.421875 0.17421875 0.0125 0.03359375
1 0.42578125 0.16796875 0.01640625 0.03984375
1 0.4046875 0.2375 0.01796875 0.046875
1 0.37578125 0.26171875 0.01796875 0.0515625
1 0.43984375 0.19453125 0.0140625 0.03984375
1 0.44609375 0.296875 0.021875 0.0546875
1 0.48046875 0.23515625 0.02109375 0.0484375
1 0.47421875 0.140625 0.01328125 0.03125
1 0.48359375 0.16796875 0.01640625 0.04296875
1 0.49921875 0.15078125 0.0125 0.03671875
1 0.5296875 0.1625 0.015625 0.03671875
1 0.51796875 0.165625 0.01796875 0.04140625
1 0.50546875 0.209375 0.01796875 0.03984375
1 0.559375 0.1359375 0.01484375 0.03984375
1 0.56953125 0.15859375 0.015625 0.03828125
1 0.58203125 0.1359375 0.0125 0.04296875
1 0.6015625 0.128125 0.0140625 0.03359375
1 0.61171875 0.15078125 0.0140625 0.0296875
1 0.63984375 0.1296875 0.0140625 0.03359375
1 0.66796875 0.12734375 0.01875 0.03515625
1 0.6546875 0.14921875 0.0125 0.03984375
1 0.66328125 0.17890625 0.0140625 0.03515625
1 0.6953125 0.13515625 0.01796875 0.03125
1 0.6953125 0.15703125 0.01484375 0.04140625
1 0.71953125 0.153125 0.0140625 0.03359375
1 0.61015625 0.209375 0.015625 0.03984375
1 0.6171875 0.28046875 0.02265625 0.05
1 0.5796875 0.3328125 0.0171875 0.04453125
1 0.6671875 0.2328125 0.01875 0.046875
1 0.690625 0.21484375 0.01640625 0.04140625
1 0.6125 0.36796875 0.0265625 0.0515625
1 0.6640625 0.39921875 0.02265625 0.06484375
1 0.72109375 0.27421875 0.01953125 0.04296875
1 0.74296875 0.228125 0.01875 0.04453125
1 0.75546875 0.1953125 0.0140625 0.03515625
1 0.77734375 0.1828125 0.01484375 0.03671875
1 0.81171875 0.19609375 0.01875 0.053125
1 0.7953125 0.246875 0.01875 0.0546875
1 0.81953125 0.21953125 0.0140625 0.03359375
1 0.8296875 0.21015625 0.01640625 0.04140625
1 0.75390625 0.29140625 0.01875 0.0515625
1 0.721875 0.403125 0.02578125 0.06171875
1 0.796875 0.45859375 0.025 0.0828125
1 0.8015625 0.3046875 0.02109375 0.0515625
1 0.8625 0.234375 0.01640625 0.04296875
1 0.90234375 0.221875 0.01171875 0.03828125
1 0.903125 0.2578125 0.01328125 0.03359375
1 0.865625 0.34296875 0.02109375 0.0546875
1 0.89140625 0.2921875 0.0171875 0.03984375
1 0.88828125 0.39921875 0.021875 0.0484375
1 0.8671875 0.5078125 0.02890625 0.08828125
1 0.9515625 0.4359375 0.025 0.07109375
1 0.92890625 0.26796875 0.0140625 0.0484375
1 0.94765625 0.2421875 0.0125 0.046875
1 0.98125 0.259375 0.0125 0.04296875
1 0.928125 0.31875 0.0171875 0.046875
1 0.97421875 0.3109375 0.0203125 0.05
1 0.95390625 0.3703125 0.01953125 0.06015625
1 0.97265625 0.35703125 0.015625 0.053125
1 0.59140625 0.19921875 0.01328125 0.03359375
1 0.53125 0.22578125 0.01953125 0.04296875
1 0.61796875 0.17421875 0.01640625 0.04296875