1 0.08359375 0.46875 0.0515625 0.09453125
1 0.2578125 0.29375 0.0203125 0.03125
1 0.278125 0.27265625 0.015625 0.03671875
1 0.2984375 0.2609375 0.015625 0.03671875
1 0.3140625 0.2828125 0.01953125 0.03984375
1 0.33671875 0.2890625 0.0203125 0.03984375
1 0.31640625 0.2296875 0.0140625 0.0296875
1 0.3453125 0.2265625 0.0171875 0.0296875
1 0.32890625 0.25078125 0.0203125 0.03125
1 0.375 0.23515625 0.01796875 0.034375
1 0.3734375 0.20625 0.01875 0.0265625
1 0.4125 0.234375 0.021875 0.0328125
1 0.42421875 0.2734375 0.0234375 0.04140625
1 0.40546875 0.178125 0.01484375 0.0265625
1 0.421875 0.19453125 0.0171875 0.028125
1 0.446875 0.22578125 0.021875 0.04140625
1 0.46875 0.2421875 0.021875 0.04765625
1 0.4859375 0.21328125 0.0171875 0.03671875
1 0.46796875 0.2 0.01953125 0.03671875
1 0.44765625 0.178125 0.0171875 0.0296875
1 0.45 0.1515625 0.0171875 0.025
1 0.47578125 0.15390625 0.0171875 0.0265625
1 0.484375 0.171875 0.01484375 0.0296875
1 0.48515625 0.14140625 0.0140625 0.028125
1 0.50546875 0.171875 0.01796875 0.03671875
1 0.54140625 0.19921875 0.01953125 0.04140625
1 0.54375 0.16484375 0.01875 0.03125
1 0.52734375 0.13984375 0.009375 0.025
1 0.53671875 0.14296875 0.0125 0.021875
1 0.55625 0.11328125 0.01328125 0.028125
1 0.5578125 0.140625 0.015625 0.0265625
1 0.578125 0.1671875 0.0171875 0.0328125
1 0.58828125 0.1546875 0.015625 0.034375
1 0.59296875 0.12890625 0.01328125 0.0265625
1 0.5953125 0.10859375 0.015625 0.025
1 0.61875 0.1421875 0.01484375 0.03671875
1 0.6109375 0.115625 0.0125 0.0234375
1 0.62265625 0.1109375 0.0109375 0.0265625
1 0.64296875 0.11640625 0.01484375 0.025
1 0.65859375 0.13203125 0.0171875 0.0296875
1 0.6953125 0.1078125 0.015625 0.03671875
1 0.7046875 0.14140625 0.0171875 0.034375
1 0.68515625 0.159375 0.0171875 0.04140625
1 0.6515625 0.18515625 0.01953125 0.04609375
1 0.4875 0.3 0.025 0.0515625
1 0.5546875 0.303125 0.0265625 0.0515625
1 0.559375 0.25078125 0.028125 0.04140625
1 0.609375 0.26015625 0.021875 0.04140625
1 0.60703125 0.21796875 0.01875 0.04296875
1 0.60390625 0.34296875 0.02734375 0.0546875
1 0.671875 0.33984375 0.0328125 0.07109375
1 0.6625 0.26015625 0.025 0.0515625
1 0.70078125 0.221875 0.0203125 0.04921875
1 0.6671875 0.21328125 0.0203125 0.04296875
1 0.75234375 0.2421875 0.02421875 0.04765625
1 0.715625 0.2921875 0.028125 0.04921875
1 0.78203125 0.2890625 0.02734375 0.0625
1 0.74921875 0.19375 0.01953125 0.04296875
1 0.73046875 0.16640625 0.01796875 0.03828125
1 0.725 0.12578125 0.01875 0.03984375
1 0.7484375 0.14609375 0.015625 0.034375
1 0.76015625 0.1671875 0.01796875 0.03671875
1 0.75078125 0.1140625 0.015625 0.0265625
1 0.76328125 0.13359375 0.01484375 0.0328125
1 0.77109375 0.13046875 0.01328125 0.0296875
1 0.79453125 0.13828125 0.01875 0.034375
1 0.8109375 0.13125 0.0125 0.03125
1 0.8328125 0.1421875 0.01875 0.03671875
1 0.82421875 0.1671875 0.01796875 0.03984375
1 0.80234375 0.18125 0.0234375 0.04140625
1 0.84921875 0.18828125 0.01796875 0.03984375
1 0.85234375 0.15625 0.015625 0.034375
1 0.86328125 0.1546875 0.0171875 0.03125
1 0.8703125 0.134375 0.01328125 0.025
1 0.89453125 0.13671875 0.015625 0.028125
1 0.8890625 0.1671875 0.0140625 0.0296875
1 0.88203125 0.19140625 0.01875 0.04296875
1 0.871875 0.22578125 0.01953125 0.04140625
1 0.925 0.19921875 0.02265625 0.03828125
1 0.928125 0.16171875 0.01484375 0.0328125
1 0.9265625 0.29453125 0.0265625 0.059375