1 0.084375 0.409375 0.05234375 0.078125
1 0.05546875 0.40390625 0.0421875 0.0671875
1 0.2328125 0.45 0.0546875 0.08046875
1 0.2203125 0.375 0.03671875 0.05859375
1 0.259375 0.34296875 0.03125 0.05
1 0.32265625 0.32578125 0.034375 0.05
1 0.34453125 0.31875 0.0234375 0.04765625
1 0.38984375 0.3328125 0.02734375 0.053125
1 0.45625 0.32734375 0.02890625 0.04765625
1 0.4421875 0.4078125 0.03671875 0.075
1 0.39921875 0.4640625 0.05234375 0.08671875
1 0.3203125 0.46484375 0.05078125 0.08359375
1 0.365625 0.3953125 0.03984375 0.0609375
1 0.51484375 0.46484375 0.06171875 0.10546875
1 0.51328125 0.40234375 0.0421875 0.0640625
1 0.521875 0.359375 0.03671875 0.05
1 0.52265625 0.32578125 0.034375 0.04453125
1 0.5984375 0.31484375 0.0328125 0.05546875
1 0.61796875 0.34296875 0.03671875 0.0671875
1 0.60078125 0.425 0.05234375 0.103125
1 0.63359375 0.4875 0.05625 0.1171875
1 0.7125 0.41328125 0.0546875 0.103125
1 0.7578125 0.48203125 0.0578125 0.1171875
1 0.809375 0.45859375 0.0578125 0.0921875
1 0.8671875 0.40546875 0.0578125 0.1140625
1 0.94453125 0.50859375 0.0890625 0.13671875
1 0.978125 0.434375 0.04375 0.12265625