1 0.2 0.4609375 0.04921875 0.08515625
1 0.25234375 0.39765625 0.03984375 0.1
1 0.36875 0.2546875 0.01875 0.040625
1 0.31640625 0.29375 0.0203125 0.04609375
1 0.48125 0.321875 0.03125 0.0609375
1 0.41328125 0.23671875 0.01796875 0.0375
1 0.43828125 0.2953125 0.02578125 0.04296875
1 0.45078125 0.2234375 0.01875 0.040625
1 0.453125 0.18515625 0.0171875 0.0390625
1 0.4765625 0.19609375 0.01796875 0.034375
1 0.540625 0.196875 0.015625 0.0359375
1 0.66328125 0.25390625 0.02265625 0.05234375
1 0.7203125 0.2828125 0.021875 0.05390625
1 0.7703125 0.2953125 0.021875 0.05234375
1 0.8828125 0.21796875 0.01796875 0.04296875
1 0.69296875 0.15 0.015625 0.034375
1 0.7203125 0.14296875 0.01484375 0.0296875
1 0.73359375 0.15078125 0.01328125 0.0359375
1 0.75390625 0.14453125 0.0171875 0.0296875
1 0.77578125 0.15390625 0.0171875 0.0390625
1 0.8046875 0.1703125 0.01875 0.0359375
1 0.81953125 0.12578125 0.0109375 0.028125
1 0.5796875 0.15078125 0.0125 0.0328125
1 0.55546875 0.146875 0.0140625 0.03125
1 0.534375 0.1375 0.01484375 0.0328125
1 0.51484375 0.16015625 0.0171875 0.0375
1 0.484375 0.15703125 0.0140625 0.0328125
1 0.47109375 0.153125 0.01484375 0.03125