1 0.0921875 0.56953125 0.09765625 0.1609375
1 0.0734375 0.61875 0.090625 0.15
1 0.20703125 0.5890625 0.10546875 0.18515625
1 0.05390625 0.44765625 0.04296875 0.07109375
1 0.06953125 0.421875 0.04765625 0.07421875
1 0.14921875 0.421875 0.0390625 0.05625
1 0.16484375 0.40390625 0.03515625 0.06484375
1 0.20625 0.4015625 0.03671875 0.053125
1 0.24609375 0.403125 0.04453125 0.07109375
1 0.321875 0.36171875 0.0296875 0.05546875
1 0.334375 0.31640625 0.02890625 0.05078125
1 0.34765625 0.51171875 0.065625 0.11171875
1 0.359375 0.446875 0.0515625 0.078125
1 0.40390625 0.475 0.05078125 0.10546875
1 0.43828125 0.46796875 0.0640625 0.0921875
1 0.4734375 0.4609375 0.04921875 0.0828125
1 0.35703125 0.38984375 0.02890625 0.053125
1 0.37421875 0.384375 0.028125 0.04921875
1 0.534375 0.44453125 0.04609375 0.07109375
1 0.5 0.4296875 0.03359375 0.05859375
1 0.5828125 0.4421875 0.03984375 0.06640625
1 0.6203125 0.47578125 0.05078125 0.08125
1 0.5859375 0.3875 0.021875 0.0390625
1 0.60234375 0.403125 0.028125 0.0515625
1 0.63671875 0.4171875 0.02734375 0.040625
1 0.6578125 0.40859375 0.03046875 0.046875
1 0.6953125 0.41171875 0.034375 0.05078125
1 0.62265625 0.3125 0.03046875 0.05
1 0.90078125 0.3515625 0.04609375 0.06640625