1 0.071875 0.6484375 0.12265625 0.20859375
1 0.16328125 0.82421875 0.140625 0.2625
1 0.04921875 0.5125 0.0734375 0.1328125
1 0.2125 0.43828125 0.0453125 0.07890625
1 0.2578125 0.42890625 0.04921875 0.1046875
1 0.290625 0.4765625 0.04375 0.09140625
1 0.35 0.4921875 0.06171875 0.1109375
1 0.434375 0.41640625 0.04765625 0.0984375
1 0.57578125 0.33046875 0.06640625 0.16796875
1 0.6078125 0.60625 0.071875 0.1296875
1 0.74140625 0.67109375 0.0828125 0.18359375
1 0.79140625 0.5125 0.0703125 0.1515625
1 0.89375 0.596875 0.0828125 0.1421875
1 0.8984375 0.7625 0.115625 0.240625