1 0.16171875 0.32265625 0.03828125 0.0921875
1 0.2640625 0.37734375 0.05625 0.1171875
1 0.25234375 0.2765625 0.0328125 0.0640625
1 0.378125 0.3828125 0.05625 0.14921875
1 0.3671875 0.28203125 0.02734375 0.053125
1 0.40546875 0.1828125 0.0234375 0.06015625
1 0.48046875 0.278125 0.0328125 0.08125
1 0.52890625 0.36328125 0.05078125 0.12421875
1 0.52734375 0.28046875 0.025 0.0640625
1 0.509375 0.2390625 0.01796875 0.053125
1 0.56953125 0.26953125 0.02734375 0.05703125
1 0.7171875 0.3421875 0.05234375 0.11015625
1 0.709375 0.25859375 0.02890625 0.05703125
1 0.75234375 0.290625 0.0359375 0.078125
1 0.91953125 0.36015625 0.05234375 0.13828125
1 0.91953125 0.2875 0.0453125 0.08515625
1 0.98046875 0.40703125 0.0390625 0.1703125