1 0.58125 0.4625 0.03359375 0.0640625
1 0.56875 0.6984375 0.08984375 0.17890625
1 0.52890625 0.90390625 0.171875 0.1875
1 0.70703125 0.6203125 0.0734375 0.128125
1 0.81796875 0.68984375 0.11484375 0.17890625
1 0.8640625 0.54453125 0.05703125 0.09921875
1 0.96171875 0.59296875 0.06796875 0.12578125
1 0.546875 0.53828125 0.05625 0.075
1 0.41328125 0.50546875 0.06171875 0.08828125
1 0.31875 0.6046875 0.078125 0.11015625
1 0.20859375 0.8546875 0.14375 0.23828125
1 0.0515625 0.58359375 0.08203125 0.1609375
1 0.1421875 0.5375 0.071875 0.1078125
1 0.24453125 0.4765625 0.0484375 0.06171875