1 0.2078125 0.40234375 0.03671875 0.0859375
1 0.253125 0.2671875 0.0203125 0.03984375
1 0.28828125 0.26953125 0.021875 0.04140625
1 0.2703125 0.2671875 0.01484375 0.0265625
1 0.3125 0.234375 0.01796875 0.0359375
1 0.33828125 0.24765625 0.0203125 0.0359375
1 0.34765625 0.2328125 0.01484375 0.0359375
1 0.3453125 0.203125 0.0140625 0.0296875
1 0.36484375 0.24453125 0.01875 0.04296875
1 0.38125 0.26953125 0.0234375 0.04453125
1 0.4 0.2828125 0.02578125 0.05078125
1 0.36640625 0.17890625 0.0140625 0.03125
1 0.38046875 0.1875 0.015625 0.03828125
1 0.39921875 0.21640625 0.01796875 0.0359375
1 0.42265625 0.1828125 0.01484375 0.03984375
1 0.43671875 0.1875 0.0203125 0.04140625
1 0.45859375 0.2421875 0.02421875 0.05625
1 0.4765625 0.20078125 0.01796875 0.034375
1 0.46953125 0.165625 0.015625 0.025
1 0.45625 0.1453125 0.01484375 0.0234375
1 0.48125 0.13046875 0.01484375 0.0265625
1 0.51328125 0.165625 0.015625 0.03125
1 0.49921875 0.19921875 0.02109375 0.03828125
1 0.5234375 0.20234375 0.02109375 0.04140625
1 0.55 0.1578125 0.015625 0.04140625
1 0.5765625 0.16484375 0.01796875 0.0328125
1 0.56171875 0.15390625 0.015625 0.03125
1 0.565625 0.1265625 0.0140625 0.034375
1 0.603125 0.14765625 0.01484375 0.028125
1 0.60546875 0.1234375 0.01171875 0.0234375
1 0.60703125 0.10859375 0.0109375 0.01953125
1 0.58359375 0.12734375 0.01328125 0.0296875
1 0.634375 0.13046875 0.01796875 0.0296875
1 0.6421875 0.11640625 0.01171875 0.02109375
1 0.6734375 0.12109375 0.01796875 0.03125
1 0.5703125 0.2140625 0.02578125 0.04453125
1 0.50078125 0.290625 0.02578125 0.05625
1 0.55703125 0.28046875 0.03125 0.0625
1 0.6109375 0.30390625 0.028125 0.059375
1 0.6 0.2828125 0.021875 0.04453125
1 0.61796875 0.21171875 0.02890625 0.04765625
1 0.65546875 0.178125 0.0203125 0.0359375
1 0.66015625 0.21796875 0.0234375 0.04296875
1 0.66015625 0.2734375 0.028125 0.0609375
1 0.69140625 0.2234375 0.021875 0.05078125
1 0.696875 0.18125 0.0203125 0.04296875
1 0.70078125 0.14921875 0.01796875 0.03125
1 0.7109375 0.265625 0.03125 0.0625
1 0.74453125 0.31796875 0.02890625 0.0578125
1 0.74921875 0.2390625 0.025 0.059375
1 0.8359375 0.29296875 0.028125 0.0640625
1 0.7171875 0.17890625 0.01796875 0.03828125
1 0.74296875 0.19296875 0.01796875 0.0359375
1 0.7390625 0.165625 0.015625 0.028125
1 0.75703125 0.15546875 0.01484375 0.0359375
1 0.746875 0.1296875 0.01328125 0.03125
1 0.77421875 0.15703125 0.015625 0.0328125
1 0.78984375 0.159375 0.0203125 0.03828125
1 0.7671875 0.19296875 0.025 0.04609375
1 0.81796875 0.20703125 0.021875 0.03828125
1 0.8328125 0.1890625 0.015625 0.03125
1 0.83515625 0.1703125 0.0140625 0.0265625
1 0.825 0.146875 0.01171875 0.0265625
1 0.890625 0.275 0.02578125 0.0546875
1 0.83671875 0.26015625 0.021875 0.04140625
1 0.8765625 0.19296875 0.0203125 0.0359375
1 0.875 0.16328125 0.0140625 0.0234375
1 0.88515625 0.15625 0.01171875 0.034375