1 0.08828125 0.478125 0.0703125 0.12890625
1 0.271875 0.52421875 0.11015625 0.1953125
1 0.33984375 0.2625 0.0796875 0.1421875
1 0.23203125 0.38203125 0.05 0.0625
1 0.1703125 0.36875 0.03984375 0.0625
1 0.1265625 0.36875 0.03984375 0.053125
1 0.08671875 0.34921875 0.03359375 0.06640625
1 0.021875 0.34453125 0.0234375 0.04921875
1 0.48515625 0.47109375 0.05703125 0.10703125
1 0.53984375 0.41796875 0.046875 0.0796875
1 0.51171875 0.3890625 0.0296875 0.0578125
1 0.425 0.38671875 0.03671875 0.07109375
1 0.725 0.521875 0.08984375 0.12890625
1 0.73828125 0.421875 0.05703125 0.10703125
1 0.8546875 0.5265625 0.0703125 0.1203125
1 0.8515625 0.45546875 0.05 0.06640625
1 0.91484375 0.4890625 0.06328125 0.0890625
1 0.94140625 0.43125 0.03671875 0.0625
1 0.89296875 0.43359375 0.03984375 0.06640625
1 0.81796875 0.4109375 0.03671875 0.0578125
1 0.68515625 0.42890625 0.03671875 0.0578125
1 0.6046875 0.4359375 0.05 0.07109375
1 0.5734375 0.3953125 0.03359375 0.0625
1 0.596875 0.36875 0.03984375 0.053125
1 0.63203125 0.39296875 0.03671875 0.0578125
1 0.63515625 0.3578125 0.04296875 0.0578125
1 0.68359375 0.3734375 0.03984375 0.053125
1 0.5546875 0.353125 0.0234375 0.04921875
1 0.46328125 0.35546875 0.0265625 0.0359375
1 0.403125 0.33359375 0.0203125 0.0359375