1 0.03671875 0.47265625 0.03359375 0.06015625
1 0.11171875 0.45625 0.03671875 0.05234375
1 0.1734375 0.5203125 0.03984375 0.06015625
1 0.2171875 0.52109375 0.0515625 0.0875
1 0.2125 0.4546875 0.028125 0.0546875
1 0.28828125 0.51484375 0.04296875 0.075
1 0.3671875 0.51484375 0.0484375 0.0703125
1 0.34609375 0.4578125 0.03515625 0.0546875
1 0.415625 0.43984375 0.028125 0.03984375
1 0.43203125 0.46875 0.0265625 0.0421875
1 0.42734375 0.51015625 0.0484375 0.0796875
1 0.46328125 0.46640625 0.03359375 0.0625
1 0.44609375 0.44140625 0.01796875 0.0328125
1 0.51484375 0.4796875 0.03671875 0.06015625
1 0.59765625 0.4828125 0.04140625 0.06015625
1 0.61953125 0.45 0.021875 0.03984375
1 0.7171875 0.63984375 0.11171875 0.18515625
1 0.784375 0.5359375 0.05859375 0.10234375
1 0.9171875 0.5828125 0.075 0.1046875
1 0.9046875 0.51484375 0.05 0.0796875
1 0.928125 0.50390625 0.053125 0.0875
1 0.74296875 0.4 0.0234375 0.0453125
1 0.7375 0.47265625 0.025 0.05
1 0.7671875 0.46640625 0.028125 0.0328125
1 0.6921875 0.4828125 0.03828125 0.0546875
1 0.66796875 0.4734375 0.0234375 0.0421875