1 0.2171875 0.3578125 0.0453125 0.0984375
1 0.29296875 0.2546875 0.01796875 0.0328125
1 0.353125 0.22421875 0.015625 0.03125
1 0.4359375 0.27890625 0.021875 0.0390625
1 0.35234375 0.27109375 0.0234375 0.04296875
1 0.39140625 0.22109375 0.0171875 0.028125
1 0.39296875 0.19609375 0.01953125 0.028125
1 0.428125 0.2203125 0.015625 0.0359375
1 0.4484375 0.2296875 0.0171875 0.0359375
1 0.43203125 0.17421875 0.01328125 0.0359375
1 0.45625 0.1515625 0.01328125 0.028125
1 0.4734375 0.2 0.0171875 0.0296875
1 0.45078125 0.19609375 0.01484375 0.028125
1 0.4890625 0.165625 0.01328125 0.02265625
1 0.50859375 0.17109375 0.0125 0.0265625
1 0.5234375 0.1453125 0.01328125 0.028125
1 0.4921875 0.1359375 0.009375 0.02265625
1 0.5046875 0.2046875 0.0140625 0.028125
1 0.53984375 0.2046875 0.0171875 0.028125
1 0.5546875 0.1671875 0.0140625 0.0359375
1 0.57265625 0.16484375 0.01328125 0.03125
1 0.54453125 0.13203125 0.01015625 0.02109375
1 0.56484375 0.125 0.01015625 0.0265625
1 0.5859375 0.15546875 0.01796875 0.0375
1 0.59375 0.06171875 0.0109375 0.02109375
1 0.64453125 0.0609375 0.009375 0.01953125
1 0.6921875 0.05859375 0.01328125 0.028125
1 0.62265625 0.11875 0.01015625 0.02109375
1 0.615625 0.1359375 0.01015625 0.02265625
1 0.4875 0.32421875 0.0234375 0.0375
1 0.559375 0.29140625 0.021875 0.05078125
1 0.57421875 0.26015625 0.0171875 0.034375
1 0.61640625 0.25625 0.01796875 0.04609375
1 0.621875 0.21328125 0.01875 0.0390625
1 0.62109375 0.32421875 0.03046875 0.0609375
1 0.684375 0.32734375 0.0234375 0.05390625
1 0.671875 0.26796875 0.0203125 0.04921875
1 0.72109375 0.28828125 0.0234375 0.04765625
1 0.784375 0.31640625 0.0265625 0.04765625
1 0.68046875 0.21640625 0.0203125 0.0328125
1 0.721875 0.21875 0.01953125 0.0359375
1 0.70703125 0.18828125 0.0140625 0.03125
1 0.6890625 0.1640625 0.0140625 0.0328125
1 0.6984375 0.1125 0.01015625 0.03125
1 0.715625 0.14453125 0.01484375 0.0328125
1 0.74140625 0.17109375 0.0171875 0.0296875
1 0.74375 0.13203125 0.01328125 0.028125
1 0.7625 0.1515625 0.0125 0.03125
1 0.7640625 0.11796875 0.0109375 0.02265625
1 0.77109375 0.0671875 0.0125 0.0265625
1 0.83984375 0.07109375 0.01484375 0.03125
1 0.8078125 0.13359375 0.0109375 0.03125
1 0.784375 0.12734375 0.0109375 0.025
1 0.75703125 0.18984375 0.0234375 0.04140625
1 0.81015625 0.18828125 0.01484375 0.0375
1 0.828125 0.171875 0.01328125 0.034375
1 0.85859375 0.19140625 0.015625 0.04140625
1 0.88359375 0.2265625 0.0203125 0.04921875
1 0.89453125 0.1984375 0.0140625 0.0359375
1 0.93046875 0.18671875 0.01484375 0.0375
1 0.91796875 0.134375 0.0109375 0.0328125
1 0.87890625 0.12890625 0.0140625 0.028125
1 0.465625 0.1640625 0.01484375 0.0328125