1 0.225 0.37421875 0.04296875 0.08828125
1 0.325 0.21171875 0.02109375 0.03203125
1 0.353125 0.19765625 0.01484375 0.0359375
1 0.37734375 0.1890625 0.0171875 0.034375
1 0.4140625 0.17421875 0.01171875 0.02890625
1 0.428125 0.1734375 0.01328125 0.0375
1 0.44140625 0.15859375 0.01328125 0.03046875
1 0.4625 0.16953125 0.01640625 0.0234375
1 0.4765625 0.16015625 0.0140625 0.03203125
1 0.4734375 0.20703125 0.01875 0.034375
1 0.509375 0.1859375 0.01875 0.03046875
1 0.49765625 0.1390625 0.01171875 0.0234375
1 0.53046875 0.128125 0.01328125 0.03046875
1 0.52890625 0.1640625 0.01796875 0.0265625
1 0.53828125 0.21796875 0.0171875 0.034375
1 0.60234375 0.240625 0.02421875 0.04296875
1 0.6328125 0.215625 0.01484375 0.0359375
1 0.67109375 0.228125 0.02109375 0.0359375
1 0.7328125 0.2328125 0.02109375 0.034375
1 0.88125 0.278125 0.0265625 0.046875
1 0.884375 0.234375 0.01484375 0.04140625
1 0.93359375 0.2578125 0.021875 0.034375
1 0.94296875 0.22890625 0.0171875 0.0375
1 0.95078125 0.178125 0.01875 0.0359375
1 0.91640625 0.17421875 0.01640625 0.03203125
1 0.8890625 0.1578125 0.0140625 0.03203125
1 0.86015625 0.15 0.01171875 0.0234375
1 0.86484375 0.1984375 0.0171875 0.04453125
1 0.8296875 0.140625 0.0171875 0.034375
1 0.79921875 0.1375 0.0140625 0.0265625
1 0.8140625 0.16484375 0.0140625 0.03203125
1 0.83125 0.1875 0.0171875 0.034375
1 0.80390625 0.20625 0.01484375 0.0359375
1 0.78125 0.153125 0.0140625 0.03046875
1 0.76796875 0.14296875 0.01484375 0.03046875
1 0.75078125 0.1515625 0.01484375 0.0375
1 0.7421875 0.18203125 0.01796875 0.03046875
1 0.709375 0.12265625 0.01484375 0.01953125
1 0.72578125 0.146875 0.01484375 0.02890625
1 0.546875 0.19140625 0.01640625 0.0265625
1 0.5828125 0.1875 0.01484375 0.0265625
1 0.61015625 0.16875 0.01171875 0.02890625
1 0.5984375 0.13828125 0.0140625 0.025
1 0.62578125 0.11015625 0.0109375 0.0234375
1 0.6296875 0.13359375 0.01484375 0.0234375
1 0.66171875 0.19140625 0.01796875 0.0265625
1 0.7234375 0.1859375 0.0140625 0.03046875
1 0.7078125 0.17421875 0.01640625 0.0359375
1 0.67890625 0.109375 0.01015625 0.025
1 0.66875 0.1453125 0.01640625 0.03203125
1 0.58359375 0.125 0.0171875 0.0265625
1 0.4296875 0.1515625 0.01328125 0.03046875
1 0.47109375 0.13828125 0.0140625 0.025
1 0.50078125 0.16328125 0.01328125 0.02890625
1 0.578125 0.15078125 0.0140625 0.02890625
1 0.59609375 0.16484375 0.0140625 0.03203125
1 0.54296875 0.15078125 0.01640625 0.02890625
1 0.7953125 0.18828125 0.01484375 0.0359375
1 0.815625 0.2046875 0.0140625 0.0359375
1 0.7890625 0.17578125 0.01328125 0.02890625
1 0.9015625 0.209375 0.01484375 0.0375