1 0.19296875 0.35859375 0.04140625 0.07109375
1 0.290625 0.21015625 0.01484375 0.0296875
1 0.3015625 0.22578125 0.0140625 0.028125
1 0.31484375 0.2421875 0.0171875 0.0375
1 0.3453125 0.253125 0.0203125 0.04140625
1 0.38125 0.24375 0.015625 0.0296875
1 0.415625 0.225 0.01875 0.0375
1 0.41015625 0.20546875 0.01484375 0.028125
1 0.38671875 0.2 0.01484375 0.028125
1 0.3703125 0.1953125 0.015625 0.03359375
1 0.35078125 0.18515625 0.0171875 0.02421875
1 0.3421875 0.16796875 0.0140625 0.028125
1 0.4390625 0.21640625 0.015625 0.03203125
1 0.48046875 0.21640625 0.0140625 0.0359375
1 0.41640625 0.1734375 0.01484375 0.028125
1 0.4203125 0.13828125 0.01171875 0.02421875
1 0.44609375 0.16640625 0.01484375 0.0203125
1 0.471875 0.17734375 0.015625 0.02421875
1 0.471875 0.1484375 0.009375 0.02265625
1 0.47109375 0.12890625 0.0125 0.0203125
1 0.49609375 0.1484375 0.01171875 0.02265625
1 0.49765625 0.11875 0.0109375 0.0203125
1 0.50703125 0.13828125 0.009375 0.0203125
1 0.52109375 0.12265625 0.0109375 0.0203125
1 0.5234375 0.15 0.0140625 0.02265625
1 0.50234375 0.18828125 0.015625 0.03203125
1 0.53828125 0.18828125 0.015625 0.028125
1 0.54765625 0.153125 0.0125 0.028125
1 0.54921875 0.11796875 0.01171875 0.02265625
1 0.5453125 0.13828125 0.0109375 0.0171875
1 0.57109375 0.1203125 0.0109375 0.0265625
1 0.559375 0.14375 0.009375 0.0203125
1 0.58125 0.1671875 0.0140625 0.0296875
1 0.59609375 0.125 0.0125 0.028125
1 0.58125 0.1109375 0.0140625 0.0265625
1 0.60546875 0.109375 0.009375 0.02421875
1 0.6140625 0.1171875 0.00859375 0.0203125
1 0.625 0.12578125 0.0109375 0.0296875
1 0.61875 0.15703125 0.0125 0.03203125
1 0.65390625 0.13671875 0.0140625 0.0296875
1 0.65703125 0.1109375 0.009375 0.01875
1 0.66640625 0.1 0.009375 0.02421875
1 0.68671875 0.11796875 0.009375 0.02265625
1 0.69375 0.1 0.0109375 0.0203125
1 0.70859375 0.103125 0.01171875 0.0265625
1 0.49453125 0.27265625 0.02421875 0.05078125
1 0.5390625 0.28046875 0.0296875 0.0578125
1 0.596875 0.33359375 0.02734375 0.06015625
1 0.575 0.23359375 0.02109375 0.04296875
1 0.61875 0.2609375 0.02109375 0.0453125
1 0.615625 0.20625 0.015625 0.0375
1 0.67109375 0.253125 0.02421875 0.0453125
1 0.671875 0.178125 0.015625 0.0296875
1 0.70078125 0.18828125 0.01484375 0.0390625
1 0.69609375 0.30703125 0.02421875 0.05078125
1 0.72578125 0.29296875 0.0203125 0.0484375
1 0.74921875 0.3640625 0.0265625 0.06015625
1 0.81484375 0.415625 0.02734375 0.0578125
1 0.89296875 0.440625 0.0296875 0.0671875
1 0.9125 0.34609375 0.025 0.0578125
1 0.91875 0.28203125 0.01875 0.0546875
1 0.9453125 0.21484375 0.01796875 0.0390625
1 0.88515625 0.225 0.01875 0.03359375
1 0.86640625 0.25546875 0.0203125 0.0453125
1 0.8328125 0.32109375 0.021875 0.0484375
1 0.78671875 0.30234375 0.0234375 0.0453125
1 0.81640625 0.253125 0.0203125 0.0375
1 0.79375 0.22421875 0.01484375 0.0390625
1 0.76328125 0.23046875 0.02109375 0.0375
1 0.72109375 0.21875 0.01796875 0.0390625
1 0.75390625 0.18515625 0.01484375 0.028125
1 0.7375 0.159375 0.0125 0.0265625
1 0.725 0.15390625 0.0109375 0.0296875
1 0.746875 0.13125 0.01171875 0.0265625
1 0.76015625 0.15546875 0.0109375 0.0265625
1 0.76875 0.14609375 0.0125 0.0296875
1 0.7921875 0.153125 0.015625 0.0359375