1 0.12109375 0.8109375 0.1140625 0.1671875
1 0.0765625 0.5765625 0.0671875 0.1125
1 0.0375 0.49296875 0.03984375 0.06796875
1 0.08125 0.49609375 0.03828125 0.059375
1 0.15078125 0.48359375 0.0328125 0.040625
1 0.16875 0.4546875 0.025 0.03203125
1 0.209375 0.44453125 0.025 0.03046875
1 0.2140625 0.50625 0.0515625 0.06796875
1 0.20546875 0.5984375 0.08828125 0.12109375
1 0.25625 0.51328125 0.03828125 0.05546875
1 0.296875 0.5125 0.03828125 0.04296875
1 0.32109375 0.471875 0.028125 0.0359375
1 0.29140625 0.46171875 0.0203125 0.034375
1 0.26484375 0.46875 0.028125 0.03203125
1 0.36328125 0.5625 0.053125 0.071875
1 0.36953125 0.5125 0.03828125 0.04921875
1 0.3671875 0.46640625 0.02265625 0.03125
1 0.40859375 0.475 0.028125 0.0359375
1 0.42734375 0.4609375 0.01796875 0.03203125
1 0.4484375 0.5484375 0.0515625 0.078125
1 0.4875 0.6203125 0.09375 0.13125
1 0.4890625 0.51328125 0.03515625 0.059375
1 0.4546875 0.5 0.03359375 0.04765625
1 0.4734375 0.4671875 0.02421875 0.0375
1 0.59609375 0.54609375 0.040625 0.05234375
1 0.63125 0.57421875 0.06875 0.07890625
1 0.71953125 0.640625 0.09296875 0.128125
1 0.7546875 0.5234375 0.05546875 0.0765625
1 0.70390625 0.528125 0.034375 0.05859375
1 0.69453125 0.47265625 0.03046875 0.04453125
1 0.6609375 0.47890625 0.034375 0.0390625
1 0.63203125 0.4859375 0.02265625 0.03828125
1 0.6140625 0.4765625 0.021875 0.0359375
1 0.584375 0.48359375 0.0234375 0.0328125
1 0.53671875 0.46015625 0.0265625 0.03515625
1 0.553125 0.4734375 0.02265625 0.03125
1 0.57421875 0.45 0.0265625 0.040625
1 0.8375 0.56171875 0.06484375 0.08984375
1 0.81484375 0.5171875 0.03203125 0.06328125
1 0.9234375 0.671875 0.1234375 0.19453125
1 0.98125 0.55234375 0.0375 0.1109375
1 0.8609375 0.53359375 0.05 0.078125