1 0.19921875 0.49140625 0.01640625 0.028125
1 0.15703125 0.53046875 0.0203125 0.028125
1 0.03671875 0.68046875 0.03984375 0.08125
1 0.13359375 0.6609375 0.0421875 0.0640625
1 0.190625 0.6984375 0.05078125 0.08359375
1 0.234375 0.84765625 0.1015625 0.159375
1 0.07734375 0.8421875 0.0890625 0.13671875
1 0.34453125 0.696875 0.04921875 0.08671875
1 0.27421875 0.6296875 0.03671875 0.07578125
1 0.334375 0.61171875 0.02578125 0.03359375
1 0.36796875 0.64921875 0.034375 0.05859375
1 0.39921875 0.60625 0.02734375 0.0390625
1 0.3953125 0.5765625 0.01640625 0.025
1 0.365625 0.5890625 0.01484375 0.028125
1 0.33984375 0.5796875 0.01796875 0.03046875
1 0.540625 0.85078125 0.11484375 0.20390625
1 0.5375 0.70546875 0.06328125 0.10859375
1 0.51875 0.6421875 0.034375 0.06171875
1 0.4875 0.63671875 0.03984375 0.0671875
1 0.48984375 0.58828125 0.0234375 0.0359375
1 0.578125 0.63984375 0.03671875 0.06171875
1 0.609375 0.6609375 0.04375 0.0640625
1 0.6921875 0.6859375 0.05625 0.08125
1 0.7796875 0.80859375 0.0984375 0.15390625
1 0.82265625 0.6859375 0.06328125 0.08671875
1 0.95234375 0.7078125 0.0546875 0.08125
1 0.94609375 0.6296875 0.03125 0.053125
1 0.91640625 0.6171875 0.0328125 0.05
1 0.8453125 0.615625 0.02890625 0.04765625
1 0.84765625 0.5890625 0.02578125 0.0390625
1 0.7953125 0.59375 0.0234375 0.0359375
1 0.74375 0.66796875 0.03671875 0.06171875
1 0.7484375 0.61484375 0.02734375 0.0390625
1 0.765625 0.59609375 0.01796875 0.0359375
1 0.76640625 0.57578125 0.0203125 0.03359375
1 0.740625 0.5796875 0.0203125 0.03046875
1 0.721875 0.5796875 0.01484375 0.0359375
1 0.70625 0.61328125 0.0234375 0.0421875
1 0.6625 0.62421875 0.03125 0.04765625
1 0.06875 0.62421875 0.0328125 0.0421875
1 0.0296875 0.5890625 0.0234375 0.03359375
1 0.0390625 0.57109375 0.01640625 0.025
1 0.009375 0.57109375 0.01484375 0.01953125
1 0.08671875 0.59609375 0.02734375 0.0359375
1 0.1984375 0.6171875 0.02578125 0.0390625
1 0.2328125 0.6171875 0.02890625 0.03359375
1 0.2328125 0.58359375 0.021875 0.028125
1 0.25234375 0.58359375 0.01484375 0.028125
1 0.2703125 0.58671875 0.01640625 0.028125
1 0.2890625 0.58125 0.01796875 0.028125
1 0.61015625 0.58828125 0.0203125 0.0359375
1 0.5890625 0.59609375 0.01796875 0.0359375
1 0.55078125 0.5921875 0.02578125 0.028125
1 0.53359375 0.5796875 0.01640625 0.01953125
1 0.64609375 0.57578125 0.01640625 0.028125