1 0.1890625 0.54609375 0.12421875 0.225
1 0.09296875 0.4171875 0.08046875 0.14375
1 0.07578125 0.32421875 0.07109375 0.09375
1 0.2015625 0.35 0.0578125 0.08515625
1 0.2328125 0.29921875 0.04140625 0.05859375
1 0.30625 0.3234375 0.05078125 0.075
1 0.303125 0.4046875 0.06953125 0.125
1 0.41875 0.38203125 0.05390625 0.10390625
1 0.47734375 0.45703125 0.0953125 0.17890625
1 0.4125 0.2734375 0.03203125 0.07109375
1 0.446875 0.28359375 0.03203125 0.0578125
1 0.48828125 0.32578125 0.0375 0.0640625
1 0.5171875 0.2859375 0.03203125 0.0546875
1 0.55546875 0.3140625 0.034375 0.06875
1 0.6375 0.4265625 0.08203125 0.1375
1 0.621875 0.33671875 0.03984375 0.07109375
1 0.6296875 0.29765625 0.03203125 0.05
1 0.6875 0.33515625 0.03984375 0.0703125
1 0.75546875 0.3203125 0.03046875 0.06640625
1 0.7984375 0.328125 0.0375 0.0640625
1 0.8390625 0.3875 0.0578125 0.0953125
1 0.90078125 0.38515625 0.05859375 0.1078125