1 0.21015625 0.36015625 0.040625 0.0796875
1 0.33046875 0.1921875 0.015625 0.0328125
1 0.32890625 0.22734375 0.01875 0.03671875
1 0.3515625 0.20859375 0.01484375 0.03125
1 0.4125 0.21015625 0.0125 0.028125
1 0.42109375 0.18125 0.015625 0.03515625
1 0.44296875 0.159375 0.0109375 0.02578125
1 0.4640625 0.1484375 0.01015625 0.0296875
1 0.471875 0.1375 0.01171875 0.028125
1 0.51328125 0.121875 0.01015625 0.02421875
1 0.5015625 0.14609375 0.01171875 0.02421875
1 0.55234375 0.12734375 0.01015625 0.02421875
1 0.5921875 0.121875 0.0109375 0.03515625
1 0.6109375 0.10703125 0.01171875 0.02578125
1 0.6046875 0.13515625 0.02578125 0.04375
1 0.565625 0.1515625 0.0140625 0.03125
1 0.5484375 0.19375 0.01640625 0.03984375
1 0.45625 0.2078125 0.021875 0.03671875
1 0.4875 0.221875 0.01796875 0.0328125
1 0.578125 0.2390625 0.021875 0.04375
1 0.63203125 0.153125 0.0125 0.03515625
1 0.64140625 0.125 0.01171875 0.02421875
1 0.64453125 0.11328125 0.0125 0.028125
1 0.6640625 0.11796875 0.00859375 0.02421875
1 0.68671875 0.128125 0.01875 0.0296875
1 0.69921875 0.13203125 0.015625 0.04140625
1 0.625 0.2109375 0.021875 0.046875
1 0.51953125 0.28125 0.02578125 0.05078125
1 0.5921875 0.315625 0.03359375 0.0640625
1 0.6640625 0.33359375 0.03671875 0.06640625
1 0.63671875 0.2515625 0.0203125 0.03984375
1 0.65703125 0.2921875 0.02265625 0.03515625
1 0.66484375 0.22890625 0.01875 0.03984375
1 0.6703125 0.1828125 0.01953125 0.03515625
1 0.70390625 0.203125 0.01953125 0.03828125
1 0.709375 0.16328125 0.028125 0.05546875
1 0.740625 0.18125 0.01640625 0.04140625
1 0.75546875 0.13203125 0.01640625 0.03515625
1 0.7671875 0.1546875 0.01796875 0.03828125
1 0.77890625 0.14375 0.0203125 0.03984375
1 0.721875 0.24609375 0.02265625 0.05390625
1 0.72421875 0.37421875 0.034375 0.06953125
1 0.81953125 0.3609375 0.0265625 0.046875
1 0.80078125 0.28125 0.021875 0.046875
1 0.7921875 0.2140625 0.01875 0.03515625
1 0.7984375 0.1703125 0.0140625 0.03828125
1 0.83046875 0.1828125 0.01484375 0.02421875
1 0.84375 0.16015625 0.01171875 0.028125
1 0.8765625 0.1625 0.01640625 0.03671875
1 0.9140625 0.17265625 0.0125 0.0328125
1 0.92109375 0.175 0.01171875 0.0296875
1 0.94609375 0.18359375 0.0109375 0.0328125
1 0.84453125 0.22109375 0.01484375 0.03515625
1 0.83515625 0.30625 0.0234375 0.05234375
1 0.878125 0.2640625 0.0234375 0.0453125
1 0.8828125 0.225 0.01640625 0.0328125
1 0.91796875 0.2484375 0.01640625 0.04140625
1 0.934375 0.24296875 0.01640625 0.046875
1 0.9515625 0.225 0.01640625 0.03984375
1 0.92734375 0.290625 0.02421875 0.04140625
1 0.91171875 0.34140625 0.02265625 0.05703125
1 0.896875 0.43515625 0.028125 0.0765625
1 0.86796875 0.19453125 0.0140625 0.03515625
1 0.81328125 0.1984375 0.0140625 0.03515625
1 0.5140625 0.1625 0.0125 0.02578125
1 0.53359375 0.15859375 0.015625 0.028125
1 0.5875 0.17421875 0.01875 0.03828125
1 0.6 0.14921875 0.015625 0.03515625
1 0.509375 0.13984375 0.01171875 0.01875
1 0.52421875 0.1296875 0.0125 0.0296875
1 0.77890625 0.18984375 0.01796875 0.03828125
1 0.84921875 0.19140625 0.01875 0.03828125