1 0.1265625 0.51796875 0.04375 0.08046875
1 0.221875 0.334375 0.01796875 0.03828125
1 0.25390625 0.34609375 0.021875 0.03828125
1 0.28671875 0.29453125 0.01953125 0.03125
1 0.33203125 0.3421875 0.021875 0.04765625
1 0.35 0.32421875 0.01328125 0.03125
1 0.34921875 0.2921875 0.015625 0.03515625
1 0.38671875 0.25625 0.01484375 0.028125
1 0.41328125 0.2609375 0.01484375 0.028125
1 0.4234375 0.25390625 0.0140625 0.025
1 0.4015625 0.29375 0.01484375 0.0296875
1 0.40625 0.32578125 0.021875 0.040625
1 0.44765625 0.334375 0.0203125 0.03828125
1 0.471875 0.303125 0.01875 0.03359375
1 0.44296875 0.25859375 0.01484375 0.03515625
1 0.4625 0.23984375 0.0140625 0.0265625
1 0.46796875 0.23203125 0.01328125 0.025
1 0.471875 0.2609375 0.015625 0.0296875
1 0.50546875 0.2609375 0.0125 0.028125
1 0.5125 0.25078125 0.01171875 0.025
1 0.52890625 0.275 0.01796875 0.03359375
1 0.54453125 0.25234375 0.0125 0.03125
1 0.503125 0.32421875 0.01953125 0.03671875
1 0.47890625 0.396875 0.03203125 0.04765625
1 0.5390625 0.353125 0.0203125 0.0546875
1 0.55546875 0.27421875 0.0140625 0.0296875
1 0.55625 0.225 0.0125 0.0265625
1 0.56953125 0.21484375 0.01015625 0.01796875
1 0.57421875 0.23203125 0.0140625 0.0296875
1 0.57734375 0.26015625 0.01484375 0.0296875
1 0.60234375 0.24765625 0.0109375 0.025
1 0.6046875 0.22578125 0.0109375 0.0265625
1 0.61015625 0.20546875 0.01484375 0.025
1 0.60234375 0.3234375 0.02109375 0.04609375
1 0.5390625 0.425 0.03125 0.0609375
1 0.584375 0.45078125 0.0328125 0.0734375
1 0.6375 0.46015625 0.034375 0.06328125
1 0.6140625 0.36171875 0.02265625 0.0453125
1 0.6625 0.35859375 0.0296875 0.04609375
1 0.6515625 0.3390625 0.02109375 0.0421875
1 0.63515625 0.2984375 0.0171875 0.028125
1 0.63828125 0.2484375 0.0140625 0.0296875
1 0.67578125 0.20703125 0.009375 0.025
1 0.678125 0.2265625 0.01171875 0.025
1 0.6875 0.2234375 0.01171875 0.0265625
1 0.67421875 0.26875 0.0171875 0.03359375
1 0.7109375 0.2484375 0.015625 0.03828125
1 0.68125 0.31015625 0.01875 0.0453125
1 0.69453125 0.35390625 0.02265625 0.04921875
1 0.725 0.390625 0.02421875 0.05234375
1 0.7390625 0.246875 0.0171875 0.03203125
1 0.7515625 0.2359375 0.0140625 0.0265625
1 0.7859375 0.27734375 0.015625 0.0390625
1 0.77734375 0.2625 0.0140625 0.0265625
1 0.7921875 0.25859375 0.0140625 0.0296875
1 0.78671875 0.2359375 0.01484375 0.03515625
1 0.81796875 0.23984375 0.0125 0.0265625
1 0.82890625 0.2625 0.01796875 0.03515625
1 0.81640625 0.28984375 0.01953125 0.03359375
1 0.81953125 0.3515625 0.01953125 0.04921875
1 0.81796875 0.334375 0.01875 0.03203125
1 0.8546875 0.2546875 0.0125 0.02265625
1 0.86328125 0.26640625 0.01484375 0.03671875
1 0.8890625 0.253125 0.01171875 0.0296875
1 0.85546875 0.3171875 0.0171875 0.0390625
1 0.878125 0.33046875 0.01796875 0.04375
1 0.8984375 0.315625 0.0140625 0.03359375
1 0.9078125 0.2859375 0.0140625 0.03671875
1 0.94296875 0.30390625 0.0171875 0.03359375
1 0.9484375 0.28125 0.01328125 0.0265625
1 0.928125 0.31796875 0.01875 0.03125
1 0.9375 0.39921875 0.01875 0.04609375
1 0.85703125 0.40078125 0.0234375 0.04921875
1 0.9328125 0.46328125 0.03515625 0.06171875
1 0.790625 0.41953125 0.02265625 0.06171875
1 0.8484375 0.46171875 0.028125 0.05625
1 0.7046875 0.53125 0.03984375 0.07578125
1 0.81796875 0.50546875 0.0375 0.0703125
1 0.275 0.378125 0.02109375 0.03203125
1 0.7078125 0.29609375 0.021875 0.03828125
1 0.6421875 0.2234375 0.0125 0.0296875