1 0.01953125 0.61484375 0.03203125 0.103125
1 0.07578125 0.84609375 0.1484375 0.3078125
1 0.16015625 0.6203125 0.0765625 0.146875
1 0.1125 0.51796875 0.03515625 0.08984375
1 0.21328125 0.5453125 0.05 0.11015625
1 0.290625 0.48984375 0.028125 0.0734375
1 0.33984375 0.53828125 0.06015625 0.1234375
1 0.39296875 0.49296875 0.0296875 0.06015625
1 0.41796875 0.48203125 0.03359375 0.0765625
1 0.56171875 0.496875 0.03359375 0.0796875
1 0.6609375 0.4796875 0.03515625 0.0796875
1 0.7390625 0.475 0.03828125 0.08359375
1 0.9140625 0.5234375 0.075 0.153125