1 0.05 0.37265625 0.01875 0.04140625
1 0.24921875 0.2578125 0.01171875 0.0234375
1 0.26953125 0.2671875 0.01484375 0.021875
1 0.2921875 0.26015625 0.015625 0.034375
1 0.31640625 0.26171875 0.0140625 0.03828125
1 0.33046875 0.2703125 0.015625 0.034375
1 0.3203125 0.21796875 0.01484375 0.0265625
1 0.34921875 0.23046875 0.01640625 0.028125
1 0.3515625 0.20546875 0.0140625 0.021875
1 0.36484375 0.1953125 0.01328125 0.0234375
1 0.38203125 0.1890625 0.01171875 0.03125
1 0.396875 0.19765625 0.015625 0.028125
1 0.38125 0.23359375 0.01484375 0.03125
1 0.36171875 0.27421875 0.01796875 0.03671875
1 0.39296875 0.2859375 0.02265625 0.03984375
1 0.43203125 0.234375 0.01875 0.03671875
1 0.4421875 0.190625 0.01328125 0.028125
1 0.45859375 0.2 0.01484375 0.0265625
1 0.46796875 0.2328125 0.01875 0.0328125
1 0.48125 0.19453125 0.01875 0.034375
1 0.45859375 0.1453125 0.01328125 0.01953125
1 0.49140625 0.16953125 0.01328125 0.03125
1 0.48046875 0.1375 0.01015625 0.01953125
1 0.5203125 0.2078125 0.015625 0.03828125
1 0.52890625 0.16796875 0.0140625 0.028125
1 0.56015625 0.17421875 0.01640625 0.03125
1 0.56015625 0.1265625 0.0109375 0.025
1 0.5765625 0.1421875 0.0109375 0.0265625
1 0.58828125 0.1203125 0.01015625 0.0234375
1 0.6078125 0.11875 0.01015625 0.0234375
1 0.60703125 0.1453125 0.0109375 0.0234375
1 0.63359375 0.1421875 0.0109375 0.0265625
1 0.63203125 0.11796875 0.009375 0.01796875
1 0.671875 0.11875 0.01328125 0.0265625
1 0.48359375 0.30078125 0.025 0.04921875
1 0.56171875 0.290625 0.02421875 0.053125
1 0.56875 0.2234375 0.0234375 0.05625
1 0.6171875 0.24296875 0.01796875 0.04296875
1 0.6296875 0.2015625 0.01328125 0.0296875
1 0.646875 0.215625 0.0203125 0.04453125
1 0.65625 0.265625 0.0203125 0.04453125
1 0.61796875 0.32265625 0.034375 0.04921875
1 0.68046875 0.1921875 0.01484375 0.028125
1 0.67578125 0.15546875 0.01328125 0.0265625
1 0.703125 0.153125 0.01328125 0.025
1 0.7234375 0.1859375 0.01640625 0.034375
1 0.69609375 0.234375 0.01640625 0.0328125
1 0.71328125 0.29140625 0.0203125 0.04453125
1 0.75234375 0.225 0.015625 0.04609375
1 0.753125 0.17109375 0.015625 0.028125
1 0.740625 0.14453125 0.0140625 0.03125
1 0.75703125 0.13359375 0.0140625 0.0265625
1 0.77890625 0.1453125 0.01328125 0.0296875
1 0.7984375 0.13125 0.01015625 0.025
1 0.82578125 0.14609375 0.01171875 0.03125
1 0.80625 0.1828125 0.01484375 0.034375
1 0.77265625 0.2046875 0.01640625 0.03984375
1 0.82109375 0.21875 0.015625 0.034375
1 0.7640625 0.296875 0.0234375 0.04765625
1 0.8359375 0.3109375 0.025 0.053125
1 0.84921875 0.26015625 0.02109375 0.04453125
1 0.9296875 0.26796875 0.0203125 0.053125
1 0.9140625 0.24453125 0.01796875 0.053125
1 0.89453125 0.19609375 0.01796875 0.034375
1 0.8828125 0.17265625 0.01171875 0.021875
1 0.8828125 0.15390625 0.0109375 0.0234375
1 0.840625 0.18671875 0.015625 0.0328125
1 0.846875 0.16484375 0.0140625 0.025