1 0.159375 0.64453125 0.09765625 0.15546875
1 0.284375 0.478125 0.0609375 0.0953125
1 0.4390625 0.58828125 0.1078125 0.14765625
1 0.78671875 0.70859375 0.17734375 0.2140625
1 0.6734375 0.48671875 0.0765625 0.103125
1 0.859375 0.4125 0.08515625 0.1171875
1 0.81328125 0.38515625 0.046875 0.06796875
1 0.78203125 0.35703125 0.0375 0.05078125
1 0.715625 0.37578125 0.04453125 0.04921875
1 0.6625 0.38671875 0.04296875 0.06171875
1 0.64296875 0.44140625 0.04609375 0.06640625
1 0.61328125 0.440625 0.0359375 0.05859375
1 0.60546875 0.4 0.034375 0.05078125
1 0.5359375 0.4328125 0.05234375 0.078125
1 0.50546875 0.4234375 0.03359375 0.06328125
1 0.39140625 0.44609375 0.04609375 0.05703125
1 0.41171875 0.41171875 0.03828125 0.04921875
1 0.48046875 0.4015625 0.02578125 0.04765625
1 0.34296875 0.42890625 0.03984375 0.06015625
1 0.29296875 0.39140625 0.0296875 0.03359375
1 0.253125 0.42421875 0.03828125 0.03984375
1 0.20703125 0.41328125 0.0359375 0.03984375
1 0.1546875 0.41875 0.0375 0.04765625
1 0.07578125 0.43828125 0.03828125 0.05078125
1 0.1203125 0.4015625 0.02265625 0.03203125
1 0.0984375 0.39296875 0.02109375 0.02734375
1 0.06171875 0.41015625 0.025 0.0234375
1 0.04921875 0.40546875 0.02109375 0.0234375
1 0.1796875 0.38828125 0.02265625 0.02734375
1 0.3203125 0.3859375 0.0234375 0.03203125
1 0.35390625 0.38515625 0.02734375 0.04296875
1 0.409375 0.36484375 0.02578125 0.03828125
1 0.38125 0.359375 0.0171875 0.02734375
1 0.36953125 0.36875 0.01875 0.03046875
1 0.45859375 0.36328125 0.0234375 0.03203125
1 0.13828125 0.3890625 0.01640625 0.021875
1 0.15703125 0.38515625 0.0171875 0.0234375
1 0.140625 0.31015625 0.01640625 0.0203125
1 0.2421875 0.38828125 0.02109375 0.03046875
1 0.23046875 0.37890625 0.01953125 0.0234375
1 0.259375 0.37890625 0.02109375 0.03046875
1 0.28984375 0.37109375 0.0171875 0.02890625
1 0.30625 0.36796875 0.01328125 0.021875
1 0.33359375 0.36875 0.01328125 0.0234375
1 0.45859375 0.3484375 0.0234375 0.0234375
1 0.48671875 0.34140625 0.02109375 0.02578125
1 0.5046875 0.35625 0.02265625 0.03046875
1 0.49296875 0.35625 0.01875 0.02734375
1 0.21484375 0.39140625 0.02109375 0.0234375
1 0.5484375 0.3515625 0.025 0.03046875
1 0.59765625 0.37109375 0.03203125 0.03515625
1 0.5296875 0.334375 0.01484375 0.0234375
1 0.5640625 0.33203125 0.01484375 0.02578125
1 0.60703125 0.3328125 0.01640625 0.0203125
1 0.58515625 0.33359375 0.02265625 0.021875
1 0.67109375 0.35546875 0.02109375 0.03515625
1 0.65078125 0.3234375 0.01953125 0.02890625
1 0.634375 0.32421875 0.01328125 0.0203125
1 0.68359375 0.32578125 0.02109375 0.02890625
1 0.70703125 0.334375 0.02578125 0.03359375
1 0.7421875 0.3203125 0.0234375 0.03203125
1 0.7203125 0.31796875 0.01953125 0.02734375
1 0.7609375 0.31640625 0.01953125 0.02734375
1 0.7953125 0.31796875 0.01875 0.02734375
1 0.8203125 0.30625 0.01640625 0.02578125
1 0.82578125 0.278125 0.02734375 0.03203125
1 0.89453125 0.29921875 0.01875 0.02734375