1 0.05546875 0.65703125 0.06171875 0.0765625
1 0.021875 0.546875 0.028125 0.0390625
1 0.1859375 0.7625 0.0703125 0.0921875
1 0.12578125 0.6328125 0.0484375 0.0546875
1 0.22578125 0.62109375 0.040625 0.05703125
1 0.2234375 0.671875 0.05078125 0.06015625
1 0.25703125 0.665625 0.0484375 0.06875
1 0.3546875 0.74453125 0.06953125 0.09609375
1 0.365625 0.69296875 0.06171875 0.0625
1 0.3609375 0.65 0.05 0.05859375
1 0.509375 0.6953125 0.0546875 0.08828125
1 0.47421875 0.615625 0.0359375 0.053125
1 0.5203125 0.6390625 0.0375 0.05625
1 0.5484375 0.62265625 0.03203125 0.04921875
1 0.5953125 0.6484375 0.0453125 0.06015625
1 0.590625 0.77109375 0.06953125 0.09609375
1 0.63984375 0.77734375 0.053125 0.08359375
1 0.61953125 0.91484375 0.121875 0.1546875
1 0.86875 0.8953125 0.1140625 0.1421875
1 0.65625 0.67109375 0.0546875 0.0765625
1 0.9453125 0.490625 0.01953125 0.0390625