1 0.059375 0.6 0.10859375 0.21484375
1 0.221875 0.6796875 0.1296875 0.21484375
1 0.1796875 0.4765625 0.053125 0.0921875
1 0.41484375 0.4515625 0.06015625 0.1125
1 0.18203125 0.53984375 0.0703125 0.08515625
1 0.44609375 0.62109375 0.1015625 0.17734375
1 0.384375 0.84375 0.18203125 0.27734375
1 0.5015625 0.25625 0.0296875 0.0671875
1 0.49140625 0.4546875 0.06640625 0.1203125
1 0.5765625 0.44609375 0.05703125 0.1171875
1 0.63203125 0.4265625 0.0703125 0.12265625
1 0.65 0.6578125 0.1265625 0.18515625
1 0.8015625 0.7125 0.13984375 0.23984375
1 0.77421875 0.48515625 0.06171875 0.08984375
1 0.84140625 0.47265625 0.0703125 0.1296875
1 0.9109375 0.45625 0.04140625 0.07734375