1 0.7265625 0.1125 0.05703125 0.08984375
1 0.54140625 0.65546875 0.08671875 0.153125
1 0.46796875 0.56640625 0.0765625 0.115625
1 0.44453125 0.5125 0.0546875 0.09296875
1 0.409375 0.46484375 0.06171875 0.0875
1 0.3734375 0.42578125 0.05 0.08046875
1 0.3328125 0.4046875 0.04140625 0.07265625
1 0.37578125 0.36484375 0.0484375 0.0578125
1 0.334375 0.33359375 0.03515625 0.06015625
1 0.371875 0.2921875 0.0296875 0.0578125
1 0.18671875 0.30703125 0.04296875 0.0625
1 0.1984375 0.28671875 0.0296875 0.05234375
1 0.14296875 0.3671875 0.046875 0.06796875
1 0.1328125 0.328125 0.04140625 0.05
1 0.0765625 0.43828125 0.06328125 0.1
1 0.08359375 0.38984375 0.06015625 0.07734375
1 0.04765625 0.53671875 0.09140625 0.11015625
1 0.02734375 0.4609375 0.0515625 0.1
1 0.03203125 0.65390625 0.05703125 0.11015625
1 0.06171875 0.76953125 0.11328125 0.1703125