1 0.19765625 0.41015625 0.05703125 0.10390625
1 0.2765625 0.25546875 0.01484375 0.028125
1 0.29453125 0.2453125 0.01484375 0.03984375
1 0.30625 0.25234375 0.01640625 0.0375
1 0.37578125 0.2765625 0.01796875 0.0328125
1 0.35625 0.2609375 0.009375 0.034375
1 0.38515625 0.18125 0.01796875 0.0359375
1 0.40546875 0.18671875 0.0140625 0.025
1 0.4171875 0.17578125 0.01875 0.0359375
1 0.425 0.1609375 0.0140625 0.0265625
1 0.44375 0.22265625 0.02265625 0.0375
1 0.45078125 0.18515625 0.02109375 0.0375
1 0.47109375 0.140625 0.01328125 0.03125
1 0.47265625 0.18671875 0.02265625 0.04140625
1 0.47265625 0.22109375 0.015625 0.0375
1 0.48671875 0.14453125 0.0203125 0.0359375
1 0.4921875 0.171875 0.0140625 0.03125
1 0.50234375 0.18671875 0.01953125 0.04140625
1 0.52421875 0.19453125 0.02578125 0.04453125
1 0.51640625 0.16015625 0.01875 0.0375
1 0.5171875 0.13515625 0.0140625 0.0296875
1 0.528125 0.13125 0.02265625 0.0328125
1 0.5421875 0.17265625 0.01640625 0.0359375
1 0.56640625 0.16875 0.01640625 0.028125
1 0.54609375 0.1265625 0.0140625 0.0296875
1 0.56015625 0.12578125 0.015625 0.028125
1 0.57890625 0.13828125 0.01953125 0.03984375
1 0.50859375 0.2984375 0.0328125 0.04765625
1 0.59765625 0.10546875 0.0140625 0.0265625
1 0.61640625 0.09921875 0.01328125 0.02109375
1 0.63828125 0.10703125 0.01953125 0.0359375
1 0.61328125 0.14609375 0.01328125 0.02265625
1 0.65859375 0.11328125 0.0109375 0.03984375
1 0.659375 0.13984375 0.0234375 0.03984375
1 0.6296875 0.20390625 0.02265625 0.0359375
1 0.57109375 0.2390625 0.01953125 0.034375
1 0.5640625 0.2953125 0.03046875 0.04140625
1 0.63046875 0.29453125 0.02734375 0.05234375
1 0.62734375 0.24609375 0.025 0.04140625
1 0.65703125 0.215625 0.02109375 0.03984375
1 0.7046875 0.09609375 0.0109375 0.028125
1 0.70078125 0.1734375 0.02734375 0.04453125
1 0.69765625 0.234375 0.025 0.04453125
1 0.7203125 0.16328125 0.02265625 0.04453125
1 0.72734375 0.2046875 0.02265625 0.034375
1 0.72578125 0.25078125 0.025 0.05078125
1 0.7046875 0.3078125 0.034375 0.05234375
1 0.74453125 0.11953125 0.0140625 0.03125
1 0.76328125 0.1359375 0.01875 0.04140625
1 0.7515625 0.21640625 0.02109375 0.0578125
1 0.74140625 0.3703125 0.0421875 0.07578125
1 0.78984375 0.26640625 0.0296875 0.059375
1 0.78203125 0.196875 0.025 0.05078125
1 0.7828125 0.140625 0.01953125 0.04453125
1 0.8046875 0.14453125 0.01953125 0.03984375
1 0.81328125 0.3296875 0.0328125 0.0640625
1 0.85 0.284375 0.02421875 0.04609375
1 0.8140625 0.24921875 0.02734375 0.04140625
1 0.83359375 0.19609375 0.02421875 0.04609375
1 0.83359375 0.14765625 0.015625 0.0359375
1 0.8375 0.12578125 0.01171875 0.03125
1 0.86484375 0.125 0.01171875 0.0265625
1 0.85859375 0.146875 0.01484375 0.028125
1 0.8953125 0.1421875 0.01015625 0.025
1 0.878125 0.19765625 0.01953125 0.0328125
1 0.8640625 0.25703125 0.02265625 0.05390625
1 0.88828125 0.36484375 0.03359375 0.06875
1 0.91015625 0.28984375 0.02109375 0.04921875
1 0.91484375 0.2453125 0.015625 0.0296875
1 0.92578125 0.19921875 0.01328125 0.04296875
1 0.928125 0.159375 0.0109375 0.01953125
1 0.65546875 0.16796875 0.028125 0.04609375
1 0.37421875 0.24765625 0.01640625 0.03125