1 0.0375 0.40859375 0.05703125 0.12421875
1 0.078125 0.5171875 0.06171875 0.1453125
1 0.13046875 0.559375 0.0765625 0.16171875
1 0.19765625 0.653125 0.11953125 0.228125
1 0.22578125 0.734375 0.12421875 0.19140625
1 0.2625 0.4171875 0.06640625 0.09609375
1 0.31875 0.496875 0.07890625 0.13515625
1 0.38515625 0.51484375 0.06796875 0.1140625
1 0.4328125 0.1640625 0.0671875 0.16015625
1 0.5609375 0.43203125 0.05546875 0.1171875
1 0.65703125 0.725 0.12734375 0.253125
1 0.66015625 0.48828125 0.1 0.18828125
1 0.6890625 0.41953125 0.05859375 0.12109375
1 0.73984375 0.3890625 0.0578125 0.1203125
1 0.79140625 0.40703125 0.05078125 0.09921875
1 0.78984375 0.51484375 0.0828125 0.13515625
1 0.93046875 0.43046875 0.08203125 0.15859375
1 0.9640625 0.3828125 0.0625 0.1109375