1 0.20390625 0.446875 0.0453125 0.084375
1 0.33828125 0.21328125 0.015625 0.03515625
1 0.32734375 0.2125 0.0125 0.03125
1 0.27421875 0.25703125 0.01484375 0.03125
1 0.2640625 0.25859375 0.0109375 0.025
1 0.2921875 0.2640625 0.01796875 0.03515625
1 0.309375 0.278125 0.01328125 0.03359375
1 0.31953125 0.28515625 0.0203125 0.03515625
1 0.3734375 0.25703125 0.01796875 0.0421875
1 0.39140625 0.27890625 0.02109375 0.04609375
1 0.39375 0.22578125 0.01953125 0.03828125
1 0.40234375 0.18984375 0.015625 0.03359375
1 0.4171875 0.1765625 0.0140625 0.0296875
1 0.43984375 0.15390625 0.01328125 0.0265625
1 0.4484375 0.16953125 0.015625 0.0296875
1 0.45625 0.14375 0.01328125 0.028125
1 0.48046875 0.13828125 0.01328125 0.0296875
1 0.48671875 0.128125 0.009375 0.02265625
1 0.51171875 0.1265625 0.01328125 0.02265625
1 0.51015625 0.1453125 0.015625 0.0296875
1 0.4703125 0.196875 0.01171875 0.03359375
1 0.5015625 0.190625 0.0171875 0.03515625
1 0.43828125 0.215625 0.01640625 0.03828125
1 0.46171875 0.22890625 0.02109375 0.04609375
1 0.53671875 0.1859375 0.01640625 0.03671875
1 0.55078125 0.15859375 0.0125 0.028125
1 0.56640625 0.1640625 0.01640625 0.040625
1 0.56015625 0.13203125 0.01328125 0.03125
1 0.58046875 0.10859375 0.01171875 0.025
1 0.57890625 0.1484375 0.0125 0.03828125
1 0.60390625 0.1203125 0.01171875 0.0265625
1 0.61015625 0.14140625 0.0140625 0.03515625
1 0.6375 0.115625 0.0140625 0.025
1 0.65703125 0.1140625 0.0140625 0.028125
1 0.64453125 0.165625 0.0171875 0.0421875
1 0.68359375 0.15546875 0.01328125 0.03203125
1 0.690625 0.18046875 0.01640625 0.04609375
1 0.64765625 0.221875 0.01875 0.053125
1 0.603125 0.21484375 0.021875 0.04765625
1 0.56640625 0.2578125 0.02578125 0.0578125
1 0.53125 0.30859375 0.0296875 0.0546875
1 0.4921875 0.31328125 0.02734375 0.04765625
1 0.64765625 0.2625 0.02421875 0.0546875
1 0.71640625 0.1546875 0.01640625 0.03671875
1 0.7375 0.14453125 0.01328125 0.03515625
1 0.75859375 0.13125 0.0140625 0.0296875
1 0.7484375 0.16171875 0.01796875 0.03359375
1 0.72890625 0.18671875 0.02109375 0.0390625
1 0.7125 0.2171875 0.0203125 0.03828125
1 0.69453125 0.3140625 0.0328125 0.07734375
1 0.71796875 0.29140625 0.02109375 0.06171875
1 0.75 0.21640625 0.01875 0.0390625
1 0.77265625 0.21015625 0.01796875 0.03203125
1 0.78203125 0.15546875 0.01171875 0.03515625
1 0.79765625 0.13984375 0.0140625 0.03203125
1 0.815625 0.153125 0.01484375 0.03359375
1 0.79921875 0.1765625 0.01640625 0.03828125
1 0.83125 0.14453125 0.0125 0.03125
1 0.8578125 0.14296875 0.015625 0.03515625
1 0.8359375 0.1875 0.015625 0.040625
1 0.81484375 0.209375 0.01484375 0.03671875
1 0.8234375 0.2265625 0.01875 0.0453125
1 0.7828125 0.28515625 0.02578125 0.0546875
1 0.75234375 0.3390625 0.02890625 0.0734375
1 0.87265625 0.19375 0.015625 0.040625
1 0.86875 0.21484375 0.01484375 0.0421875
1 0.853125 0.2234375 0.01953125 0.05078125
1 0.9 0.26484375 0.0203125 0.05234375
1 0.85390625 0.3046875 0.02578125 0.06015625