1 0.43125 0.7296875 0.06484375 0.13984375
1 0.57421875 0.696875 0.06640625 0.11796875
1 0.60234375 0.56015625 0.0375 0.0890625
1 0.4203125 0.56640625 0.0453125 0.09765625
1 0.3421875 0.52421875 0.03515625 0.07578125
1 0.29140625 0.4875 0.0296875 0.06015625
1 0.25234375 0.52421875 0.03984375 0.07578125
1 0.259375 0.44140625 0.0265625 0.05078125
1 0.2171875 0.41796875 0.0234375 0.04921875
1 0.16875 0.434375 0.0296875 0.05078125
1 0.1671875 0.3796875 0.0171875 0.0359375
1 0.1328125 0.38984375 0.025 0.0421875
1 0.1390625 0.35 0.01640625 0.02890625
1 0.115625 0.35703125 0.01875 0.046875
1 0.12109375 0.33125 0.0125 0.03125
1 0.0921875 0.33984375 0.0171875 0.0359375
1 0.08359375 0.32109375 0.0125 0.02421875
1 0.1015625 0.3140625 0.0125 0.02421875
1 0.08828125 0.253125 0.0109375 0.01796875
1 0.6921875 0.5734375 0.0328125 0.06640625
1 0.8578125 0.6234375 0.05 0.1
1 0.8421875 0.56015625 0.0375 0.06640625
1 0.90390625 0.5296875 0.0296875 0.06015625
1 0.90390625 0.478125 0.0296875 0.0578125
1 0.9265625 0.45703125 0.02109375 0.05078125
1 0.91640625 0.4296875 0.02265625 0.0421875
1 0.9890625 0.47578125 0.0203125 0.0625
1 0.8875 0.415625 0.0171875 0.03984375
1 0.8234375 0.46015625 0.02109375 0.053125
1 0.75703125 0.48125 0.03125 0.05078125
1 0.68046875 0.49140625 0.03125 0.053125
1 0.6609375 0.4609375 0.02265625 0.046875
1 0.61953125 0.4703125 0.0234375 0.05078125
1 0.5734375 0.50078125 0.02734375 0.0640625
1 0.49921875 0.46328125 0.0265625 0.05078125
1 0.425 0.4609375 0.025 0.06015625
1 0.4296875 0.4234375 0.02265625 0.046875
1 0.39296875 0.40859375 0.0234375 0.04453125
1 0.3421875 0.40703125 0.0203125 0.03984375
1 0.34609375 0.384375 0.0203125 0.04453125
1 0.3171875 0.371875 0.01640625 0.02890625
1 0.3203125 0.34921875 0.01640625 0.021875
1 0.2859375 0.3578125 0.0109375 0.021875
1 0.27109375 0.36640625 0.0171875 0.03125
1 0.3921875 0.32890625 0.01875 0.0359375
1 0.4109375 0.3796875 0.01640625 0.03984375
1 0.4359375 0.37890625 0.0140625 0.03359375
1 0.48984375 0.40859375 0.02265625 0.04453125
1 0.48359375 0.38984375 0.01484375 0.03359375
1 0.50625 0.38984375 0.0171875 0.0375
1 0.52421875 0.39765625 0.01640625 0.03125
1 0.5328125 0.428125 0.02265625 0.046875
1 0.5890625 0.4296875 0.0203125 0.0421875
1 0.584375 0.3875 0.01640625 0.0375
1 0.5453125 0.3890625 0.0140625 0.0359375
1 0.62109375 0.421875 0.0203125 0.03984375
1 0.64453125 0.37421875 0.0140625 0.02890625
1 0.65703125 0.41640625 0.02109375 0.0421875
1 0.66484375 0.3765625 0.0171875 0.03359375
1 0.690625 0.39921875 0.01875 0.0375
1 0.7171875 0.4234375 0.02109375 0.0375
1 0.74296875 0.38359375 0.01640625 0.0375
1 0.7625 0.446875 0.02265625 0.04921875
1 0.75390625 0.428125 0.0171875 0.0421875
1 0.7765625 0.3875 0.01875 0.0375
1 0.79453125 0.4296875 0.01875 0.0421875
1 0.8125 0.40703125 0.0171875 0.0359375
1 0.83359375 0.39765625 0.0171875 0.0359375
1 0.8328125 0.43671875 0.0140625 0.02890625