1 0.0625 0.3953125 0.05859375 0.1046875
1 0.10078125 0.3453125 0.0453125 0.0953125
1 0.0203125 0.3609375 0.03359375 0.0921875
1 0.0546875 0.3421875 0.04296875 0.0796875
1 0.1609375 0.4109375 0.0484375 0.07734375
1 0.18515625 0.34609375 0.046875 0.09765625
1 0.23671875 0.42265625 0.06640625 0.1046875
1 0.234375 0.35390625 0.04140625 0.07734375
1 0.29609375 0.38359375 0.0453125 0.0828125
1 0.334375 0.38984375 0.0484375 0.1046875
1 0.37421875 0.3578125 0.0484375 0.1
1 0.2921875 0.33359375 0.0484375 0.07265625
1 0.52734375 0.3296875 0.03828125 0.0703125
1 0.5875 0.3546875 0.03828125 0.06015625
1 0.6453125 0.34765625 0.046875 0.08984375
1 0.73828125 0.35625 0.05 0.0875
1 0.81640625 0.35859375 0.046875 0.0828125
1 0.88203125 0.3546875 0.03984375 0.075
1 0.93671875 0.36875 0.05 0.0875
1 0.8 0.3328125 0.03671875 0.06015625