1 0.06640625 0.4 0.03125 0.075
1 0.2609375 0.27890625 0.01484375 0.0265625
1 0.27421875 0.26953125 0.01796875 0.03203125
1 0.2984375 0.2515625 0.0171875 0.03515625
1 0.31953125 0.215625 0.01640625 0.03359375
1 0.346875 0.26328125 0.0140625 0.03203125
1 0.33671875 0.2546875 0.01484375 0.028125
1 0.35625 0.20859375 0.01640625 0.03359375
1 0.375 0.2078125 0.0140625 0.03203125
1 0.3890625 0.19375 0.01484375 0.03359375
1 0.39609375 0.21640625 0.0140625 0.028125
1 0.42109375 0.21484375 0.0140625 0.028125
1 0.44375 0.2234375 0.01640625 0.03359375
1 0.46328125 0.2359375 0.01875 0.03515625
1 0.44140625 0.265625 0.0171875 0.03359375
1 0.4875 0.28515625 0.02578125 0.04375
1 0.4140625 0.1609375 0.0125 0.021875
1 0.4359375 0.16640625 0.01640625 0.028125
1 0.4578125 0.15078125 0.01015625 0.021875
1 0.45390625 0.178125 0.01484375 0.03203125
1 0.4640625 0.20078125 0.01875 0.03203125
1 0.4796875 0.13984375 0.0140625 0.0234375
1 0.4875 0.1546875 0.0140625 0.028125
1 0.49609375 0.12578125 0.01328125 0.021875
1 0.51875 0.1875 0.01640625 0.03203125
1 0.53203125 0.15703125 0.0125 0.0234375
1 0.53828125 0.1296875 0.01640625 0.028125
1 0.559375 0.13203125 0.01484375 0.0296875
1 0.55390625 0.1875 0.01796875 0.03203125
1 0.553125 0.1546875 0.01484375 0.028125
1 0.5890625 0.1546875 0.0171875 0.03203125
1 0.57734375 0.1046875 0.01171875 0.021875
1 0.6015625 0.1046875 0.01171875 0.021875
1 0.60390625 0.08671875 0.0125 0.0234375
1 0.621875 0.10234375 0.0125 0.025
1 0.63671875 0.09296875 0.0125 0.025
1 0.6515625 0.09296875 0.0125 0.025
1 0.634375 0.13046875 0.01328125 0.0296875
1 0.67421875 0.1140625 0.01484375 0.028125
1 0.6515625 0.11796875 0.01328125 0.025
1 0.7 0.090625 0.0140625 0.028125
1 0.57109375 0.23359375 0.02265625 0.04375
1 0.56796875 0.28515625 0.02265625 0.05
1 0.609375 0.33359375 0.0234375 0.05
1 0.6796875 0.32734375 0.02890625 0.046875
1 0.61484375 0.25390625 0.021875 0.046875
1 0.62109375 0.203125 0.01796875 0.03515625
1 0.67265625 0.2453125 0.02109375 0.04375
1 0.665625 0.1734375 0.01640625 0.03359375
1 0.6796875 0.1984375 0.01484375 0.03359375
1 0.69140625 0.14453125 0.01875 0.03828125
1 0.70703125 0.178125 0.01875 0.03515625
1 0.73203125 0.15 0.0140625 0.03671875
1 0.7546875 0.10546875 0.01328125 0.0265625
1 0.7640625 0.09765625 0.01328125 0.025
1 0.75703125 0.13046875 0.01484375 0.03359375
1 0.771875 0.1234375 0.01484375 0.03359375
1 0.7734375 0.153125 0.0171875 0.03515625
1 0.74609375 0.19296875 0.01875 0.03828125
1 0.71875 0.21171875 0.02109375 0.04375
1 0.7296875 0.2796875 0.0265625 0.0453125
1 0.77578125 0.253125 0.01875 0.03515625
1 0.784375 0.28203125 0.02265625 0.05
1 0.79453125 0.1078125 0.01171875 0.028125
1 0.81015625 0.1328125 0.0125 0.028125
1 0.82265625 0.121875 0.0125 0.0265625
1 0.8171875 0.165625 0.02265625 0.04375
1 0.84375 0.13046875 0.01328125 0.0265625
1 0.8421875 0.18203125 0.01171875 0.0234375
1 0.85625 0.1875 0.0171875 0.03515625
1 0.8640625 0.14296875 0.01484375 0.03828125
1 0.8859375 0.11796875 0.01015625 0.021875
1 0.8859375 0.1484375 0.01328125 0.0296875
1 0.91171875 0.11953125 0.01015625 0.025
1 0.94140625 0.1484375 0.0140625 0.0296875
1 0.90546875 0.15703125 0.01484375 0.0203125
1 0.9046875 0.1921875 0.0140625 0.03359375
1 0.93828125 0.18515625 0.01640625 0.03671875
1 0.87890625 0.2203125 0.01796875 0.03984375
1 0.93671875 0.28203125 0.021875 0.05