1 0.06171875 0.70703125 0.07734375 0.1078125
1 0.07421875 0.63046875 0.02734375 0.0453125
1 0.1109375 0.62265625 0.0421875 0.05625
1 0.13828125 0.6328125 0.02890625 0.05078125
1 0.02109375 0.6359375 0.0375 0.06171875
1 0.02109375 0.684375 0.0375 0.08359375
1 0.13203125 0.70703125 0.0671875 0.10234375
1 0.18828125 0.7953125 0.15078125 0.19921875
1 0.1796875 0.66640625 0.0421875 0.06953125
1 0.20390625 0.6421875 0.03984375 0.059375
1 0.21015625 0.61015625 0.0359375 0.05390625
1 0.28046875 0.721875 0.08359375 0.1265625
1 0.2921875 0.6421875 0.04375 0.06484375
1 0.271875 0.615625 0.02890625 0.0484375
1 0.30546875 0.6046875 0.02890625 0.0484375
1 0.271875 0.58984375 0.025 0.03515625
1 0.3046875 0.58203125 0.02734375 0.0453125
1 0.37109375 0.51875 0.02734375 0.0375
1 0.3609375 0.7046875 0.05234375 0.09140625
1 0.3703125 0.65625 0.03359375 0.059375
1 0.41875 0.6921875 0.0546875 0.09375
1 0.3953125 0.63984375 0.02109375 0.04296875
1 0.415625 0.62109375 0.02734375 0.0484375
1 0.4265625 0.64765625 0.02890625 0.04296875
1 0.45078125 0.6359375 0.03125 0.05078125
1 0.45 0.60234375 0.025 0.0484375
1 0.47421875 0.61171875 0.02265625 0.040625
1 0.50859375 0.6046875 0.025 0.0484375
1 0.50078125 0.65625 0.03125 0.0484375
1 0.48125 0.70703125 0.11328125 0.11328125
1 0.5390625 0.8265625 0.165625 0.25546875
1 0.5828125 0.68984375 0.0609375 0.078125
1 0.5421875 0.61328125 0.03359375 0.0484375
1 0.571875 0.6140625 0.02734375 0.05078125
1 0.60859375 0.62265625 0.02890625 0.0453125
1 0.62421875 0.665625 0.03984375 0.06171875
1 0.6546875 0.7109375 0.0625 0.115625
1 0.728125 0.75234375 0.12109375 0.15625
1 0.72265625 0.65078125 0.0484375 0.06953125
1 0.665625 0.64921875 0.025 0.0453125
1 0.684375 0.6328125 0.02890625 0.0453125
1 0.6890625 0.66796875 0.0359375 0.05625
1 0.6359375 0.603125 0.02890625 0.0453125
1 0.72734375 0.60625 0.03125 0.05078125
1 0.76171875 0.62734375 0.02890625 0.05078125
1 0.78984375 0.60078125 0.03125 0.03515625
1 0.840625 0.7 0.07109375 0.1046875
1 0.8171875 0.65625 0.0359375 0.05390625
1 0.8421875 0.6328125 0.03125 0.05078125
1 0.86953125 0.6078125 0.0359375 0.0484375
1 0.9265625 0.76875 0.1046875 0.15625
1 0.9234375 0.7015625 0.06484375 0.0859375
1 0.92578125 0.6609375 0.03984375 0.05390625
1 0.92578125 0.62734375 0.0359375 0.05078125
1 0.946875 0.61328125 0.0359375 0.06484375