1 0.1953125 0.44765625 0.05 0.1109375
1 0.25703125 0.43828125 0.04609375 0.1015625
1 0.31328125 0.278125 0.02421875 0.0421875
1 0.3640625 0.25625 0.0203125 0.0390625
1 0.409375 0.2375 0.01875 0.0375
1 0.4265625 0.27578125 0.02265625 0.04609375
1 0.44765625 0.21796875 0.01953125 0.04375
1 0.44609375 0.18125 0.02109375 0.0390625
1 0.4703125 0.19375 0.0203125 0.04375
1 0.40078125 0.13203125 0.01953125 0.0328125
1 0.41171875 0.1125 0.01796875 0.0359375
1 0.453125 0.14921875 0.01328125 0.028125
1 0.46796875 0.153125 0.015625 0.02421875
1 0.52890625 0.1375 0.01328125 0.0328125
1 0.54765625 0.1546875 0.0140625 0.03125
1 0.575 0.1578125 0.01953125 0.03125
1 0.53515625 0.2015625 0.025 0.0375
1 0.65234375 0.253125 0.02890625 0.04921875
1 0.7109375 0.2890625 0.028125 0.05546875
1 0.76796875 0.26015625 0.0234375 0.04921875
1 0.6875 0.153125 0.0203125 0.040625
1 0.70703125 0.14765625 0.01640625 0.0375
1 0.72734375 0.15390625 0.01875 0.0359375
1 0.7484375 0.14296875 0.01484375 0.0375
1 0.76953125 0.15859375 0.01640625 0.0328125
1 0.7984375 0.17890625 0.01640625 0.0375
1 0.81015625 0.13203125 0.015625 0.0296875
1 0.875 0.22734375 0.01875 0.04609375