1 0.15703125 0.49921875 0.05390625 0.12734375
1 0.14765625 0.33984375 0.02734375 0.04453125
1 0.21640625 0.43828125 0.0625 0.1140625
1 0.2609375 0.2703125 0.02890625 0.04453125
1 0.30546875 0.19375 0.0234375 0.03671875
1 0.3125 0.37421875 0.03515625 0.06640625
1 0.3515625 0.17734375 0.01875 0.03984375
1 0.37890625 0.21640625 0.02265625 0.04453125
1 0.39375 0.20234375 0.01484375 0.0234375
1 0.4625 0.228125 0.0203125 0.03984375
1 0.46015625 0.27734375 0.03515625 0.07109375
1 0.50859375 0.27578125 0.0203125 0.0515625
1 0.55546875 0.21328125 0.02265625 0.059375
1 0.57265625 0.0890625 0.0140625 0.0296875
1 0.58359375 0.125 0.02109375 0.04453125
1 0.63203125 0.25625 0.0234375 0.059375
1 0.6015625 0.30234375 0.03125 0.06484375
1 0.6453125 0.1359375 0.0203125 0.04296875
1 0.66796875 0.1375 0.0203125 0.053125
1 0.69140625 0.1421875 0.02109375 0.04609375