1 0.54296875 0.28671875 0.0265625 0.06640625
1 0.5265625 0.26953125 0.021875 0.0578125
1 0.5421875 0.19609375 0.01796875 0.040625
1 0.61796875 0.2046875 0.02109375 0.04765625
1 0.65859375 0.25390625 0.02265625 0.0546875
1 0.66796875 0.22421875 0.01796875 0.04375
1 0.67265625 0.2015625 0.01484375 0.04375
1 0.703125 0.20390625 0.0171875 0.03828125
1 0.7421875 0.21171875 0.015625 0.040625
1 0.7703125 0.24140625 0.02109375 0.05078125
1 0.8203125 0.2515625 0.01953125 0.05234375
1 0.71796875 0.303125 0.02265625 0.0546875
1 0.734375 0.35234375 0.025 0.07578125
1 0.8328125 0.40625 0.02890625 0.0734375
1 0.87265625 0.43515625 0.0328125 0.0828125