1 0.69140625 0.3125 0.05 0.03984375
1 0.69296875 0.44765625 0.0796875 0.0703125
1 0.696875 0.40859375 0.06640625 0.05234375
1 0.81640625 0.4515625 0.1 0.07734375
1 0.94296875 0.5109375 0.11328125 0.1125
1 0.9296875 0.40390625 0.06640625 0.05234375
1 0.55859375 0.42265625 0.0703125 0.06484375
1 0.171875 0.4640625 0.08984375 0.0828125
1 0.21171875 0.4265625 0.0765625 0.0625
1 0.0703125 0.52890625 0.13359375 0.1171875
1 0.03671875 0.4390625 0.06640625 0.07734375
1 0.0796875 0.43359375 0.06015625 0.05234375