1 0.15703125 0.2703125 0.025 0.04765625
1 0.209375 0.38125 0.0484375 0.0921875
1 0.21875 0.2671875 0.0296875 0.05390625
1 0.29453125 0.25078125 0.02109375 0.04140625
1 0.33671875 0.278125 0.02421875 0.04140625
1 0.34921875 0.2578125 0.0234375 0.04921875
1 0.39140625 0.1984375 0.01796875 0.0328125
1 0.41875 0.2328125 0.01953125 0.0328125
1 0.44140625 0.23125 0.02421875 0.04296875
1 0.4328125 0.27734375 0.0296875 0.05234375
1 0.43515625 0.171875 0.0203125 0.034375
1 0.45 0.19140625 0.0203125 0.03125
1 0.48203125 0.20234375 0.01796875 0.04296875
1 0.47890625 0.15703125 0.015625 0.03125
1 0.45859375 0.15234375 0.0125 0.02265625
1 0.509375 0.16796875 0.0171875 0.03125
1 0.4921875 0.13515625 0.015625 0.02109375
1 0.5296875 0.1484375 0.01953125 0.03125
1 0.54453125 0.13046875 0.01640625 0.03125
1 0.56640625 0.14921875 0.0171875 0.0328125
1 0.56875 0.115625 0.015625 0.025
1 0.590625 0.16171875 0.01484375 0.03125
1 0.59375 0.1296875 0.015625 0.0328125
1 0.603125 0.1078125 0.01171875 0.028125
1 0.62421875 0.121875 0.0125 0.02265625
1 0.6265625 0.14921875 0.01328125 0.0265625
1 0.70625 0.10703125 0.0125 0.0328125
1 0.490625 0.32421875 0.02734375 0.05390625
1 0.56171875 0.3046875 0.0328125 0.0640625
1 0.58125 0.2421875 0.02734375 0.05390625
1 0.61953125 0.2484375 0.025 0.04765625
1 0.62421875 0.31640625 0.040625 0.0640625
1 0.63359375 0.2 0.028125 0.04921875
1 0.67265625 0.259375 0.02734375 0.04609375
1 0.69375 0.20390625 0.021875 0.05546875
1 0.7015625 0.16328125 0.021875 0.0375
1 0.71953125 0.17734375 0.01796875 0.0359375
1 0.7296875 0.21328125 0.0234375 0.04296875
1 0.73203125 0.284375 0.02578125 0.0625
1 0.79296875 0.31796875 0.0296875 0.0578125
1 0.7734375 0.1859375 0.0203125 0.0390625
1 0.7703125 0.1484375 0.02109375 0.0375
1 0.72578125 0.1375 0.02109375 0.034375
1 0.75703125 0.1203125 0.01953125 0.03125
1 0.76484375 0.115625 0.01328125 0.028125
1 0.78125 0.1234375 0.01640625 0.0359375
1 0.81640625 0.13125 0.01640625 0.0359375
1 0.83125 0.13125 0.015625 0.0296875
1 0.81640625 0.1859375 0.01953125 0.04296875
1 0.840625 0.15859375 0.01640625 0.034375
1 0.865625 0.18828125 0.01796875 0.0375
1 0.8921875 0.22734375 0.0234375 0.04453125
1 0.92265625 0.18984375 0.0203125 0.04140625
1 0.95234375 0.1890625 0.01953125 0.04609375