1 0.90234375 0.33046875 0.0453125 0.0828125
1 0.78125 0.38515625 0.0171875 0.03359375
1 0.73984375 0.40390625 0.0203125 0.04140625
1 0.7015625 0.39296875 0.02265625 0.04140625
1 0.6484375 0.41328125 0.02265625 0.0453125
1 0.6484375 0.378125 0.0171875 0.03359375
1 0.56875 0.42890625 0.02734375 0.05234375
1 0.5859375 0.38515625 0.0171875 0.03359375
1 0.54765625 0.38359375 0.0203125 0.0375
1 0.49375 0.43828125 0.0375 0.05625
1 0.4765625 0.4078125 0.0171875 0.04140625
1 0.3921875 0.471875 0.03984375 0.07890625
1 0.37890625 0.42109375 0.02734375 0.0375
1 0.33515625 0.38515625 0.0203125 0.04140625
1 0.375 0.3875 0.01484375 0.0296875
1 0.4359375 0.3875 0.0171875 0.0296875
1 0.2921875 0.434375 0.025 0.05625
1 0.2640625 0.3890625 0.02734375 0.04921875
1 0.2453125 0.40625 0.025 0.0453125
1 0.2125 0.4890625 0.0546875 0.08984375
1 0.1515625 0.453125 0.0328125 0.05625
1 0.1828125 0.42109375 0.0296875 0.05234375
1 0.13984375 0.4171875 0.0203125 0.0375
1 0.05390625 0.44375 0.0328125 0.05234375
1 0.02890625 0.43046875 0.0328125 0.04921875