1 0.203125 0.4109375 0.0421875 0.08359375
1 0.284375 0.25234375 0.01875 0.034375
1 0.29609375 0.253125 0.01953125 0.0359375
1 0.3140625 0.221875 0.01796875 0.034375
1 0.328125 0.2703125 0.021875 0.0484375
1 0.35078125 0.21796875 0.01953125 0.04296875
1 0.3859375 0.259375 0.02265625 0.03984375
1 0.4 0.23671875 0.01875 0.04140625
1 0.42265625 0.265625 0.02265625 0.04140625
1 0.43359375 0.2375 0.01875 0.04296875
1 0.421875 0.19453125 0.0171875 0.0375
1 0.40703125 0.184375 0.015625 0.03046875
1 0.39296875 0.19453125 0.01640625 0.034375
1 0.42734375 0.1640625 0.01640625 0.02890625
1 0.446875 0.15625 0.0125 0.034375
1 0.4671875 0.16328125 0.015625 0.034375
1 0.47734375 0.21875 0.02421875 0.04921875
1 0.49609375 0.19140625 0.01796875 0.04140625
1 0.49375 0.13828125 0.0140625 0.02890625
1 0.5078125 0.15078125 0.01640625 0.02890625
1 0.52109375 0.1484375 0.0171875 0.03046875
1 0.54375 0.19296875 0.01796875 0.0375
1 0.5484375 0.15078125 0.01484375 0.0234375
1 0.56015625 0.16640625 0.0171875 0.025
1 0.5734375 0.140625 0.0125 0.02734375
1 0.575 0.17265625 0.01796875 0.0375
1 0.60703125 0.15234375 0.01328125 0.02578125
1 0.58984375 0.14921875 0.0140625 0.03125
1 0.60390625 0.11171875 0.0140625 0.025
1 0.62421875 0.13828125 0.01796875 0.03125
1 0.646875 0.12109375 0.0109375 0.025
1 0.66484375 0.12265625 0.01328125 0.0328125
1 0.55390625 0.2578125 0.02578125 0.05078125
1 0.54140625 0.31015625 0.02890625 0.06171875
1 0.49765625 0.296875 0.0296875 0.0546875
1 0.60625 0.2109375 0.021875 0.0484375
1 0.59921875 0.26875 0.0265625 0.05078125
1 0.65390625 0.21796875 0.02265625 0.04296875
1 0.6453125 0.17109375 0.01640625 0.03984375
1 0.6875 0.153125 0.01875 0.03125
1 0.69140625 0.19765625 0.02109375 0.03984375
1 0.709375 0.221875 0.0234375 0.0484375
1 0.66484375 0.2484375 0.02421875 0.0484375
1 0.6796875 0.3078125 0.0296875 0.06015625
1 0.7078125 0.29609375 0.02578125 0.06484375
1 0.721875 0.153125 0.01640625 0.0375
1 0.7390625 0.190625 0.02109375 0.04296875
1 0.75390625 0.22421875 0.02265625 0.04140625
1 0.7625 0.33671875 0.0359375 0.06015625
1 0.79296875 0.28828125 0.025 0.05390625
1 0.84375 0.325 0.03125 0.05625
1 0.80625 0.22734375 0.02265625 0.0484375
1 0.77578125 0.20859375 0.02109375 0.04296875
1 0.759375 0.1796875 0.0171875 0.03984375
1 0.75859375 0.14140625 0.0203125 0.0328125
1 0.77890625 0.16171875 0.01875 0.03984375
1 0.79375 0.14375 0.015625 0.034375
1 0.803125 0.17421875 0.0171875 0.0453125
1 0.81484375 0.15625 0.01484375 0.034375
1 0.82890625 0.14609375 0.01484375 0.0328125
1 0.8640625 0.15 0.01328125 0.04140625
1 0.828125 0.196875 0.0203125 0.04140625
1 0.83203125 0.23125 0.01953125 0.046875
1 0.85234375 0.2390625 0.021875 0.05234375
1 0.87578125 0.22734375 0.01875 0.04921875
1 0.88515625 0.203125 0.01796875 0.04296875
1 0.90078125 0.265625 0.02265625 0.06328125