1 0.57265625 0.50703125 0.0453125 0.1171875
1 0.68515625 0.47734375 0.03359375 0.0859375
1 0.7453125 0.35703125 0.03671875 0.0796875
1 0.77421875 0.34453125 0.01171875 0.02734375
1 0.66484375 0.384375 0.01328125 0.03828125
1 0.653125 0.40703125 0.01640625 0.04140625
1 0.6265625 0.3828125 0.01328125 0.02734375
1 0.7078125 0.34296875 0.01171875 0.02421875
1 0.59921875 0.4 0.01484375 0.034375
1 0.53515625 0.34296875 0.01015625 0.02421875
1 0.48515625 0.41015625 0.0203125 0.06171875
1 0.434375 0.34140625 0.01484375 0.034375
1 0.45703125 0.37265625 0.01015625 0.0203125
1 0.41796875 0.48125 0.03359375 0.0796875
1 0.40390625 0.434375 0.025 0.05546875
1 0.33984375 0.4296875 0.0234375 0.0515625
1 0.3515625 0.4640625 0.0234375 0.07265625
1 0.28359375 0.4796875 0.03671875 0.07578125
1 0.30234375 0.43984375 0.01796875 0.04453125
1 0.321875 0.40546875 0.01640625 0.03828125
1 0.24765625 0.45 0.025 0.05859375
1 0.196875 0.546875 0.03984375 0.0859375
1 0.18828125 0.45 0.0234375 0.05859375
1 0.1640625 0.41171875 0.01796875 0.04453125
1 0.1609375 0.45546875 0.021875 0.0484375
1 0.134375 0.39296875 0.01484375 0.034375
1 0.1125 0.39140625 0.01171875 0.03125
1 0.1015625 0.384375 0.01015625 0.03125
1 0.071875 0.3796875 0.01328125 0.02734375
1 0.26953125 0.35 0.00859375 0.03125
1 0.221875 0.3828125 0.01015625 0.02734375
1 0.2328125 0.4 0.01171875 0.034375
1 0.2078125 0.4140625 0.01171875 0.02734375