1 0.2234375 0.35078125 0.05078125 0.109375
1 0.33984375 0.25625 0.02421875 0.04453125
1 0.37109375 0.16484375 0.01875 0.03828125
1 0.3828125 0.1890625 0.01953125 0.03828125
1 0.390625 0.22109375 0.021875 0.04140625
1 0.4140625 0.24296875 0.021875 0.0515625
1 0.3953125 0.1453125 0.01875 0.03984375
1 0.4234375 0.18125 0.0140625 0.03515625
1 0.415625 0.1640625 0.01640625 0.0265625
1 0.4140625 0.1390625 0.015625 0.03125
1 0.44453125 0.1515625 0.015625 0.03515625
1 0.459375 0.18515625 0.01875 0.03125
1 0.4671875 0.221875 0.0234375 0.04296875
1 0.45234375 0.13671875 0.0140625 0.028125
1 0.46953125 0.1578125 0.01796875 0.03828125
1 0.46328125 0.125 0.0140625 0.028125
1 0.47734375 0.1234375 0.01484375 0.03125
1 0.490625 0.0953125 0.01171875 0.025
1 0.49765625 0.17109375 0.02265625 0.05
1 0.5296875 0.17421875 0.01796875 0.03828125
1 0.5328125 0.13359375 0.015625 0.03125
1 0.52421875 0.1203125 0.0140625 0.028125
1 0.53671875 0.1125 0.0125 0.028125
1 0.5484375 0.15390625 0.01796875 0.03671875
1 0.58203125 0.14375 0.01484375 0.03359375
1 0.57421875 0.11953125 0.01484375 0.0328125
1 0.5875 0.121875 0.015625 0.028125
1 0.5734375 0.09140625 0.01484375 0.0265625
1 0.6 0.10390625 0.01484375 0.03359375
1 0.61171875 0.07734375 0.01171875 0.028125
1 0.6203125 0.11796875 0.01953125 0.03515625
1 0.65390625 0.0859375 0.0140625 0.028125
1 0.659375 0.11328125 0.0140625 0.0296875
1 0.6875 0.09609375 0.01484375 0.0296875
1 0.7 0.08515625 0.01484375 0.0296875
1 0.55703125 0.2421875 0.0234375 0.05625
1 0.61171875 0.22265625 0.02578125 0.059375
1 0.6296875 0.2109375 0.025 0.046875
1 0.6765625 0.17734375 0.021875 0.0484375
1 0.63515625 0.2796875 0.03046875 0.06015625
1 0.6921875 0.3296875 0.02890625 0.06640625
1 0.7171875 0.2765625 0.0328125 0.06640625
1 0.76015625 0.2171875 0.02890625 0.06171875
1 0.69609375 0.15078125 0.01875 0.03828125
1 0.7171875 0.15703125 0.0171875 0.03359375
1 0.7203125 0.13125 0.01640625 0.0328125
1 0.73125 0.159375 0.01875 0.03515625
1 0.75859375 0.175 0.0203125 0.03671875
1 0.759375 0.14375 0.0171875 0.03671875
1 0.74765625 0.11953125 0.01484375 0.0296875
1 0.775 0.10703125 0.01640625 0.03671875
1 0.78984375 0.13359375 0.01328125 0.03671875
1 0.7796875 0.16640625 0.01640625 0.04140625
1 0.79765625 0.1953125 0.01796875 0.04296875
1 0.83125 0.15703125 0.015625 0.03671875
1 0.84375 0.1359375 0.0140625 0.03515625
1 0.84453125 0.19921875 0.01640625 0.03828125
1 0.86640625 0.165625 0.01640625 0.03984375
1 0.88359375 0.1546875 0.015625 0.03828125
1 0.84765625 0.25625 0.02421875 0.053125
1 0.86796875 0.3 0.0296875 0.06328125
1 0.87890625 0.253125 0.02265625 0.0546875
1 0.89765625 0.2125 0.02109375 0.04140625
1 0.9046875 0.184375 0.01875 0.03828125
1 0.94140625 0.18125 0.01640625 0.03515625
1 0.9375 0.2171875 0.01796875 0.046875
1 0.9375 0.290625 0.02578125 0.06484375
1 0.9453125 0.14375 0.01171875 0.028125
1 0.946875 0.1671875 0.0109375 0.021875