1 0.14921875 0.3390625 0.0375 0.07890625
1 0.3203125 0.20625 0.015625 0.0328125
1 0.37421875 0.234375 0.01875 0.03671875
1 0.3890625 0.209375 0.01484375 0.02734375
1 0.40859375 0.26328125 0.01875 0.03984375
1 0.3796875 0.18828125 0.01484375 0.0328125
1 0.38671875 0.1671875 0.01328125 0.0234375
1 0.41953125 0.17890625 0.01328125 0.021875
1 0.4140625 0.2140625 0.01328125 0.02890625
1 0.44765625 0.21015625 0.01796875 0.03671875
1 0.4453125 0.17578125 0.015625 0.02890625
1 0.421875 0.15625 0.01015625 0.0234375
1 0.47109375 0.18359375 0.01640625 0.03125
1 0.4640625 0.15703125 0.01328125 0.021875
1 0.4796875 0.1453125 0.01171875 0.0203125
1 0.47109375 0.13046875 0.01015625 0.0234375
1 0.49296875 0.128125 0.01015625 0.02578125
1 0.50859375 0.19375 0.01640625 0.0328125
1 0.49609375 0.22265625 0.01875 0.03671875
1 0.540625 0.19453125 0.01640625 0.03125
1 0.5234375 0.16640625 0.01328125 0.02890625
1 0.53046875 0.1484375 0.01328125 0.02578125
1 0.55234375 0.128125 0.01171875 0.02578125
1 0.5734375 0.11484375 0.01171875 0.02578125
1 0.5859375 0.16640625 0.01484375 0.0328125
1 0.5734375 0.15234375 0.0125 0.03125
1 0.59765625 0.13125 0.015625 0.02890625
1 0.6234375 0.140625 0.0125 0.02578125
1 0.6125 0.109375 0.009375 0.021875
1 0.6234375 0.12265625 0.01015625 0.021875
1 0.546875 0.16875 0.0125 0.02734375
1 0.65234375 0.146875 0.01328125 0.0234375
1 0.64921875 0.10703125 0.01015625 0.0234375
1 0.6796875 0.1234375 0.01171875 0.0234375
1 0.71796875 0.11484375 0.0125 0.021875
1 0.61328125 0.246875 0.02421875 0.0515625
1 0.5625 0.2640625 0.025 0.04921875
1 0.62265625 0.303125 0.03046875 0.04765625
1 0.675 0.36015625 0.03203125 0.0625
1 0.72734375 0.30859375 0.02734375 0.0546875
1 0.75078125 0.2484375 0.01875 0.04375
1 0.6796875 0.18984375 0.01640625 0.0328125
1 0.7109375 0.18828125 0.01640625 0.0328125
1 0.70390625 0.15703125 0.01328125 0.02578125
1 0.7171875 0.14921875 0.01171875 0.03125
1 0.7375 0.16640625 0.01640625 0.02578125
1 0.73828125 0.14921875 0.015625 0.03125
1 0.75703125 0.16796875 0.01328125 0.02890625
1 0.746875 0.20078125 0.01484375 0.0328125
1 0.7875 0.221875 0.01640625 0.034375
1 0.78203125 0.178125 0.0125 0.03125
1 0.78359375 0.13359375 0.01171875 0.02578125
1 0.8 0.1609375 0.01328125 0.0328125
1 0.8296875 0.1875 0.01484375 0.034375
1 0.846875 0.16484375 0.01328125 0.03671875
1 0.828125 0.26328125 0.01875 0.04375
1 0.8359375 0.22265625 0.01484375 0.02890625
1 0.85859375 0.3140625 0.02265625 0.0515625
1 0.85859375 0.26328125 0.01875 0.04375
1 0.88671875 0.24921875 0.01484375 0.03828125
1 0.93046875 0.33203125 0.02109375 0.04609375
1 0.89609375 0.20390625 0.015625 0.03828125
1 0.87578125 0.1765625 0.01328125 0.034375
1 0.93515625 0.240625 0.01171875 0.03828125
1 0.953125 0.215625 0.01796875 0.0328125
1 0.940625 0.1953125 0.01328125 0.03671875
1 0.9375 0.16640625 0.0125 0.02890625