1 0.05234375 0.3703125 0.01875 0.04921875
1 0.25 0.25703125 0.01328125 0.02890625
1 0.275 0.26875 0.01015625 0.021875
1 0.265625 0.265625 0.009375 0.025
1 0.29140625 0.265625 0.0171875 0.03515625
1 0.31875 0.2625 0.0171875 0.0453125
1 0.3375 0.26796875 0.01796875 0.040625
1 0.32421875 0.2203125 0.01640625 0.03203125
1 0.3515625 0.228125 0.01484375 0.03515625
1 0.35625 0.20390625 0.0140625 0.03046875
1 0.3671875 0.19765625 0.01484375 0.03046875
1 0.38828125 0.1890625 0.01328125 0.03046875
1 0.4046875 0.19765625 0.01640625 0.03671875
1 0.384375 0.23046875 0.01875 0.03515625
1 0.37265625 0.26953125 0.0203125 0.04375
1 0.39375 0.284375 0.02109375 0.0453125
1 0.43671875 0.2328125 0.02109375 0.04375
1 0.4765625 0.23203125 0.021875 0.0453125
1 0.453125 0.19453125 0.0171875 0.03515625
1 0.4484375 0.1625 0.0203125 0.02890625
1 0.46640625 0.1390625 0.0140625 0.03203125
1 0.4859375 0.134375 0.0125 0.025
1 0.49921875 0.1671875 0.01640625 0.03671875
1 0.48828125 0.190625 0.01796875 0.03671875
1 0.5296875 0.20703125 0.0203125 0.04375
1 0.534375 0.16328125 0.0171875 0.03671875
1 0.55 0.159375 0.0140625 0.03203125
1 0.56640625 0.17734375 0.01640625 0.03671875
1 0.57578125 0.21875 0.021875 0.05546875
1 0.57265625 0.11875 0.01328125 0.02890625
1 0.58515625 0.13828125 0.0125 0.03046875
1 0.59375 0.1234375 0.009375 0.03046875
1 0.615625 0.14140625 0.01171875 0.03046875
1 0.6421875 0.13359375 0.0125 0.02734375
1 0.640625 0.115625 0.01015625 0.01875
1 0.61953125 0.11640625 0.01171875 0.0234375
1 0.68203125 0.11796875 0.01328125 0.03046875
1 0.56953125 0.28671875 0.03046875 0.0640625
1 0.48515625 0.30859375 0.03125 0.0640625
1 0.62734375 0.325 0.0296875 0.065625
1 0.6265625 0.23984375 0.025 0.0609375
1 0.63828125 0.20625 0.01875 0.0390625
1 0.659375 0.20703125 0.02265625 0.04375
1 0.6921875 0.190625 0.0203125 0.05390625
1 0.68671875 0.1515625 0.01640625 0.03359375
1 0.71484375 0.15078125 0.01640625 0.0421875
1 0.72265625 0.16875 0.01484375 0.03671875
1 0.734375 0.184375 0.01875 0.0453125
1 0.71796875 0.21953125 0.02265625 0.05078125
1 0.72734375 0.296875 0.03046875 0.05703125
1 0.775 0.29765625 0.0265625 0.05234375
1 0.76328125 0.2234375 0.0234375 0.04921875
1 0.78125 0.20390625 0.0234375 0.040625
1 0.7671875 0.171875 0.02109375 0.03359375
1 0.75078125 0.1390625 0.01640625 0.03515625
1 0.73671875 0.128125 0.01171875 0.02734375
1 0.76875 0.13515625 0.01796875 0.03671875
1 0.79140625 0.1453125 0.0171875 0.03359375
1 0.81015625 0.1390625 0.0140625 0.02890625
1 0.82109375 0.16328125 0.01875 0.040625
1 0.8421875 0.1453125 0.01640625 0.03671875
1 0.85859375 0.1640625 0.01328125 0.03515625
1 0.84921875 0.19453125 0.01875 0.0421875
1 0.83359375 0.215625 0.021875 0.040625
1 0.8484375 0.309375 0.03203125 0.0625
1 0.86015625 0.26875 0.021875 0.04921875
1 0.88671875 0.18671875 0.01484375 0.03515625
1 0.896875 0.15625 0.01328125 0.02890625
1 0.9 0.1828125 0.0140625 0.03203125
1 0.928125 0.2421875 0.01875 0.04921875
1 0.94453125 0.2640625 0.025 0.05546875