1 0.2171875 0.12578125 0.11015625 0.19921875
1 0.32265625 0.28359375 0.175 0.334375
1 0.4609375 0.19921875 0.10234375 0.1953125
1 0.75 0.28203125 0.1703125 0.30859375
1 0.93125 0.240625 0.0875 0.165625
1 0.85859375 0.128125 0.0671875 0.1125
1 0.85234375 0.0375 0.03984375 0.06015625
1 0.9140625 0.0828125 0.0421875 0.06796875
1 0.92734375 0.03359375 0.0453125 0.06015625
1 0.6890625 0.05625 0.07734375 0.10546875
1 0.73515625 0.03984375 0.03984375 0.07109375
1 0.76875 0.05234375 0.0375 0.06015625
1 0.75625 0.14296875 0.0578125 0.09765625
1 0.61640625 0.07734375 0.05234375 0.08671875
1 0.5671875 0.03203125 0.03515625 0.05625
1 0.6265625 0.01484375 0.0375 0.02265625
1 0.5046875 0.1203125 0.0703125 0.1203125
1 0.48515625 0.05234375 0.05 0.0828125
1 0.45859375 0.028125 0.0375 0.04921875
1 0.52109375 0.02265625 0.0375 0.0375
1 0.31484375 0.04921875 0.06015625 0.08984375