1 0.52265625 0.70625 0.16171875 0.25625
1 0.3109375 0.48359375 0.065625 0.14140625
1 0.49296875 0.46875 0.0578125 0.1234375
1 0.63984375 0.44609375 0.05234375 0.10859375
1 0.7828125 0.6671875 0.121875 0.2140625
1 0.77734375 0.5015625 0.08203125 0.1296875
1 0.890625 0.48984375 0.0859375 0.165625
1 0.978125 0.421875 0.04375 0.10859375
1 0.9296875 0.36484375 0.03203125 0.06640625
1 0.9140625 0.31328125 0.0203125 0.0421875
1 0.8796875 0.325 0.028125 0.05390625
1 0.84921875 0.34375 0.0296875 0.06640625
1 0.7453125 0.384375 0.0421875 0.075
1 0.76484375 0.3390625 0.0296875 0.05703125
1 0.83671875 0.31640625 0.0296875 0.0484375
1 0.67578125 0.3390625 0.03984375 0.075
1 0.62421875 0.2984375 0.02421875 0.0359375
1 0.59296875 0.30234375 0.01796875 0.0328125
1 0.55625 0.29375 0.0203125 0.0328125
1 0.54609375 0.30859375 0.0203125 0.0328125
1 0.49921875 0.3 0.021875 0.0390625
1 0.45390625 0.3390625 0.028125 0.0453125
1 0.4828125 0.3765625 0.0421875 0.06015625
1 0.390625 0.33125 0.02578125 0.0484375
1 0.33671875 0.3390625 0.034375 0.05703125
1 0.3078125 0.2515625 0.02421875 0.0328125
1 0.29921875 0.36328125 0.03828125 0.05703125
1 0.25 0.3765625 0.04765625 0.078125
1 0.24765625 0.32109375 0.028125 0.0390625
1 0.209375 0.378125 0.0421875 0.06953125
1 0.11796875 0.38671875 0.05234375 0.075
1 0.05078125 0.3828125 0.034375 0.06640625
1 0.740625 0.2453125 0.01015625 0.02109375