1 0.04296875 0.58671875 0.08203125 0.403125
1 0.09296875 0.4265625 0.115625 0.2
1 0.1375 0.35859375 0.078125 0.146875
1 0.1078125 0.3203125 0.0703125 0.1296875
1 0.35703125 0.11796875 0.09375 0.18828125
1 0.43984375 0.30703125 0.04921875 0.096875
1 0.53359375 0.31484375 0.0546875 0.08828125
1 0.57421875 0.3484375 0.078125 0.14375
1 0.60625 0.38203125 0.078125 0.1234375
1 0.678125 0.35625 0.0625 0.11796875
1 0.6921875 0.28984375 0.0546875 0.09140625
1 0.78359375 0.33203125 0.0921875 0.1296875
1 0.85625 0.29140625 0.06484375 0.10625
1 0.921875 0.36171875 0.0703125 0.11796875
1 0.94609375 0.3 0.053125 0.1