1 0.0265625 0.41328125 0.02421875 0.046875
1 0.240625 0.33359375 0.01484375 0.03359375
1 0.2671875 0.36953125 0.01640625 0.03828125
1 0.29921875 0.37109375 0.015625 0.040625
1 0.296875 0.29765625 0.0140625 0.03359375
1 0.34375 0.35390625 0.01953125 0.0421875
1 0.36953125 0.32734375 0.01484375 0.03203125
1 0.3671875 0.2875 0.01484375 0.03203125
1 0.3921875 0.31953125 0.01640625 0.03828125
1 0.421875 0.32578125 0.01953125 0.040625
1 0.421875 0.29140625 0.01328125 0.03046875
1 0.46328125 0.33828125 0.015625 0.0453125
1 0.40703125 0.259375 0.0125 0.03046875
1 0.4203125 0.2609375 0.01328125 0.02421875
1 0.4421875 0.23359375 0.01171875 0.02421875
1 0.4609375 0.25234375 0.01328125 0.02890625
1 0.4890625 0.25625 0.0125 0.03046875
1 0.48515625 0.29921875 0.01328125 0.03359375
1 0.51640625 0.31484375 0.015625 0.03828125
1 0.53828125 0.26875 0.01640625 0.03359375
1 0.5234375 0.25234375 0.01328125 0.03203125
1 0.53515625 0.2390625 0.01015625 0.02265625
1 0.48359375 0.225 0.0125 0.02578125
1 0.55 0.23984375 0.01484375 0.03359375
1 0.565625 0.2765625 0.0140625 0.03203125
1 0.59921875 0.25546875 0.0125 0.03203125
1 0.58984375 0.23515625 0.009375 0.02109375
1 0.57734375 0.21796875 0.0125 0.02578125
1 0.590625 0.2109375 0.0125 0.02734375
1 0.61953125 0.2328125 0.0109375 0.02578125
1 0.65390625 0.2359375 0.01171875 0.02578125
1 0.61875 0.20859375 0.01328125 0.03203125
1 0.63125 0.19375 0.0109375 0.02578125
1 0.64609375 0.20234375 0.0125 0.02578125
1 0.65859375 0.2125 0.01171875 0.02734375
1 0.67578125 0.19609375 0.01015625 0.02421875
1 0.68984375 0.215625 0.01171875 0.03359375
1 0.71953125 0.2109375 0.0109375 0.02421875
1 0.72578125 0.234375 0.01328125 0.03203125
1 0.69609375 0.2578125 0.01484375 0.03359375
1 0.65390625 0.2953125 0.0203125 0.040625
1 0.615625 0.3203125 0.01875 0.03671875
1 0.55234375 0.35234375 0.0265625 0.0484375
1 0.47890625 0.41015625 0.0265625 0.059375
1 0.54609375 0.42890625 0.02265625 0.053125
1 0.61015625 0.45859375 0.02890625 0.06953125
1 0.63125 0.3578125 0.0234375 0.0546875
1 0.67578125 0.365625 0.02734375 0.0578125
1 0.66640625 0.34375 0.01640625 0.053125
1 0.70859375 0.3515625 0.01953125 0.046875
1 0.703125 0.309375 0.01953125 0.03984375
1 0.74609375 0.278125 0.01328125 0.03828125
1 0.759375 0.23359375 0.0125 0.02734375
1 0.7640625 0.2625 0.01484375 0.03046875
1 0.6578125 0.48203125 0.02734375 0.059375
1 0.72734375 0.50078125 0.03671875 0.07890625
1 0.75703125 0.4078125 0.025 0.0484375
1 0.8046875 0.43125 0.025 0.0546875
1 0.834375 0.3625 0.02109375 0.0515625
1 0.88515625 0.3703125 0.0203125 0.0546875
1 0.86875 0.3453125 0.01640625 0.04375
1 0.86796875 0.48046875 0.0296875 0.065625
1 0.8453125 0.5359375 0.03359375 0.08515625
1 0.934375 0.46640625 0.02421875 0.059375
1 0.79375 0.2765625 0.01640625 0.03515625
1 0.7796875 0.253125 0.01171875 0.02734375
1 0.7828125 0.22265625 0.01328125 0.03203125
1 0.8109375 0.234375 0.01328125 0.03203125
1 0.80078125 0.23828125 0.0140625 0.03046875
1 0.8375 0.2578125 0.01484375 0.0421875
1 0.8640625 0.24453125 0.01328125 0.03359375
1 0.878125 0.27578125 0.0140625 0.03515625
1 0.8421875 0.303125 0.01640625 0.03046875
1 0.89609375 0.24296875 0.0125 0.03359375
1 0.921875 0.278125 0.01328125 0.03515625
1 0.909375 0.3140625 0.01328125 0.03046875
1 0.89375 0.334375 0.015625 0.03828125
1 0.96015625 0.3453125 0.01953125 0.046875
1 0.9390625 0.31953125 0.01484375 0.040625
1 0.959375 0.3015625 0.0125 0.02890625
1 0.9640625 0.2765625 0.0140625 0.03046875