1 0.0359375 0.42265625 0.06015625 0.10859375
1 0.021875 0.33125 0.04296875 0.1
1 0.09453125 0.31640625 0.04375 0.08671875
1 0.18359375 0.3078125 0.05390625 0.1
1 0.16953125 0.259375 0.03984375 0.06953125
1 0.22890625 0.3984375 0.08828125 0.14296875
1 0.27890625 0.3671875 0.05546875 0.10546875
1 0.32734375 0.315625 0.0453125 0.0953125
1 0.2796875 0.27421875 0.03515625 0.07265625
1 0.37265625 0.2890625 0.040625 0.07734375
1 0.4171875 0.271875 0.03125 0.05703125
1 0.46640625 0.36953125 0.05625 0.09453125
1 0.4453125 0.325 0.03671875 0.06875
1 0.46015625 0.29296875 0.0375 0.0625
1 0.4828125 0.26796875 0.02890625 0.05625
1 0.55234375 0.30546875 0.04140625 0.071875
1 0.63203125 0.36171875 0.0734375 0.1078125
1 0.6671875 0.30078125 0.034375 0.075
1 0.72734375 0.33828125 0.04765625 0.09296875
1 0.7875 0.1296875 0.1078125 0.16328125