1 0.040625 0.33203125 0.078125 0.196875
1 0.12265625 0.296875 0.065625 0.12109375
1 0.18828125 0.3546875 0.05234375 0.08515625
1 0.284375 0.33046875 0.071875 0.12109375
1 0.32890625 0.38046875 0.0421875 0.0875
1 0.3953125 0.37265625 0.05390625 0.090625
1 0.42890625 0.409375 0.04609375 0.06640625
1 0.44921875 0.38203125 0.0296875 0.0546875
1 0.54296875 0.38671875 0.04609375 0.07578125
1 0.6171875 0.36328125 0.04609375 0.07890625
1 0.7109375 0.3921875 0.034375 0.06953125
1 0.93984375 0.37421875 0.10390625 0.16640625