0 0.58046875 0.6625 0.159375 0.4078125
0 0.9328125 0.8453125 0.03984375 0.1125
0 0.41953125 0.69609375 0.01875 0.06875
0 0.3234375 0.70390625 0.01953125 0.053125
0 0.3375 0.6859375 0.0125 0.053125
0 0.334375 0.29609375 0.1171875 0.2734375
0 0.17265625 0.4265625 0.01171875 0.0296875
0 0.196875 0.2375 0.01171875 0.03359375
0 0.178125 0.23125 0.009375 0.0296875
0 0.196875 0.2046875 0.009375 0.02734375
0 0.1359375 0.23515625 0.0140625 0.03359375
0 0.12421875 0.19609375 0.0109375 0.02578125
0 0.14375 0.19609375 0.00859375 0.02578125
0 0.159375 0.19765625 0.00859375 0.02578125
0 0.178125 0.19609375 0.009375 0.02578125
1 0.3859375 0.7125 0.03125 0.0671875
1 0.3484375 0.68515625 0.0234375 0.05546875
1 0.303125 0.73203125 0.02265625 0.059375
1 0.27421875 0.68984375 0.02265625 0.0609375
1 0.2359375 0.75703125 0.0265625 0.053125
1 0.22578125 0.69609375 0.01953125 0.04921875
1 0.05390625 0.1890625 0.0171875 0.04296875
1 0.0109375 0.19453125 0.01953125 0.046875
1 0.09140625 0.21640625 0.01875 0.046875
1 0.1171875 0.23828125 0.009375 0.0234375
1 0.159375 0.24296875 0.009375 0.021875
1 0.146875 0.8859375 0.053125 0.1375