1 0.096875 0.29609375 0.0703125 0.1171875
1 0.19609375 0.33671875 0.04765625 0.071875
1 0.29375 0.228125 0.05234375 0.084375
1 0.41796875 0.278125 0.04375 0.08125
1 0.48828125 0.240625 0.05625 0.084375
1 0.55703125 0.37109375 0.05390625 0.1109375
1 0.60625 0.25703125 0.04765625 0.09296875
1 0.63515625 0.28359375 0.05390625 0.1109375
1 0.7328125 0.24296875 0.065625 0.1078125
1 0.79375 0.37421875 0.0921875 0.1234375
1 0.8140625 0.490625 0.1 0.159375
1 0.609375 0.44921875 0.065625 0.1171875
1 0.62734375 0.728125 0.10234375 0.146875
1 0.5609375 0.58984375 0.09765625 0.13515625
1 0.4390625 0.75546875 0.121875 0.17734375
1 0.17734375 0.64140625 0.14609375 0.1953125