1 0.04921875 0.3 0.0296875 0.0546875
1 0.028125 0.33359375 0.03984375 0.06640625
1 0.09609375 0.39375 0.05625 0.090625
1 0.15625 0.346875 0.05234375 0.0875
1 0.203125 0.309375 0.03828125 0.0609375
1 0.228125 0.259375 0.028125 0.0515625
1 0.21171875 0.53203125 0.08828125 0.13046875
1 0.1453125 0.77578125 0.12578125 0.16328125
1 0.3359375 0.403125 0.06015625 0.103125
1 0.51875 0.5109375 0.08203125 0.1546875
1 0.521875 0.3953125 0.05625 0.1
1 0.54921875 0.33359375 0.04609375 0.07890625
1 0.48984375 0.3015625 0.03203125 0.0578125
1 0.42734375 0.26953125 0.02578125 0.0484375
1 0.37890625 0.31640625 0.03828125 0.06328125
1 0.33515625 0.32265625 0.0421875 0.07578125
1 0.278125 0.32265625 0.03984375 0.06328125
1 0.28828125 0.26796875 0.03203125 0.0515625
1 0.30703125 0.2390625 0.0296875 0.0546875
1 0.34296875 0.25 0.0296875 0.0453125
1 0.66484375 0.3125 0.03828125 0.0609375
1 0.7140625 0.3453125 0.03984375 0.07890625
1 0.79921875 0.43203125 0.05 0.08203125
1 0.91484375 0.496875 0.078125 0.1453125
1 0.9109375 0.37890625 0.05390625 0.06640625
1 0.76875 0.16484375 0.03828125 0.0578125