1 0.17421875 0.49453125 0.04453125 0.08046875
1 0.25859375 0.265625 0.0203125 0.034375
1 0.28125 0.2625 0.01875 0.034375
1 0.375 0.278125 0.01875 0.04140625
1 0.490625 0.30859375 0.03046875 0.05859375
1 0.54375 0.325 0.028125 0.0390625
1 0.68828125 0.32578125 0.02421875 0.0546875
1 0.71875 0.34140625 0.02265625 0.06875
1 0.78984375 0.37734375 0.03515625 0.06875
1 0.8921875 0.378125 0.034375 0.0703125
1 0.9046875 0.29921875 0.0171875 0.05
1 0.828125 0.31484375 0.02421875 0.05
1 0.7703125 0.27734375 0.0265625 0.05
1 0.70703125 0.27265625 0.02734375 0.04140625
1 0.74375 0.23828125 0.025 0.034375
1 0.73671875 0.18203125 0.01953125 0.04140625
1 0.78046875 0.19921875 0.01875 0.04453125
1 0.8296875 0.203125 0.02109375 0.04296875
1 0.69296875 0.1875 0.025 0.0328125
1 0.659375 0.2203125 0.03046875 0.04296875
1 0.61015625 0.259375 0.0328125 0.04453125
1 0.559375 0.26328125 0.028125 0.04609375
1 0.540625 0.19375 0.025 0.0375
1 0.43125 0.23203125 0.025 0.0328125
1 0.40390625 0.22265625 0.0265625 0.02734375
1 0.3671875 0.2203125 0.02265625 0.02578125
1 0.70078125 0.0578125 0.01171875 0.02578125
1 0.803125 0.13984375 0.02265625 0.0359375
1 0.828125 0.140625 0.01640625 0.0375
1 0.84296875 0.11953125 0.01484375 0.0328125
1 0.8671875 0.13046875 0.0171875 0.03125
1 0.8859375 0.13359375 0.01171875 0.0546875
1 0.9046875 0.1421875 0.009375 0.034375
1 0.928125 0.146875 0.02265625 0.05
1 0.87578125 0.196875 0.028125 0.04765625
1 0.92578125 0.225 0.025 0.0375
1 0.86484375 0.25390625 0.0265625 0.04765625
1 0.44140625 0.19375 0.01953125 0.02421875
1 0.4734375 0.1890625 0.0109375 0.034375
1 0.4890625 0.1984375 0.015625 0.0390625
1 0.51171875 0.12578125 0.01484375 0.02890625
1 0.5328125 0.1234375 0.015625 0.02734375
1 0.6171875 0.14921875 0.0125 0.03125
1 0.65078125 0.1421875 0.015625 0.03125
1 0.65 0.1125 0.01875 0.02265625
1 0.584375 0.14375 0.01875 0.03125
1 0.565625 0.1328125 0.015625 0.02578125
1 0.44921875 0.15390625 0.015625 0.01875
1 0.46796875 0.15234375 0.01953125 0.02421875
1 0.58828125 0.11328125 0.01640625 0.0203125
1 0.546875 0.0703125 0.0171875 0.02734375
1 0.62421875 0.09765625 0.025 0.0375
1 0.3640625 0.19140625 0.01640625 0.02265625