1 0.18515625 0.35625 0.11875 0.21171875
1 0.0984375 0.2640625 0.03671875 0.06875
1 0.25546875 0.3265625 0.03671875 0.0828125
1 0.27265625 0.25390625 0.025 0.0484375
1 0.30234375 0.2265625 0.02578125 0.04375
1 0.32421875 0.24375 0.02578125 0.04609375
1 0.33046875 0.309375 0.04296875 0.08046875
1 0.3765625 0.28125 0.03671875 0.06171875
1 0.38125 0.23828125 0.03046875 0.0484375
1 0.41640625 0.22421875 0.02578125 0.0484375
1 0.428125 0.3703125 0.05078125 0.0875
1 0.38203125 0.4296875 0.06328125 0.11953125
1 0.42890625 0.27265625 0.02734375 0.053125
1 0.45625 0.24921875 0.02578125 0.0484375
1 0.55859375 0.28046875 0.03359375 0.05546875
1 0.578125 0.2484375 0.03046875 0.05546875
1 0.60546875 0.22734375 0.02578125 0.04140625
1 0.6484375 0.44140625 0.07265625 0.11484375
1 0.671875 0.3796875 0.04765625 0.0828125
1 0.69765625 0.35078125 0.04453125 0.08515625
1 0.70546875 0.2390625 0.02890625 0.05546875
1 0.81953125 0.23203125 0.02890625 0.05546875
1 0.83828125 0.27109375 0.03359375 0.06015625
1 0.8359375 0.3421875 0.04453125 0.0921875
1 0.875 0.309375 0.03984375 0.07109375
1 0.8609375 0.27734375 0.03203125 0.0390625
1 0.953125 0.5 0.08125 0.13984375
1 0.9765625 0.26328125 0.02734375 0.053125
1 0.95078125 0.23671875 0.02734375 0.05078125