1 0.84921875 0.753125 0.13046875 0.190625
1 0.92890625 0.51796875 0.071875 0.1296875
1 0.95234375 0.42890625 0.0484375 0.065625
1 0.9359375 0.3953125 0.0375 0.0515625
1 0.8125 0.39453125 0.028125 0.0453125
1 0.74609375 0.44609375 0.03984375 0.0640625
1 0.74453125 0.41171875 0.028125 0.03828125
1 0.69765625 0.37578125 0.0234375 0.04453125
1 0.6546875 0.30078125 0.02578125 0.0359375
1 0.60234375 0.4515625 0.03984375 0.075
1 0.5328125 0.509375 0.053125 0.0890625
1 0.26484375 0.603125 0.08984375 0.14453125
1 0.03515625 0.56875 0.065625 0.128125
1 0.02421875 0.4390625 0.04296875 0.08046875
1 0.06328125 0.396875 0.0328125 0.04609375
1 0.16171875 0.4 0.03828125 0.0609375
1 0.209375 0.38359375 0.03046875 0.040625
1 0.2890625 0.3953125 0.028125 0.0390625
1 0.31796875 0.41953125 0.0296875 0.05703125
1 0.303125 0.36875 0.02421875 0.03984375
1 0.4015625 0.403125 0.0359375 0.0484375
1 0.4 0.36640625 0.0203125 0.02890625
1 0.496875 0.38515625 0.021875 0.0390625
1 0.50859375 0.36640625 0.015625 0.034375
1 0.571875 0.384375 0.021875 0.04140625
1 0.5953125 0.4171875 0.03125 0.046875