1 0.6140625 0.6421875 0.03125 0.0484375
1 0.59453125 0.78203125 0.0515625 0.0796875
1 0.7234375 0.8015625 0.0703125 0.08984375
1 0.828125 0.74140625 0.04375 0.06328125
1 0.90625 0.77265625 0.0578125 0.09140625
1 0.51953125 0.79921875 0.05390625 0.071875
1 0.55078125 0.775 0.0390625 0.06015625
1 0.4203125 0.8015625 0.0484375 0.06015625
1 0.44453125 0.7796875 0.0390625 0.046875
1 0.36484375 0.78984375 0.04765625 0.046875
1 0.328125 0.77421875 0.0359375 0.0453125
1 0.134375 0.83359375 0.09609375 0.1296875
1 0.1859375 0.80390625 0.05234375 0.078125