1 0.11875 0.46796875 0.0421875 0.05703125
1 0.1828125 0.5 0.03984375 0.06015625
1 0.2296875 0.51640625 0.03515625 0.053125
1 0.2265625 0.43671875 0.0328125 0.06015625
1 0.26640625 0.4984375 0.0421875 0.05703125
1 0.2984375 0.54296875 0.0375 0.06640625
1 0.2921875 0.45 0.025 0.03984375
1 0.36015625 0.4515625 0.0296875 0.05
1 0.35234375 0.5203125 0.03515625 0.03984375
1 0.3421875 0.58515625 0.03984375 0.06328125
1 0.3953125 0.575 0.03515625 0.05
1 0.3921875 0.50859375 0.0296875 0.05
1 0.41484375 0.43359375 0.0296875 0.053125
1 0.4296875 0.525 0.0296875 0.05
1 0.45390625 0.596875 0.0375 0.06640625
1 0.4828125 0.5546875 0.03984375 0.05703125
1 0.51015625 0.475 0.03515625 0.05703125
1 0.48515625 0.41171875 0.0296875 0.06328125
1 0.55625 0.4453125 0.02734375 0.05
1 0.54609375 0.5453125 0.0421875 0.05703125
1 0.5578125 0.65859375 0.03984375 0.05
1 0.66640625 0.56171875 0.0328125 0.04296875
1 0.64375 0.603125 0.0375 0.053125
1 0.7125 0.5953125 0.03515625 0.05703125
1 0.81640625 0.59140625 0.0421875 0.05703125
1 0.7765625 0.478125 0.0328125 0.05703125
1 0.8203125 0.44296875 0.03984375 0.046875
1 0.6984375 0.44296875 0.0328125 0.046875
1 0.6734375 0.48984375 0.0328125 0.06015625
1 0.6265625 0.46171875 0.0328125 0.05703125
1 0.60859375 0.49140625 0.0328125 0.05703125
1 0.5875 0.43828125 0.025 0.04296875