1 0.2015625 0.45859375 0.05390625 0.09921875
1 0.259375 0.4265625 0.0484375 0.1046875
1 0.2375 0.23828125 0.0234375 0.04609375
1 0.35546875 0.26875 0.01875 0.04453125
1 0.37421875 0.26015625 0.0203125 0.03984375
1 0.4265625 0.2296875 0.021875 0.03828125
1 0.44921875 0.2296875 0.0203125 0.04140625
1 0.440625 0.2859375 0.0265625 0.04453125
1 0.50078125 0.2921875 0.040625 0.06484375
1 0.46015625 0.18671875 0.01796875 0.03671875
1 0.48359375 0.19296875 0.01875 0.04140625
1 0.4671875 0.15546875 0.01171875 0.0296875
1 0.4765625 0.1484375 0.01328125 0.028125
1 0.48515625 0.16171875 0.01640625 0.025
1 0.49296875 0.12734375 0.0140625 0.0296875
1 0.51484375 0.07109375 0.009375 0.0234375
1 0.52890625 0.1640625 0.01796875 0.03984375
1 0.540625 0.140625 0.01484375 0.0328125
1 0.56796875 0.1515625 0.01484375 0.03515625
1 0.546875 0.19453125 0.021875 0.04140625
1 0.59609375 0.15078125 0.01640625 0.03984375
1 0.67109375 0.24375 0.02734375 0.05625
1 0.7265625 0.2859375 0.03046875 0.0578125
1 0.77578125 0.29296875 0.03203125 0.05625
1 0.69375 0.16484375 0.01875 0.03828125
1 0.728125 0.15078125 0.01796875 0.03671875
1 0.7578125 0.06015625 0.01640625 0.03515625
1 0.7484375 0.15859375 0.01484375 0.0328125
1 0.75859375 0.1421875 0.01796875 0.0296875
1 0.771875 0.17421875 0.0171875 0.04296875
1 0.8140625 0.1890625 0.01796875 0.03671875
1 0.828125 0.12578125 0.01484375 0.03671875
1 0.915625 0.0828125 0.01796875 0.03984375
1 0.8890625 0.2265625 0.02109375 0.04609375