1 0.1578125 0.35078125 0.03203125 0.065625
1 0.2453125 0.284375 0.0171875 0.03828125
1 0.27578125 0.25625 0.0203125 0.04453125
1 0.28828125 0.2875 0.02109375 0.034375
1 0.34296875 0.27578125 0.02109375 0.04140625
1 0.37421875 0.2828125 0.0171875 0.04140625
1 0.36484375 0.2546875 0.01328125 0.03828125
1 0.378125 0.2359375 0.01484375 0.03984375
1 0.37890625 0.18359375 0.01328125 0.028125
1 0.35625 0.23203125 0.0140625 0.0296875
1 0.40234375 0.1828125 0.01484375 0.0296875
1 0.415625 0.1765625 0.01484375 0.03984375
1 0.44140625 0.22890625 0.01953125 0.03984375
1 0.446875 0.18515625 0.01171875 0.03125
1 0.4625 0.19140625 0.0171875 0.03984375
1 0.46640625 0.228125 0.021875 0.04140625
1 0.44296875 0.1625 0.0109375 0.025
1 0.478125 0.146875 0.01171875 0.0234375
1 0.4765625 0.1734375 0.01640625 0.03828125
1 0.5078125 0.18359375 0.015625 0.034375
1 0.509375 0.15078125 0.0171875 0.03125
1 0.4953125 0.1421875 0.0109375 0.028125
1 0.52109375 0.13984375 0.01328125 0.0265625
1 0.54375 0.190625 0.01875 0.04765625
1 0.559375 0.1796875 0.01953125 0.03984375
1 0.55703125 0.13515625 0.015625 0.0296875
1 0.54765625 0.128125 0.0171875 0.0296875
1 0.5828125 0.1375 0.01484375 0.03125
1 0.58984375 0.115625 0.015625 0.0265625
1 0.6125 0.13984375 0.01953125 0.0328125
1 0.61171875 0.10859375 0.015625 0.0296875
1 0.63671875 0.10390625 0.01328125 0.0265625
1 0.6515625 0.13203125 0.01484375 0.0296875
1 0.6421875 0.13515625 0.01328125 0.0265625
1 0.6609375 0.1125 0.01328125 0.03125
1 0.69765625 0.10546875 0.01484375 0.0296875
1 0.68984375 0.14140625 0.0203125 0.0359375
1 0.65234375 0.171875 0.01875 0.04453125
1 0.6203125 0.20234375 0.01953125 0.04296875
1 0.609375 0.26015625 0.0234375 0.04921875
1 0.55546875 0.2515625 0.02734375 0.0578125
1 0.52578125 0.32421875 0.034375 0.059375
1 0.484375 0.30703125 0.02578125 0.0609375
1 0.60859375 0.321875 0.03203125 0.0609375
1 0.7078125 0.3140625 0.0296875 0.0640625
1 0.7421875 0.35390625 0.03515625 0.07578125
1 0.8015625 0.39765625 0.03359375 0.0671875
1 0.89765625 0.42421875 0.03828125 0.084375
1 0.896875 0.328125 0.03046875 0.059375
1 0.828125 0.30703125 0.02734375 0.0578125
1 0.7671875 0.26953125 0.02578125 0.04765625
1 0.72265625 0.246875 0.02421875 0.04921875
1 0.70390625 0.22734375 0.021875 0.04296875
1 0.65546875 0.2171875 0.0234375 0.04609375
1 0.70234375 0.178125 0.0203125 0.04609375
1 0.721875 0.196875 0.02421875 0.04765625
1 0.74453125 0.2296875 0.0234375 0.05078125
1 0.728125 0.1390625 0.01484375 0.03125
1 0.728125 0.11796875 0.01640625 0.03125
1 0.759375 0.13515625 0.01171875 0.0296875
1 0.77109375 0.14453125 0.01640625 0.03828125
1 0.8046875 0.15546875 0.0171875 0.03828125
1 0.7765625 0.20859375 0.0171875 0.04765625
1 0.80546875 0.2453125 0.0234375 0.04921875
1 0.8203125 0.2109375 0.01953125 0.04609375
1 0.8203125 0.1421875 0.01484375 0.034375
1 0.825 0.11953125 0.01484375 0.03125
1 0.85 0.1421875 0.01328125 0.03125
1 0.85703125 0.134375 0.0109375 0.028125
1 0.85 0.1734375 0.01640625 0.034375
1 0.87265625 0.2109375 0.0203125 0.04296875
1 0.86171875 0.26640625 0.01875 0.04765625
1 0.91015625 0.26171875 0.025 0.04609375
1 0.915625 0.19453125 0.0203125 0.03984375
1 0.88203125 0.15546875 0.0140625 0.034375
1 0.89453125 0.13828125 0.01171875 0.0265625