1 0.34765625 0.22578125 0.0171875 0.034375
1 0.346875 0.2484375 0.02265625 0.028125
1 0.4109375 0.25859375 0.02109375 0.0375
1 0.4296875 0.22578125 0.0171875 0.034375
1 0.45078125 0.23203125 0.01796875 0.0375
1 0.4984375 0.23125 0.021875 0.04296875
1 0.51171875 0.190625 0.0203125 0.0359375
1 0.5296875 0.14453125 0.01640625 0.0265625
1 0.55859375 0.2109375 0.02109375 0.05078125
1 0.59765625 0.1890625 0.025 0.04609375
1 0.6375 0.15234375 0.0171875 0.0328125
1 0.60703125 0.246875 0.02578125 0.05390625
1 0.67890625 0.20703125 0.02421875 0.04921875
1 0.74140625 0.19140625 0.01796875 0.028125
1 0.65078125 0.253125 0.021875 0.04296875
1 0.69609375 0.2640625 0.0203125 0.0390625
1 0.74375 0.3 0.0203125 0.05390625
1 0.78046875 0.30546875 0.03046875 0.06875
1 0.85390625 0.246875 0.02421875 0.05078125
1 0.86015625 0.215625 0.0203125 0.0375
1 0.8765625 0.3203125 0.02421875 0.059375
1 0.9109375 0.234375 0.01796875 0.034375
1 0.934375 0.2484375 0.0171875 0.05078125
1 0.9390625 0.34921875 0.02109375 0.0578125
1 0.953125 0.28359375 0.0203125 0.05078125
1 0.953125 0.24453125 0.02421875 0.0390625
1 0.7828125 0.2609375 0.03046875 0.0390625
1 0.8859375 0.2875 0.02734375 0.059375