1 0.16875 0.23984375 0.1828125 0.4734375
1 0.24921875 0.40703125 0.05390625 0.2265625
1 0.3171875 0.36484375 0.059375 0.21640625
1 0.3421875 0.3 0.02734375 0.1
1 0.4203125 0.36015625 0.046875 0.16015625
1 0.49453125 0.35 0.0265625 0.10703125
1 0.55546875 0.3203125 0.0265625 0.09296875
1 0.58046875 0.3 0.02265625 0.09296875
1 0.65 0.2703125 0.02421875 0.09296875
1 0.590625 0.51328125 0.04765625 0.20703125
1 0.61875 0.46171875 0.05 0.18359375
1 0.55859375 0.44140625 0.03359375 0.14296875
1 0.7171875 0.41796875 0.11015625 0.403125
1 0.66015625 0.38671875 0.0328125 0.1265625
1 0.81875 0.30859375 0.02421875 0.08359375
1 0.8171875 0.21328125 0.01953125 0.0796875
1 0.89453125 0.2703125 0.0328125 0.10703125
1 0.91875 0.16640625 0.02109375 0.0796875
1 0.9578125 0.25 0.034375 0.1265625
1 0.98984375 0.146875 0.0203125 0.1
1 0.89453125 0.53359375 0.12421875 0.40703125