1 0.165625 0.69375 0.21015625 0.29765625
1 0.1671875 0.5015625 0.0578125 0.084375
1 0.16015625 0.4609375 0.05078125 0.059375
1 0.078125 0.46875 0.0421875 0.0578125
1 0.03359375 0.453125 0.03359375 0.04921875
1 0.0125 0.45546875 0.0234375 0.0546875
1 0.01328125 0.3734375 0.02421875 0.0453125
1 0.10390625 0.378125 0.0359375 0.04765625
1 0.15859375 0.42890625 0.03671875 0.040625
1 0.2296875 0.440625 0.03828125 0.0453125
1 0.28984375 0.434375 0.02734375 0.0390625
1 0.33984375 0.46171875 0.0359375 0.0578125
1 0.36875 0.471875 0.04609375 0.07265625
1 0.43125 0.49921875 0.06171875 0.09375
1 0.4234375 0.37421875 0.04296875 0.06328125
1 0.31640625 0.4203125 0.0265625 0.03125
1 0.33203125 0.434375 0.021875 0.03203125
1 0.51171875 0.46484375 0.0390625 0.0703125
1 0.521875 0.43203125 0.025 0.04921875
1 0.55859375 0.4265625 0.03359375 0.04609375
1 0.5859375 0.37890625 0.02109375 0.0390625
1 0.60390625 0.43046875 0.02734375 0.04609375
1 0.63828125 0.45859375 0.0421875 0.06875
1 0.67265625 0.4375 0.03828125 0.065625
1 0.71015625 0.42109375 0.02421875 0.0421875
1 0.76875 0.3625 0.02109375 0.03359375
1 0.51484375 0.6359375 0.14296875 0.22734375
1 0.6390625 0.55234375 0.0796875 0.14296875
1 0.81796875 0.571875 0.103125 0.14921875
1 0.8640625 0.50625 0.065625 0.1078125
1 0.78125 0.440625 0.0484375 0.07265625
1 0.84140625 0.44765625 0.0390625 0.05078125
1 0.90390625 0.421875 0.03828125 0.0546875
1 0.965625 0.4640625 0.04609375 0.07734375
1 0.940625 0.38203125 0.0328125 0.0453125