1 0.1578125 0.265625 0.07265625 0.11796875
1 0.090625 0.19765625 0.06875 0.10859375
1 0.2484375 0.6078125 0.0484375 0.09609375
1 0.2265625 0.56640625 0.05859375 0.078125
1 0.2578125 0.53046875 0.05234375 0.090625
1 0.23125 0.46796875 0.05234375 0.0890625
1 0.3453125 0.446875 0.0484375 0.08515625
1 0.3703125 0.1578125 0.0546875 0.08359375
1 0.42890625 0.45390625 0.04765625 0.09609375
1 0.51484375 0.18828125 0.0453125 0.0796875
1 0.59140625 0.4796875 0.05234375 0.09453125
1 0.59453125 0.32578125 0.05859375 0.09453125
1 0.75 0.2265625 0.0625 0.09765625
1 0.75390625 0.11953125 0.075 0.10859375
1 0.82265625 0.15234375 0.0796875 0.10859375
1 0.9171875 0.56328125 0.07734375 0.1234375