1 0.10703125 0.91015625 0.19453125 0.17890625
1 0.23515625 0.8484375 0.13828125 0.24765625
1 0.39921875 0.7046875 0.09765625 0.20546875
1 0.4953125 0.6734375 0.07578125 0.13828125
1 0.565625 0.6234375 0.0609375 0.121875
1 0.62578125 0.5375 0.0484375 0.0828125
1 0.85625 0.37734375 0.078125 0.125
1 0.7078125 0.53671875 0.03046875 0.05546875
1 0.75625 0.4890625 0.0171875 0.040625
1 0.634375 0.48515625 0.0234375 0.03984375
1 0.646875 0.47421875 0.01953125 0.03671875
1 0.6578125 0.4609375 0.0234375 0.03359375
1 0.61328125 0.4875 0.021875 0.04140625
1 0.590625 0.4953125 0.02578125 0.04921875
1 0.56015625 0.5171875 0.03046875 0.059375
1 0.51328125 0.5625 0.053125 0.09375
1 0.44453125 0.53828125 0.04375 0.0875
1 0.37265625 0.546875 0.05234375 0.08984375
1 0.26171875 0.58515625 0.059375 0.0921875
1 0.1421875 0.6515625 0.07734375 0.121875
1 0.16875 0.578125 0.0609375 0.10859375
1 0.4578125 0.4765625 0.028125 0.06171875
1 0.4828125 0.4828125 0.0171875 0.0359375
1 0.5171875 0.484375 0.02265625 0.040625
1 0.53671875 0.4671875 0.021875 0.040625
1 0.56015625 0.45625 0.021875 0.04140625
1 0.5875 0.4453125 0.0203125 0.03671875
1 0.503125 0.45 0.01875 0.03203125
1 0.409375 0.45703125 0.02421875 0.04140625
1 0.43828125 0.43046875 0.01640625 0.028125
1 0.38046875 0.45625 0.02109375 0.046875
1 0.3359375 0.46171875 0.021875 0.04296875
1 0.29453125 0.4453125 0.025 0.0453125
1 0.27734375 0.5109375 0.040625 0.06171875
1 0.3140625 0.4265625 0.0203125 0.03984375
1 0.2203125 0.50859375 0.04921875 0.078125
1 0.12734375 0.5375 0.04453125 0.071875
1 0.13984375 0.471875 0.0453125 0.06171875
1 0.0578125 0.46953125 0.0484375 0.075
1 0.02109375 0.5359375 0.03828125 0.10625
1 0.06640625 0.403125 0.02265625 0.04609375
1 0.046875 0.37265625 0.01484375 0.02734375
1 0.01796875 0.36328125 0.0171875 0.025
1 0.0859375 0.38046875 0.015625 0.0265625
1 0.10859375 0.4015625 0.01953125 0.034375
1 0.1296875 0.3828125 0.015625 0.025
1 0.153125 0.38125 0.0140625 0.02578125
1 0.14765625 0.40859375 0.01953125 0.03515625
1 0.16328125 0.3734375 0.01484375 0.02421875
1 0.19296875 0.38828125 0.0203125 0.03359375
1 0.23046875 0.4015625 0.01875 0.03203125
1 0.25390625 0.4125 0.0171875 0.03125
1 0.2203125 0.4 0.01484375 0.01875