1 0.02578125 0.40078125 0.025 0.05078125
1 0.22734375 0.33203125 0.0171875 0.0328125
1 0.25625 0.33828125 0.02109375 0.0453125
1 0.28125 0.35546875 0.021875 0.0421875
1 0.28203125 0.2984375 0.01484375 0.03515625
1 0.32890625 0.35703125 0.02265625 0.0421875
1 0.346875 0.284375 0.0125 0.0296875
1 0.36875 0.34375 0.0171875 0.03828125
1 0.36171875 0.31640625 0.01640625 0.0328125
1 0.4 0.334375 0.01796875 0.03671875
1 0.43046875 0.33359375 0.0234375 0.04921875
1 0.428125 0.30078125 0.02109375 0.03828125
1 0.4171875 0.278125 0.0171875 0.03359375
1 0.39765625 0.28828125 0.015625 0.03515625
1 0.390625 0.26875 0.01328125 0.0265625
1 0.378125 0.25234375 0.01328125 0.028125
1 0.45703125 0.29765625 0.01953125 0.03671875
1 0.4453125 0.2390625 0.0125 0.0296875
1 0.45703125 0.23515625 0.0171875 0.0328125
1 0.4828125 0.25859375 0.0171875 0.0296875
1 0.49765625 0.2734375 0.0203125 0.03671875
1 0.5015625 0.2421875 0.0125 0.02421875
1 0.51796875 0.2609375 0.015625 0.03125
1 0.53828125 0.2796875 0.01796875 0.03828125
1 0.5328125 0.21953125 0.0140625 0.02421875
1 0.54609375 0.25078125 0.01484375 0.025
1 0.55546875 0.2359375 0.0125 0.02421875
1 0.55078125 0.21484375 0.01171875 0.02421875
1 0.5828125 0.2390625 0.01484375 0.0328125
1 0.58359375 0.2171875 0.01328125 0.028125
1 0.59140625 0.19765625 0.0140625 0.028125
1 0.60625 0.21171875 0.01171875 0.025
1 0.61640625 0.22421875 0.01328125 0.025
1 0.6234375 0.2421875 0.01328125 0.0296875
1 0.63203125 0.22890625 0.01484375 0.0265625
1 0.63515625 0.21015625 0.01171875 0.028125
1 0.64765625 0.22109375 0.0125 0.03125
1 0.66171875 0.22421875 0.01484375 0.025
1 0.4875 0.38046875 0.025 0.0609375
1 0.50234375 0.321875 0.021875 0.03984375
1 0.52734375 0.39921875 0.0296875 0.05390625
1 0.52109375 0.3671875 0.028125 0.04375
1 0.578125 0.31875 0.02578125 0.04765625
1 0.58515625 0.37109375 0.02734375 0.04765625
1 0.5921875 0.4203125 0.03203125 0.05625
1 0.646875 0.44453125 0.03515625 0.0703125
1 0.68671875 0.48359375 0.03984375 0.08203125
1 0.628125 0.32578125 0.0203125 0.0421875
1 0.61171875 0.2984375 0.0171875 0.03515625
1 0.64921875 0.26171875 0.015625 0.03828125
1 0.67734375 0.2546875 0.01484375 0.0328125
1 0.7 0.271875 0.0171875 0.03515625
1 0.66640625 0.33359375 0.02265625 0.04921875
1 0.640625 0.3578125 0.02578125 0.0546875
1 0.71328125 0.3921875 0.02578125 0.05078125
1 0.7609375 0.3921875 0.0296875 0.05625
1 0.78203125 0.365625 0.02265625 0.046875
1 0.8265625 0.40703125 0.025 0.04375
1 0.81640625 0.44921875 0.0375 0.06640625
1 0.80625 0.5046875 0.03125 0.06796875
1 0.87109375 0.4578125 0.0265625 0.06328125
1 0.884375 0.3875 0.02109375 0.05078125
1 0.8921875 0.3515625 0.02265625 0.05078125
1 0.8859375 0.3078125 0.01953125 0.03984375
1 0.9 0.2765625 0.015625 0.03125
1 0.859375 0.2796875 0.01796875 0.040625
1 0.840625 0.309375 0.01875 0.04375
1 0.83203125 0.34453125 0.02109375 0.04765625
1 0.78203125 0.325 0.02265625 0.03828125
1 0.78671875 0.2953125 0.0171875 0.03515625
1 0.73984375 0.27890625 0.01875 0.040625
1 0.71875 0.2625 0.01640625 0.03359375
1 0.71796875 0.21953125 0.0171875 0.0296875
1 0.746875 0.2484375 0.0140625 0.03125
1 0.75546875 0.22265625 0.01953125 0.03359375
1 0.77890625 0.2390625 0.0171875 0.03515625
1 0.8125 0.24921875 0.01484375 0.03828125
1 0.8234375 0.28125 0.01484375 0.03515625
1 0.82890625 0.26015625 0.0140625 0.0265625
1 0.84375 0.24609375 0.0140625 0.03515625