1 0.1703125 0.1953125 0.25234375 0.3859375
1 0.278125 0.228125 0.07578125 0.16953125
1 0.39375 0.33515625 0.06171875 0.1453125
1 0.44765625 0.3984375 0.09140625 0.175
1 0.35546875 0.553125 0.12890625 0.2296875
1 0.4671875 0.27421875 0.07109375 0.1421875
1 0.65078125 0.3109375 0.07734375 0.153125
1 0.72421875 0.40390625 0.109375 0.16875
1 0.63984375 0.58671875 0.1171875 0.209375
1 0.68125 0.196875 0.0765625 0.140625
1 0.88359375 0.36640625 0.09296875 0.18203125
1 0.96796875 0.5328125 0.0640625 0.22734375
1 0.86015625 0.278125 0.09296875 0.19921875