1 0.3453125 0.23515625 0.01953125 0.0375
1 0.35625 0.31171875 0.0203125 0.0390625
1 0.3921875 0.30078125 0.01953125 0.0375
1 0.40234375 0.22734375 0.01875 0.034375
1 0.36875 0.20234375 0.01484375 0.028125
1 0.396875 0.1890625 0.0109375 0.03125
1 0.4109375 0.203125 0.01796875 0.0359375
1 0.4609375 0.2328125 0.01796875 0.0328125
1 0.49296875 0.23125 0.01953125 0.0390625
1 0.49453125 0.2046875 0.01875 0.0328125
1 0.47890625 0.18984375 0.0140625 0.0296875
1 0.4625 0.20625 0.015625 0.0265625
1 0.453125 0.184375 0.01484375 0.028125
1 0.58046875 0.14453125 0.0140625 0.0265625
1 0.49375 0.309375 0.025 0.04453125
1 0.63125 0.2515625 0.0203125 0.04765625
1 0.671875 0.0625 0.0109375 0.02265625
1 0.7140625 0.19375 0.01875 0.04296875
1 0.759375 0.24609375 0.01875 0.05234375
1 0.92734375 0.2296875 0.0171875 0.0390625