1 0.10703125 0.29609375 0.0234375 0.0484375
1 0.13359375 0.30234375 0.0265625 0.0515625
1 0.328125 0.22421875 0.015625 0.028125
1 0.3515625 0.2234375 0.01953125 0.0296875
1 0.35390625 0.25859375 0.0203125 0.03984375
1 0.378125 0.23671875 0.01953125 0.03671875
1 0.39140625 0.2859375 0.025 0.0515625
1 0.36171875 0.3078125 0.02421875 0.0453125
1 0.38359375 0.1859375 0.01328125 0.03203125
1 0.396875 0.18515625 0.015625 0.03359375
1 0.421875 0.18828125 0.01484375 0.03359375
1 0.44921875 0.184375 0.0171875 0.03828125
1 0.4609375 0.20078125 0.0171875 0.03203125
1 0.46796875 0.23359375 0.02265625 0.05
1 0.475 0.196875 0.01796875 0.03671875
1 0.48984375 0.153125 0.01875 0.03359375
1 0.52109375 0.1734375 0.01875 0.03671875
1 0.5515625 0.159375 0.01796875 0.03203125
1 0.49375 0.29921875 0.02890625 0.0515625
1 0.57578125 0.1296875 0.01796875 0.03359375
1 0.58984375 0.1609375 0.021875 0.04140625
1 0.62734375 0.19921875 0.01953125 0.03828125
1 0.61953125 0.25078125 0.02421875 0.0515625
1 0.65546875 0.2734375 0.0296875 0.05703125
1 0.6609375 0.2078125 0.021875 0.04140625
1 0.6859375 0.2234375 0.0265625 0.05
1 0.6953125 0.1625 0.01953125 0.03828125
1 0.73359375 0.20234375 0.0234375 0.04140625
1 0.76953125 0.1671875 0.01953125 0.04140625
1 0.7546875 0.24296875 0.021875 0.046875
1 0.709375 0.27890625 0.025 0.0546875
1 0.759375 0.3125 0.02890625 0.0546875
1 0.83671875 0.32421875 0.03125 0.06171875
1 0.92109375 0.2328125 0.02421875 0.0484375