1 0.04296875 0.4171875 0.03984375 0.084375
1 0.03046875 0.4484375 0.0515625 0.10625
1 0.1390625 0.43515625 0.05078125 0.08828125
1 0.178125 0.4953125 0.078125 0.1171875
1 0.1796875 0.425 0.0484375 0.071875
1 0.2265625 0.45078125 0.05546875 0.09765625
1 0.32734375 0.471875 0.05625 0.08984375
1 0.33203125 0.403125 0.0390625 0.0734375
1 0.36875 0.4203125 0.028125 0.06171875
1 0.396875 0.4390625 0.03671875 0.06328125
1 0.46484375 0.48125 0.0625 0.0796875
1 0.509375 0.4390625 0.0375 0.0796875
1 0.51328125 0.34296875 0.03125 0.06015625
1 0.56875 0.5171875 0.1015625 0.20390625
1 0.603125 0.45703125 0.06484375 0.109375
1 0.68515625 0.45078125 0.046875 0.075
1 0.7828125 0.5015625 0.0734375 0.1140625
1 0.87421875 0.61171875 0.14140625 0.25234375
1 0.9171875 0.45546875 0.07890625 0.12890625