1 0.09375 0.4203125 0.07734375 0.1203125
1 0.0546875 0.46171875 0.08515625 0.11015625
1 0.05859375 0.53515625 0.1125 0.1296875
1 0.04140625 0.61640625 0.07265625 0.16015625
1 0.3828125 0.30703125 0.075 0.11328125
1 0.45390625 0.3296875 0.07734375 0.13359375
1 0.5203125 0.30703125 0.08984375 0.11328125
1 0.55 0.3703125 0.11484375 0.18671875
1 0.7 0.4234375 0.1796875 0.253125
1 0.6234375 0.25859375 0.07265625 0.103125
1 0.6875 0.05859375 0.05 0.0765625
1 0.79609375 0.2765625 0.10234375 0.16015625
1 0.7234375 0.25703125 0.07265625 0.11328125
1 0.6640625 0.24296875 0.05234375 0.08671875
1 0.93359375 0.1796875 0.07265625 0.10703125