1 0.04609375 0.578125 0.04921875 0.065625
1 0.10234375 0.61953125 0.04765625 0.06796875
1 0.22109375 0.553125 0.03203125 0.053125
1 0.253125 0.56171875 0.04140625 0.05703125
1 0.32109375 0.5515625 0.02578125 0.040625
1 0.30703125 0.53359375 0.02578125 0.03515625
1 0.35078125 0.52421875 0.02734375 0.040625
1 0.378125 0.53828125 0.03046875 0.04296875
1 0.42109375 0.52578125 0.02890625 0.0390625
1 0.5453125 0.4671875 0.02578125 0.03671875
1 0.5859375 0.6125 0.06171875 0.08984375
1 0.64921875 0.8015625 0.1109375 0.16015625
1 0.75390625 0.6078125 0.05546875 0.09609375
1 0.7171875 0.56328125 0.03359375 0.05703125
1 0.75390625 0.52890625 0.03046875 0.040625
1 0.66484375 0.51953125 0.03046875 0.05546875
1 0.6359375 0.55234375 0.03828125 0.0515625