1 0.15390625 0.43203125 0.0203125 0.03671875
1 0.03671875 0.74140625 0.06796875 0.12890625
1 0.02421875 0.65390625 0.04375 0.0734375
1 0.0671875 0.68046875 0.05234375 0.0765625
1 0.0625 0.6171875 0.034375 0.05390625
1 0.053125 0.5671875 0.03203125 0.05390625
1 0.015625 0.5546875 0.0234375 0.04453125
1 0.146875 0.65390625 0.03203125 0.0578125
1 0.16953125 0.70546875 0.04765625 0.0765625
1 0.23984375 0.871875 0.12578125 0.14453125
1 0.3 0.78828125 0.06640625 0.1234375
1 0.2765625 0.684375 0.05546875 0.08828125
1 0.20546875 0.64609375 0.0421875 0.0578125
1 0.196875 0.5390625 0.03203125 0.03671875
1 0.23046875 0.55703125 0.0234375 0.040625
1 0.25 0.5296875 0.02578125 0.040625
1 0.2875 0.55703125 0.0234375 0.040625
1 0.296875 0.5234375 0.0265625 0.03828125
1 0.33671875 0.52578125 0.021875 0.040625
1 0.32421875 0.59140625 0.028125 0.03671875
1 0.35078125 0.56640625 0.02421875 0.03671875
1 0.35859375 0.5484375 0.02578125 0.034375
1 0.38046875 0.5296875 0.01953125 0.03671875
1 0.39140625 0.56171875 0.0296875 0.04609375
1 0.34765625 0.6234375 0.0359375 0.04609375
1 0.4015625 0.74453125 0.078125 0.13046875
1 0.47578125 0.80390625 0.08984375 0.165625
1 0.6984375 0.75390625 0.084375 0.134375
1 0.8359375 0.91640625 0.15625 0.1671875
1 0.9234375 0.6671875 0.0625 0.0921875
1 0.89296875 0.60390625 0.0375 0.05390625
1 0.9203125 0.58046875 0.03828125 0.0578125
1 0.95390625 0.56953125 0.03359375 0.05
1 0.85859375 0.571875 0.03046875 0.0484375
1 0.80625 0.6203125 0.04375 0.075
1 0.76875 0.584375 0.03203125 0.05
1 0.73359375 0.63359375 0.0515625 0.07890625
1 0.721875 0.5859375 0.02578125 0.040625
1 0.68359375 0.603125 0.03828125 0.0484375
1 0.625 0.59609375 0.0421875 0.065625
1 0.5640625 0.61953125 0.04140625 0.065625
1 0.528125 0.5875 0.02578125 0.03671875
1 0.509375 0.625 0.0375 0.05390625
1 0.49375 0.5640625 0.02578125 0.03671875
1 0.4484375 0.62890625 0.03046875 0.0578125
1 0.42109375 0.6203125 0.0296875 0.0515625
1 0.4484375 0.56640625 0.0234375 0.03671875
1 0.4296875 0.546875 0.01796875 0.02890625
1 0.415625 0.5234375 0.015625 0.0265625
1 0.446875 0.5234375 0.01640625 0.0265625
1 0.4671875 0.534375 0.01640625 0.03046875
1 0.4890625 0.5234375 0.01953125 0.03046875
1 0.5046875 0.52890625 0.01953125 0.034375
1 0.5328125 0.55390625 0.01953125 0.03046875
1 0.53515625 0.528125 0.01953125 0.02890625
1 0.55234375 0.515625 0.0203125 0.0265625
1 0.575 0.51328125 0.01953125 0.03828125
1 0.59375 0.5328125 0.0234375 0.0421875
1 0.615625 0.509375 0.01796875 0.03046875
1 0.62734375 0.50078125 0.01953125 0.02890625
1 0.6265625 0.5234375 0.015625 0.0234375
1 0.6375 0.54140625 0.015625 0.02890625
1 0.6015625 0.58828125 0.028125 0.05
1 0.67421875 0.53671875 0.0203125 0.03046875
1 0.65078125 0.51328125 0.0140625 0.0265625
1 0.68828125 0.5171875 0.015625 0.03046875
1 0.69609375 0.5375 0.01796875 0.02890625
1 0.7078125 0.50703125 0.015625 0.03671875
1 0.721875 0.503125 0.01796875 0.02890625
1 0.85234375 0.51953125 0.0203125 0.0265625
1 0.78515625 0.51171875 0.01640625 0.0265625