1 0.15703125 0.7015625 0.13984375 0.1859375
1 0.3234375 0.52109375 0.1 0.096875
1 0.1359375 0.490625 0.084375 0.096875
1 0.03203125 0.30703125 0.06015625 0.06953125
1 0.18203125 0.396875 0.09765625 0.1
1 0.2390625 0.30546875 0.0734375 0.078125
1 0.1625 0.265625 0.06640625 0.09140625
1 0.215625 0.228125 0.053125 0.078125
1 0.29296875 0.2234375 0.0578125 0.06953125
1 0.371875 0.3625 0.078125 0.09140625
1 0.465625 0.23046875 0.078125 0.071875
1 0.4359375 0.3109375 0.06640625 0.09453125
1 0.62890625 0.71953125 0.15078125 0.178125
1 0.63125 0.54296875 0.13359375 0.175
1 0.5921875 0.3875 0.08203125 0.0859375
1 0.5359375 0.3125 0.06640625 0.08046875
1 0.578125 0.24609375 0.04921875 0.0640625
1 0.6140625 0.22890625 0.05078125 0.075
1 0.7296875 0.1890625 0.046875 0.071875
1 0.7875 0.2609375 0.0953125 0.11640625
1 0.89921875 0.3875 0.0953125 0.1140625
1 0.9359375 0.5015625 0.1109375 0.1640625