1 0.19921875 0.43515625 0.05390625 0.10390625
1 0.2578125 0.26796875 0.01875 0.0359375
1 0.28515625 0.25234375 0.0203125 0.034375
1 0.31328125 0.25859375 0.0203125 0.034375
1 0.325 0.27109375 0.0203125 0.0375
1 0.346875 0.2765625 0.02734375 0.04296875
1 0.37265625 0.2734375 0.02265625 0.0390625
1 0.40625 0.28359375 0.02421875 0.04609375
1 0.30859375 0.2296875 0.01875 0.03046875
1 0.33359375 0.2296875 0.01953125 0.034375
1 0.3796875 0.20078125 0.02265625 0.040625
1 0.42734375 0.25078125 0.0203125 0.040625
1 0.46640625 0.22890625 0.02265625 0.04921875
1 0.421875 0.2171875 0.01875 0.0359375
1 0.42578125 0.1921875 0.0171875 0.034375
1 0.4078125 0.17578125 0.01484375 0.02734375
1 0.45390625 0.15859375 0.01640625 0.0375
1 0.47421875 0.15703125 0.01640625 0.034375
1 0.509375 0.1828125 0.0171875 0.03203125
1 0.48125 0.20625 0.0171875 0.04765625
1 0.546875 0.18984375 0.01953125 0.0390625
1 0.50546875 0.12890625 0.015625 0.02890625
1 0.51484375 0.134375 0.0125 0.02421875
1 0.55390625 0.14921875 0.01875 0.0359375
1 0.53046875 0.153125 0.01484375 0.03046875
1 0.596875 0.1609375 0.0171875 0.03203125
1 0.58359375 0.13046875 0.01484375 0.021875
1 0.6015625 0.103125 0.01640625 0.02890625
1 0.61484375 0.12421875 0.01171875 0.02421875
1 0.609375 0.1515625 0.01328125 0.03046875
1 0.628125 0.14140625 0.01484375 0.02421875
1 0.64765625 0.1125 0.0125 0.02734375
1 0.665625 0.12421875 0.015625 0.02734375
1 0.52890625 0.284375 0.0265625 0.05078125
1 0.559375 0.30703125 0.03125 0.0578125
1 0.5765625 0.24609375 0.0265625 0.04609375
1 0.628125 0.21328125 0.02265625 0.04453125
1 0.65 0.17734375 0.02109375 0.040625
1 0.66171875 0.2296875 0.02109375 0.04765625
1 0.63359375 0.25703125 0.025 0.04453125
1 0.65625 0.271875 0.025 0.04296875
1 0.671875 0.33359375 0.03515625 0.08203125
1 0.71171875 0.28828125 0.0328125 0.06171875
1 0.71171875 0.23359375 0.028125 0.0578125
1 0.68515625 0.16796875 0.01953125 0.0390625
1 0.7171875 0.190625 0.01953125 0.04453125
1 0.73359375 0.16015625 0.0171875 0.040625
1 0.74921875 0.15234375 0.01640625 0.0359375
1 0.76640625 0.1796875 0.01953125 0.0390625
1 0.74453125 0.196875 0.01875 0.0359375
1 0.75078125 0.24609375 0.0234375 0.04921875
1 0.78359375 0.29375 0.02734375 0.05625
1 0.78984375 0.3484375 0.04609375 0.08671875
1 0.8625 0.2984375 0.02734375 0.0578125
1 0.828125 0.234375 0.0234375 0.053125
1 0.78828125 0.190625 0.02109375 0.04453125
1 0.77109375 0.1234375 0.01640625 0.03203125
1 0.790625 0.15 0.0171875 0.0375
1 0.8015625 0.13125 0.01875 0.034375
1 0.81015625 0.171875 0.01875 0.040625
1 0.828125 0.1703125 0.01640625 0.0375
1 0.83828125 0.14140625 0.01328125 0.0375
1 0.85390625 0.18046875 0.01640625 0.040625
1 0.84609375 0.215625 0.015625 0.0359375
1 0.87578125 0.24140625 0.02265625 0.05625
1 0.8875 0.22109375 0.01484375 0.0375
1 0.89453125 0.19296875 0.01328125 0.02890625
1 0.915625 0.27265625 0.0203125 0.05078125
1 0.884375 0.15234375 0.0171875 0.04296875