1 0.21953125 0.4015625 0.04765625 0.07578125
1 0.25390625 0.26875 0.015625 0.03203125
1 0.278125 0.27265625 0.01875 0.03984375
1 0.31171875 0.2765625 0.01640625 0.03046875
1 0.33359375 0.2890625 0.021875 0.034375
1 0.384375 0.29375 0.02421875 0.0453125
1 0.36875 0.26796875 0.01875 0.0390625
1 0.328125 0.2234375 0.01484375 0.0328125
1 0.30625 0.21796875 0.01796875 0.0328125
1 0.38828125 0.18984375 0.01796875 0.03984375
1 0.40078125 0.165625 0.0171875 0.025
1 0.40546875 0.19375 0.0140625 0.02890625
1 0.41015625 0.22890625 0.01953125 0.03984375
1 0.428125 0.24375 0.021875 0.04296875
1 0.45546875 0.2375 0.02421875 0.0390625
1 0.42109375 0.175 0.0171875 0.0234375
1 0.45234375 0.1703125 0.01640625 0.0265625
1 0.44375 0.15078125 0.0109375 0.021875
1 0.4609375 0.15390625 0.015625 0.0234375
1 0.4859375 0.2109375 0.01640625 0.03203125
1 0.45390625 0.2 0.015625 0.025
1 0.49453125 0.1265625 0.0140625 0.01796875
1 0.52890625 0.19375 0.01796875 0.0375
1 0.51328125 0.1859375 0.01640625 0.03203125
1 0.5109375 0.1515625 0.015625 0.025
1 0.5234375 0.1328125 0.01484375 0.025
1 0.553125 0.16953125 0.0203125 0.0390625
1 0.56484375 0.15 0.0171875 0.0375
1 0.59296875 0.1578125 0.0125 0.03203125
1 0.578125 0.11328125 0.0125 0.03046875
1 0.59609375 0.1078125 0.01171875 0.03046875
1 0.60234375 0.1359375 0.01015625 0.0265625
1 0.609375 0.13046875 0.0109375 0.0234375
1 0.63828125 0.11640625 0.01328125 0.03046875
1 0.66953125 0.12109375 0.01484375 0.03203125
1 0.50078125 0.309375 0.0328125 0.05546875
1 0.5390625 0.3109375 0.0328125 0.0578125
1 0.5421875 0.26328125 0.02890625 0.0453125
1 0.590625 0.26328125 0.0234375 0.05625
1 0.61640625 0.21328125 0.0234375 0.05390625
1 0.65 0.21640625 0.02265625 0.04296875
1 0.640625 0.26015625 0.0234375 0.05390625
1 0.6703125 0.3265625 0.0328125 0.06484375
1 0.70703125 0.2921875 0.03125 0.059375
1 0.69140625 0.234375 0.02421875 0.0484375
1 0.72734375 0.36640625 0.03515625 0.07890625
1 0.678125 0.16796875 0.0203125 0.03984375
1 0.715625 0.16953125 0.0203125 0.0390625
1 0.734375 0.1578125 0.015625 0.03984375
1 0.7546875 0.17109375 0.01875 0.0390625
1 0.75703125 0.1421875 0.01640625 0.0328125
1 0.790625 0.1484375 0.015625 0.034375
1 0.8078125 0.16328125 0.01875 0.0359375
1 0.79921875 0.178125 0.0140625 0.0390625
1 0.7875 0.1984375 0.01796875 0.03984375
1 0.7484375 0.24375 0.02265625 0.0484375
1 0.73125 0.20625 0.01875 0.0375
1 0.76875 0.30078125 0.03203125 0.05390625
1 0.8125 0.2515625 0.0234375 0.05
1 0.8265625 0.20546875 0.01875 0.03984375
1 0.83828125 0.1890625 0.01875 0.04140625
1 0.82890625 0.14453125 0.015625 0.03984375
1 0.85859375 0.15859375 0.01484375 0.0328125
1 0.87421875 0.21328125 0.01875 0.0484375
1 0.84921875 0.25703125 0.02421875 0.046875
1 0.896875 0.25703125 0.02421875 0.05546875
1 0.84296875 0.33203125 0.028125 0.05390625