1 0.0453125 0.434375 0.028125 0.06015625
1 0.26015625 0.26953125 0.01875 0.0296875
1 0.275 0.2671875 0.01796875 0.03828125
1 0.315625 0.24453125 0.01875 0.04296875
1 0.33203125 0.21953125 0.01875 0.03671875
1 0.3375 0.2515625 0.0203125 0.03671875
1 0.3625 0.28671875 0.0203125 0.04140625
1 0.3890625 0.29140625 0.02265625 0.046875
1 0.3546875 0.25703125 0.0171875 0.03125
1 0.359375 0.2234375 0.021875 0.04140625
1 0.38359375 0.18515625 0.01796875 0.03515625
1 0.396875 0.21484375 0.01796875 0.03359375
1 0.40859375 0.178125 0.015625 0.03359375
1 0.41953125 0.19921875 0.015625 0.04140625
1 0.44140625 0.1953125 0.01796875 0.03828125
1 0.4546875 0.221875 0.02265625 0.03828125
1 0.47265625 0.23203125 0.025 0.0453125
1 0.47578125 0.1953125 0.021875 0.03828125
1 0.46015625 0.14921875 0.01875 0.021875
1 0.47578125 0.16640625 0.01875 0.0296875
1 0.515625 0.1875 0.01875 0.03515625
1 0.53203125 0.215625 0.0203125 0.0453125
1 0.503125 0.13203125 0.0125 0.025
1 0.5515625 0.15390625 0.015625 0.03125
1 0.578125 0.21875 0.01953125 0.0453125
1 0.50078125 0.29453125 0.0265625 0.05625
1 0.57734375 0.2953125 0.0296875 0.06484375
1 0.56875 0.125 0.0140625 0.0265625
1 0.5875 0.125 0.01328125 0.03359375
1 0.584375 0.1640625 0.0171875 0.03125
1 0.6 0.14296875 0.015625 0.0265625
1 0.61875 0.14453125 0.01328125 0.0265625
1 0.61640625 0.11640625 0.0109375 0.0265625
1 0.64921875 0.12109375 0.01328125 0.0234375
1 0.64453125 0.14375 0.01484375 0.025
1 0.61328125 0.19921875 0.01796875 0.03125
1 0.65703125 0.1796875 0.0171875 0.03359375
1 0.6703125 0.19765625 0.0203125 0.03671875
1 0.67421875 0.153125 0.01484375 0.0296875
1 0.68125 0.1265625 0.01484375 0.03359375
1 0.69140625 0.146875 0.0171875 0.03125
1 0.72109375 0.16640625 0.0171875 0.03671875
1 0.709375 0.153125 0.0109375 0.0265625
1 0.7 0.18203125 0.01796875 0.03828125
1 0.6265625 0.24296875 0.02890625 0.053125
1 0.6125 0.30078125 0.03203125 0.06328125
1 0.66171875 0.2796875 0.02421875 0.053125
1 0.7046875 0.2890625 0.0265625 0.05859375
1 0.725 0.2265625 0.021875 0.04296875
1 0.73515625 0.19921875 0.01796875 0.03515625
1 0.74296875 0.115625 0.015625 0.03125
1 0.75546875 0.1359375 0.0171875 0.03515625
1 0.76953125 0.12890625 0.01328125 0.03125
1 0.78125 0.14296875 0.015625 0.0265625
1 0.7796875 0.16953125 0.01875 0.03671875
1 0.76640625 0.1671875 0.0140625 0.03125
1 0.76796875 0.2046875 0.0203125 0.04296875
1 0.7578125 0.240625 0.0234375 0.0515625
1 0.7703125 0.27890625 0.02734375 0.05859375
1 0.828125 0.20859375 0.02265625 0.0484375
1 0.84609375 0.32109375 0.0328125 0.05625
1 0.8609375 0.23671875 0.02265625 0.0484375
1 0.84296875 0.1953125 0.01875 0.04140625
1 0.8390625 0.153125 0.0171875 0.03359375
1 0.85859375 0.159375 0.0140625 0.04296875
1 0.88671875 0.1625 0.0140625 0.03125
1 0.89609375 0.15859375 0.01015625 0.021875
1 0.9015625 0.18203125 0.01484375 0.03125
1 0.89296875 0.2078125 0.01796875 0.03671875
1 0.90859375 0.2328125 0.01796875 0.04296875
1 0.9203125 0.25625 0.02265625 0.05