1 0.159375 0.35078125 0.0453125 0.0796875
1 0.259375 0.28203125 0.01796875 0.04140625
1 0.29765625 0.27421875 0.02109375 0.03671875
1 0.315625 0.24609375 0.02109375 0.03984375
1 0.328125 0.215625 0.01484375 0.03125
1 0.34921875 0.2171875 0.0171875 0.03515625
1 0.36640625 0.21875 0.01328125 0.03515625
1 0.37265625 0.2421875 0.0140625 0.0453125
1 0.384375 0.22734375 0.01484375 0.03125
1 0.38828125 0.20078125 0.01875 0.03515625
1 0.41484375 0.16796875 0.0140625 0.0234375
1 0.428125 0.1890625 0.01640625 0.028125
1 0.43671875 0.221875 0.01484375 0.0453125
1 0.45 0.19296875 0.01796875 0.03984375
1 0.459375 0.17578125 0.01484375 0.03515625
1 0.4578125 0.228125 0.0203125 0.03984375
1 0.4734375 0.16328125 0.01484375 0.0296875
1 0.48125 0.1890625 0.0125 0.03828125
1 0.49296875 0.171875 0.01484375 0.03125
1 0.50078125 0.18984375 0.0140625 0.03671875
1 0.52265625 0.209375 0.0203125 0.03671875
1 0.47890625 0.2515625 0.02265625 0.0296875
1 0.490625 0.13203125 0.0125 0.025
1 0.53046875 0.1328125 0.01328125 0.0296875
1 0.5546875 0.15859375 0.0140625 0.03515625
1 0.5828125 0.084375 0.0125 0.025
1 0.603125 0.125 0.01484375 0.0265625
1 0.5796875 0.12265625 0.01328125 0.028125
1 0.57578125 0.1875 0.01875 0.03515625
1 0.58359375 0.165625 0.0171875 0.03125
1 0.62265625 0.15390625 0.0203125 0.03125
1 0.63671875 0.103125 0.01328125 0.0234375
1 0.65234375 0.10078125 0.0140625 0.028125
1 0.67734375 0.07109375 0.01484375 0.03125
1 0.63125 0.2109375 0.02109375 0.03984375
1 0.57421875 0.24609375 0.0203125 0.03984375
1 0.490625 0.30234375 0.03359375 0.0453125
1 0.540625 0.34921875 0.028125 0.046875
1 0.6 0.3546875 0.0296875 0.06328125
1 0.67421875 0.3671875 0.0296875 0.05859375
1 0.61484375 0.2671875 0.025 0.0484375
1 0.66640625 0.30234375 0.02578125 0.0546875
1 0.6734375 0.2140625 0.0203125 0.04140625
1 0.6734375 0.18203125 0.01875 0.03828125
1 0.6953125 0.1546875 0.0171875 0.03359375
1 0.7015625 0.190625 0.01796875 0.03515625
1 0.69765625 0.21953125 0.021875 0.04296875
1 0.753125 0.196875 0.01796875 0.04140625
1 0.73671875 0.1578125 0.01796875 0.03671875
1 0.75546875 0.16328125 0.01328125 0.03359375
1 0.725 0.0640625 0.01484375 0.028125
1 0.7859375 0.12890625 0.01328125 0.03515625
1 0.80390625 0.1453125 0.0125 0.028125
1 0.8296875 0.165625 0.0140625 0.03125
1 0.815625 0.13828125 0.0125 0.0234375
1 0.8421875 0.14375 0.01328125 0.03515625
1 0.7984375 0.18515625 0.0203125 0.0484375
1 0.85703125 0.15546875 0.0140625 0.03125
1 0.86953125 0.14921875 0.0140625 0.03515625
1 0.87578125 0.13515625 0.01328125 0.0296875
1 0.90625 0.1390625 0.01015625 0.025
1 0.90234375 0.1578125 0.01328125 0.0265625
1 0.89921875 0.17265625 0.01484375 0.0265625
1 0.8921875 0.184375 0.01640625 0.03671875
1 0.9359375 0.20234375 0.01640625 0.03828125
1 0.94296875 0.16171875 0.0140625 0.0296875
1 0.853125 0.1796875 0.0140625 0.0265625
1 0.88359375 0.2453125 0.0203125 0.03828125
1 0.9265625 0.28671875 0.0234375 0.0546875
1 0.82109375 0.25703125 0.0203125 0.05859375
1 0.75390625 0.2671875 0.025 0.0484375
1 0.72734375 0.2921875 0.0265625 0.05859375
1 0.7984375 0.31796875 0.0234375 0.06015625
1 0.5078125 0.14921875 0.01484375 0.021875
1 0.79296875 0.12109375 0.01328125 0.0296875