1 0.17890625 0.5265625 0.0796875 0.12734375
1 0.10859375 0.47734375 0.0703125 0.1203125
1 0.0296875 0.4203125 0.04921875 0.08515625
1 0.071875 0.38515625 0.04453125 0.08515625
1 0.05078125 0.321875 0.03515625 0.04921875
1 0.15625 0.41171875 0.05859375 0.08828125
1 0.2421875 0.3625 0.0328125 0.06015625
1 0.284375 0.43828125 0.065625 0.11328125
1 0.33515625 0.35546875 0.03046875 0.053125
1 0.3859375 0.34296875 0.0375 0.0703125
1 0.46015625 0.22421875 0.1390625 0.25078125
1 0.5515625 0.31796875 0.03515625 0.0703125
1 0.59375 0.3890625 0.04921875 0.0921875
1 0.615625 0.33046875 0.03515625 0.053125
1 0.64375 0.3 0.02578125 0.05625
1 0.6609375 0.32890625 0.028125 0.04921875
1 0.684375 0.340625 0.0234375 0.053125
1 0.7375 0.38359375 0.05390625 0.08828125
1 0.78828125 0.4734375 0.0890625 0.14140625
1 0.7515625 0.3125 0.03515625 0.053125
1 0.7796875 0.31796875 0.02578125 0.05625
1 0.80234375 0.3375 0.0421875 0.08125
1 0.85625 0.38359375 0.046875 0.08828125
1 0.8796875 0.46328125 0.05625 0.11328125
1 0.87421875 0.23515625 0.03046875 0.04609375
1 0.90234375 0.3109375 0.03046875 0.06328125
1 0.95390625 0.34453125 0.03515625 0.0671875
1 0.9609375 0.2953125 0.03046875 0.053125