1 0.21171875 0.43203125 0.06015625 0.09453125
1 0.26640625 0.26484375 0.02265625 0.05
1 0.29296875 0.26875 0.02109375 0.04140625
1 0.321875 0.2203125 0.0171875 0.028125
1 0.3265625 0.2484375 0.02109375 0.03828125
1 0.35625 0.25703125 0.021875 0.0546875
1 0.36640625 0.2109375 0.01484375 0.03984375
1 0.38984375 0.18671875 0.01640625 0.0296875
1 0.39765625 0.30078125 0.0265625 0.03984375
1 0.40703125 0.22265625 0.01875 0.03671875
1 0.42109375 0.1875 0.01796875 0.028125
1 0.45625 0.1515625 0.01875 0.03359375
1 0.44765625 0.21015625 0.02265625 0.028125
1 0.49453125 0.14140625 0.01640625 0.03359375
1 0.48125 0.19765625 0.01484375 0.03671875
1 0.503125 0.1609375 0.01484375 0.03828125
1 0.52109375 0.15078125 0.0171875 0.03125
1 0.4765625 0.240625 0.02734375 0.03828125
1 0.39609375 0.271875 0.02734375 0.03515625
1 0.53671875 0.21796875 0.02265625 0.03984375
1 0.559375 0.165625 0.0203125 0.03828125
1 0.5390625 0.16875 0.01796875 0.025
1 0.57265625 0.1234375 0.0203125 0.03671875
1 0.57890625 0.16953125 0.01640625 0.03359375
1 0.59609375 0.16875 0.02109375 0.03828125
1 0.61171875 0.13359375 0.01875 0.03125
1 0.51328125 0.31015625 0.03984375 0.0546875
1 0.58984375 0.2234375 0.025 0.06171875
1 0.65546875 0.12421875 0.021875 0.03125
1 0.65546875 0.146875 0.025 0.03125
1 0.6234375 0.2109375 0.0234375 0.046875
1 0.59453125 0.2984375 0.02578125 0.0484375
1 0.63984375 0.32265625 0.0265625 0.053125
1 0.66875 0.271875 0.0234375 0.0515625
1 0.66328125 0.190625 0.0203125 0.03828125
1 0.68046875 0.21484375 0.0203125 0.05
1 0.715625 0.1953125 0.0234375 0.0453125
1 0.7140625 0.15078125 0.01796875 0.03515625
1 0.72421875 0.1484375 0.01875 0.03671875
1 0.74609375 0.12109375 0.01484375 0.03984375
1 0.74453125 0.175 0.01484375 0.03671875
1 0.75703125 0.2015625 0.02109375 0.03984375
1 0.7296875 0.29765625 0.028125 0.05
1 0.76484375 0.303125 0.03515625 0.046875
1 0.7734375 0.23984375 0.025 0.046875
1 0.77578125 0.14609375 0.01796875 0.04296875
1 0.78984375 0.215625 0.0234375 0.0453125
1 0.81484375 0.19453125 0.021875 0.0296875
1 0.82421875 0.13125 0.0171875 0.03671875
1 0.8609375 0.14140625 0.0234375 0.05
1 0.85234375 0.16640625 0.02109375 0.03359375
1 0.85 0.209375 0.03125 0.05
1 0.85078125 0.3078125 0.03125 0.053125
1 0.8578125 0.27421875 0.03046875 0.06953125
1 0.88984375 0.2015625 0.01796875 0.04296875
1 0.896875 0.1828125 0.01484375 0.03671875
1 0.90625 0.1625 0.0234375 0.04140625
1 0.9328125 0.21875 0.0265625 0.0453125
1 0.9265625 0.26953125 0.02578125 0.06015625
1 0.68828125 0.13828125 0.021875 0.046875
1 0.7 0.25234375 0.025 0.0453125