1 0.1609375 0.38359375 0.02734375 0.040625
1 0.1953125 0.38046875 0.02890625 0.0515625
1 0.2515625 0.3671875 0.0234375 0.03828125
1 0.27578125 0.38359375 0.03671875 0.06171875
1 0.32109375 0.3921875 0.03359375 0.053125
1 0.34609375 0.3890625 0.02734375 0.0515625
1 0.41875 0.39140625 0.0390625 0.06875
1 0.4375 0.3671875 0.025 0.046875
1 0.46640625 0.39609375 0.02734375 0.04921875
1 0.51484375 0.384375 0.021875 0.034375
1 0.53203125 0.39140625 0.025 0.04296875
1 0.584375 0.4078125 0.02734375 0.046875
1 0.61171875 0.42421875 0.046875 0.07890625
1 0.653125 0.3828125 0.021875 0.0515625
1 0.7171875 0.37890625 0.03359375 0.0578125
1 0.74609375 0.39140625 0.03046875 0.046875
1 0.76640625 0.39609375 0.0390625 0.06171875
1 0.784375 0.4046875 0.0265625 0.040625
1 0.84921875 0.4296875 0.05703125 0.09375
1 0.884375 0.4015625 0.0390625 0.0765625
1 0.90703125 0.41328125 0.0265625 0.053125
1 0.94375 0.3984375 0.021875 0.0359375