1 0.38671875 0.4125 0.04453125 0.0921875
1 0.27109375 0.221875 0.01640625 0.03359375
1 0.29453125 0.21640625 0.01796875 0.03359375
1 0.3265625 0.21015625 0.015625 0.03125
1 0.34453125 0.1671875 0.01171875 0.02734375
1 0.34921875 0.20859375 0.01640625 0.0296875
1 0.3671875 0.20234375 0.01328125 0.02734375
1 0.371875 0.221875 0.01875 0.03671875
1 0.3859375 0.24296875 0.01953125 0.0421875
1 0.3890625 0.203125 0.01796875 0.0296875
1 0.37890625 0.16328125 0.0125 0.02421875
1 0.409375 0.15859375 0.01328125 0.02578125
1 0.415625 0.1796875 0.01328125 0.0296875
1 0.41875 0.1515625 0.01015625 0.01875
1 0.4421875 0.1421875 0.01328125 0.02578125
1 0.4375 0.1921875 0.01640625 0.03359375
1 0.4640625 0.1953125 0.01875 0.0390625
1 0.44140625 0.17734375 0.0125 0.02578125
1 0.440625 0.23671875 0.01796875 0.03671875
1 0.48125 0.128125 0.01171875 0.02421875
1 0.48515625 0.140625 0.01484375 0.02578125
1 0.48984375 0.171875 0.01484375 0.0296875
1 0.49609375 0.1203125 0.01015625 0.021875
1 0.51015625 0.14453125 0.0125 0.02578125
1 0.521875 0.171875 0.01328125 0.0296875
1 0.53984375 0.15703125 0.01484375 0.0296875
1 0.5484375 0.1265625 0.0125 0.03125
1 0.5703125 0.128125 0.01328125 0.02421875
1 0.553125 0.178125 0.01796875 0.03125
1 0.51796875 0.128125 0.01015625 0.01640625
1 0.5859375 0.15859375 0.01640625 0.03359375
1 0.5984375 0.1484375 0.0125 0.02734375
1 0.61875 0.1328125 0.015625 0.02578125
1 0.5984375 0.13125 0.01171875 0.021875
1 0.59375 0.1140625 0.01015625 0.01640625
1 0.62890625 0.109375 0.01015625 0.01875
1 0.63671875 0.109375 0.01171875 0.02578125
1 0.64609375 0.10625 0.01171875 0.02734375
1 0.65234375 0.13828125 0.01328125 0.0296875
1 0.64140625 0.15078125 0.01171875 0.02734375
1 0.5921875 0.22109375 0.01796875 0.03515625
1 0.5953125 0.2109375 0.01953125 0.02578125
1 0.63671875 0.24453125 0.01875 0.03515625
1 0.65234375 0.23828125 0.01875 0.0296875
1 0.66171875 0.17265625 0.015625 0.03125
1 0.68515625 0.10234375 0.01015625 0.0203125
1 0.68984375 0.11953125 0.015625 0.02734375
1 0.709375 0.10703125 0.01328125 0.0296875
1 0.70078125 0.17578125 0.015625 0.03359375
1 0.7171875 0.17734375 0.015625 0.0296875
1 0.734375 0.14140625 0.0125 0.02734375
1 0.74375 0.15703125 0.01328125 0.03359375
1 0.75390625 0.1921875 0.01484375 0.03359375
1 0.73515625 0.23125 0.01875 0.040625
1 0.6921875 0.25078125 0.01953125 0.0421875
1 0.69609375 0.30625 0.028125 0.05703125
1 0.76484375 0.3421875 0.028125 0.059375
1 0.79921875 0.28359375 0.02421875 0.04609375
1 0.83046875 0.24375 0.01875 0.04453125
1 0.7734375 0.24296875 0.02265625 0.0390625
1 0.80234375 0.2 0.015625 0.03671875
1 0.79296875 0.16171875 0.01015625 0.02421875
1 0.78203125 0.12109375 0.01015625 0.02734375
1 0.80859375 0.13203125 0.01015625 0.02421875
1 0.82265625 0.13203125 0.009375 0.02421875
1 0.83984375 0.15 0.0125 0.02578125
1 0.83359375 0.16640625 0.01171875 0.0296875
1 0.8203125 0.1984375 0.01484375 0.02734375
1 0.8421875 0.215625 0.01640625 0.0421875
1 0.85625 0.21015625 0.015625 0.03515625
1 0.87265625 0.178125 0.01328125 0.03125
1 0.878125 0.16015625 0.01171875 0.03125
1 0.85703125 0.146875 0.01015625 0.02734375
1 0.9109375 0.14453125 0.0125 0.02578125
1 0.91015625 0.16484375 0.01171875 0.02578125
1 0.90234375 0.18046875 0.0125 0.03125
1 0.9046875 0.2125 0.01484375 0.0296875
1 0.89765625 0.22734375 0.01796875 0.04453125
1 0.94609375 0.175 0.01015625 0.0203125
1 0.9578125 0.17734375 0.01171875 0.01875
1 0.93359375 0.20078125 0.0125 0.02734375
1 0.9296875 0.240625 0.01640625 0.03359375
1 0.91328125 0.3515625 0.02421875 0.059375