1 0.10390625 0.54296875 0.1390625 0.25625
1 0.42578125 0.56328125 0.14453125 0.27890625
1 0.4828125 0.51171875 0.1078125 0.18125
1 0.64296875 0.2421875 0.121875 0.2328125
1 0.7859375 0.571875 0.15546875 0.2265625
1 0.88515625 0.41796875 0.08984375 0.1390625
1 0.94921875 0.353125 0.07421875 0.12890625
1 0.8875 0.3328125 0.03515625 0.04765625
1 0.85859375 0.2703125 0.021875 0.0328125
1 0.78984375 0.3484375 0.028125 0.04609375
1 0.50234375 0.35234375 0.03046875 0.04765625
1 0.465625 0.3265625 0.02890625 0.04609375
1 0.40859375 0.346875 0.02890625 0.0484375
1 0.36328125 0.37109375 0.0359375 0.0453125
1 0.33359375 0.36015625 0.021875 0.0421875
1 0.30390625 0.3703125 0.0328125 0.0546875
1 0.26796875 0.3296875 0.0265625 0.04140625
1 0.20234375 0.3765625 0.034375 0.04765625
1 0.165625 0.35390625 0.028125 0.04765625
1 0.07734375 0.37421875 0.0390625 0.06875