1 0.13046875 0.6203125 0.0296875 0.075
1 0.07578125 0.4984375 0.01875 0.05703125
1 0.0625 0.415625 0.01640625 0.06015625
1 0.209375 0.50078125 0.02109375 0.0515625
1 0.2125 0.3515625 0.01640625 0.05703125
1 0.246875 0.30078125 0.0171875 0.053125
1 0.17421875 0.2640625 0.015625 0.0421875
1 0.18203125 0.1875 0.01328125 0.0421875
1 0.121875 0.21015625 0.0125 0.03671875
1 0.1578125 0.15390625 0.0109375 0.02890625
1 0.05 0.23125 0.01171875 0.03125
1 0.2265625 0.146875 0.01328125 0.02734375
1 0.259375 0.12421875 0.0125 0.02890625
1 0.29453125 0.16484375 0.01484375 0.0328125
1 0.29140625 0.20390625 0.01328125 0.034375
1 0.31328125 0.23671875 0.01484375 0.03125
1 0.359375 0.2265625 0.0125 0.03671875
1 0.3828125 0.17265625 0.01328125 0.034375
1 0.36484375 0.084375 0.01015625 0.02890625
1 0.396875 0.0921875 0.0109375 0.02734375
1 0.4390625 0.09140625 0.0109375 0.02578125
1 0.4234375 0.165625 0.0125 0.034375
1 0.45625 0.28984375 0.015625 0.04609375
1 0.47109375 0.1328125 0.0125 0.03125
1 0.47265625 0.16875 0.0140625 0.02734375
1 0.4875 0.1171875 0.0125 0.02890625
1 0.4890625 0.07421875 0.009375 0.0234375
1 0.515625 0.10546875 0.0109375 0.02734375
1 0.484375 0.221875 0.01484375 0.0421875
1 0.5140625 0.17265625 0.0125 0.034375
1 0.54765625 0.075 0.0109375 0.02578125
1 0.5796875 0.0953125 0.01015625 0.021875
1 0.6109375 0.13046875 0.01171875 0.03125
1 0.628125 0.11171875 0.0125 0.021875
1 0.5796875 0.2 0.01484375 0.034375
1 0.55234375 0.30546875 0.0171875 0.04375
1 0.61875 0.2359375 0.015625 0.0328125
1 0.66171875 0.15234375 0.0109375 0.02734375
1 0.54296875 0.48046875 0.025 0.065625
1 0.6953125 0.353125 0.015625 0.04765625
1 0.72265625 0.275 0.01484375 0.03828125
1 0.715625 0.2109375 0.0125 0.034375
1 0.73515625 0.21328125 0.0125 0.02734375
1 0.7875 0.215625 0.0125 0.02890625
1 0.8265625 0.24140625 0.01484375 0.03671875
1 0.796875 0.38046875 0.0203125 0.04375
1 0.8640625 0.275 0.0140625 0.03125
1 0.8828125 0.3015625 0.01484375 0.03671875
1 0.940625 0.37265625 0.0140625 0.03984375