1 0.16484375 0.35 0.04609375 0.06953125
1 0.18515625 0.3234375 0.03046875 0.05078125
1 0.21328125 0.28046875 0.03984375 0.07265625
1 0.246875 0.30546875 0.03984375 0.06953125
1 0.315625 0.28984375 0.0546875 0.09921875
1 0.33359375 0.2515625 0.0421875 0.0703125
1 0.3859375 0.2609375 0.059375 0.1015625
1 0.4390625 0.28671875 0.05 0.0953125
1 0.5015625 0.259375 0.0484375 0.07578125
1 0.54140625 0.2078125 0.08046875 0.14140625
1 0.64921875 0.27890625 0.05390625 0.09296875
1 0.71640625 0.3 0.05 0.0875
1 0.853125 0.2609375 0.0609375 0.10390625