1 0.02265625 0.425 0.02734375 0.0515625
1 0.2390625 0.3453125 0.01875 0.04140625
1 0.26484375 0.3796875 0.02265625 0.0515625
1 0.29375 0.3171875 0.01796875 0.03671875
1 0.30625 0.3703125 0.021875 0.04609375
1 0.34375 0.36328125 0.02265625 0.046875
1 0.371875 0.33671875 0.01953125 0.03984375
1 0.36640625 0.29921875 0.01640625 0.03515625
1 0.39921875 0.34296875 0.01640625 0.03984375
1 0.42265625 0.34296875 0.021875 0.04296875
1 0.421875 0.30390625 0.01875 0.03828125
1 0.40078125 0.26796875 0.0140625 0.03359375
1 0.41953125 0.26796875 0.01484375 0.03046875
1 0.45 0.31171875 0.01796875 0.03515625
1 0.459375 0.26796875 0.0171875 0.03046875
1 0.44375 0.23984375 0.0140625 0.03203125
1 0.48828125 0.3046875 0.01640625 0.03046875
1 0.48828125 0.26796875 0.01484375 0.03359375
1 0.48515625 0.2375 0.0125 0.03046875
1 0.51328125 0.265625 0.01484375 0.03984375
1 0.5375 0.27734375 0.01796875 0.03671875
1 0.53984375 0.24765625 0.0140625 0.02890625
1 0.5625 0.24921875 0.01484375 0.03515625
1 0.51796875 0.3234375 0.0203125 0.04296875
1 0.4609375 0.35234375 0.0234375 0.0515625
1 0.48125 0.42578125 0.03125 0.05625
1 0.55234375 0.36328125 0.028125 0.053125
1 0.571875 0.2921875 0.01640625 0.03828125
1 0.6 0.26796875 0.01640625 0.03984375
1 0.590625 0.24765625 0.0125 0.02578125
1 0.57734375 0.225 0.01328125 0.03203125
1 0.59453125 0.2203125 0.0125 0.02890625
1 0.61640625 0.24921875 0.01328125 0.03203125
1 0.6203125 0.22109375 0.01171875 0.03046875
1 0.62890625 0.20625 0.01328125 0.02578125
1 0.64609375 0.2140625 0.0125 0.03203125
1 0.6609375 0.2265625 0.0140625 0.03203125
1 0.66171875 0.2453125 0.0140625 0.03671875
1 0.67890625 0.20625 0.0140625 0.03203125
1 0.69609375 0.228125 0.01328125 0.03203125
1 0.721875 0.22109375 0.01328125 0.03046875
1 0.72265625 0.2484375 0.01484375 0.03671875
1 0.6953125 0.26484375 0.0171875 0.03515625
1 0.65546875 0.30703125 0.01796875 0.046875
1 0.71015625 0.328125 0.0234375 0.0484375
1 0.61796875 0.3421875 0.0265625 0.059375
1 0.6140625 0.40390625 0.03046875 0.0640625
1 0.61484375 0.46875 0.03359375 0.075
1 0.5625 0.4203125 0.0328125 0.06875
1 0.66484375 0.35546875 0.0234375 0.0546875
1 0.678125 0.3796875 0.0265625 0.0546875
1 0.66015625 0.4859375 0.03671875 0.0640625
1 0.73359375 0.48515625 0.0375 0.08046875
1 0.74375 0.42265625 0.0328125 0.059375
1 0.71171875 0.36640625 0.0234375 0.046875
1 0.79453125 0.44453125 0.0328125 0.071875
1 0.7484375 0.290625 0.01796875 0.03828125
1 0.76796875 0.2640625 0.0171875 0.04296875
1 0.765625 0.240625 0.01484375 0.03046875
1 0.78671875 0.22890625 0.01640625 0.03671875
1 0.78359375 0.26328125 0.01484375 0.03203125
1 0.79765625 0.28203125 0.0203125 0.0484375
1 0.80390625 0.24453125 0.0140625 0.03515625
1 0.81484375 0.25 0.0140625 0.03359375
1 0.84453125 0.26640625 0.01796875 0.03984375
1 0.84296875 0.3125 0.01953125 0.03671875
1 0.83828125 0.371875 0.025 0.0515625
1 0.8625 0.3421875 0.02109375 0.04140625
1 0.86484375 0.31640625 0.01640625 0.03515625
1 0.89140625 0.3796875 0.0234375 0.0578125
1 0.8734375 0.4546875 0.0296875 0.0625
1 0.86171875 0.53828125 0.034375 0.07890625
1 0.9390625 0.48671875 0.03203125 0.071875
1 0.91875 0.35625 0.0171875 0.046875
1 0.91640625 0.31640625 0.01875 0.04140625
1 0.88046875 0.28515625 0.01484375 0.03984375
1 0.86796875 0.2546875 0.01171875 0.02734375
1 0.884375 0.26796875 0.0140625 0.03046875
1 0.90078125 0.2453125 0.0140625 0.03671875
1 0.92265625 0.28515625 0.01796875 0.03984375
1 0.9390625 0.3265625 0.0203125 0.04609375
1 0.95703125 0.36171875 0.021875 0.059375
1 0.96171875 0.31171875 0.01640625 0.03203125
1 0.965625 0.28046875 0.01328125 0.02421875