1 0.29296875 0.65625 0.14609375 0.2671875
1 0.22421875 0.52265625 0.10625 0.18515625
1 0.13984375 0.4828125 0.05234375 0.1046875
1 0.103125 0.4484375 0.04609375 0.0921875
1 0.084375 0.3921875 0.02734375 0.05
1 0.06640625 0.40234375 0.025 0.05
1 0.196875 0.4015625 0.02734375 0.04765625
1 0.23671875 0.38125 0.03046875 0.05234375
1 0.27734375 0.39375 0.03203125 0.05234375
1 0.31484375 0.37734375 0.02890625 0.05
1 0.38203125 0.4296875 0.04765625 0.06484375
1 0.434375 0.4359375 0.03515625 0.0828125
1 0.41171875 0.4 0.02890625 0.0453125
1 0.4203125 0.36640625 0.01875 0.0375
1 0.4390625 0.38359375 0.0234375 0.0421875
1 0.4875 0.38984375 0.021875 0.05
1 0.51796875 0.4484375 0.05078125 0.1078125
1 0.53515625 0.4015625 0.03984375 0.0578125
1 0.52578125 0.3796875 0.01875 0.03515625
1 0.5609375 0.39140625 0.0171875 0.0421875
1 0.57734375 0.38125 0.0203125 0.0421875
1 0.5890625 0.41640625 0.03046875 0.0625
1 0.6203125 0.4953125 0.06484375 0.1296875
1 0.6296875 0.4109375 0.02890625 0.04765625
1 0.61328125 0.3296875 0.0171875 0.03515625
1 0.675 0.3296875 0.0203125 0.0453125
1 0.709375 0.40625 0.03671875 0.0578125
1 0.68828125 0.3984375 0.0203125 0.0421875
1 0.68125 0.4 0.015625 0.03515625
1 0.77734375 0.51484375 0.084375 0.16015625
1 0.76171875 0.41640625 0.02734375 0.0625
1 0.79453125 0.44140625 0.04140625 0.0828125
1 0.81328125 0.4203125 0.02578125 0.0546875
1 0.8390625 0.34375 0.0203125 0.05234375
1 0.8453125 0.43125 0.02578125 0.05234375
1 0.865625 0.46015625 0.03203125 0.0796875
1 0.925 0.4828125 0.05703125 0.08984375
1 0.9046875 0.42734375 0.02734375 0.0546875
1 0.9296875 0.43125 0.03515625 0.0625
1 0.92578125 0.3546875 0.021875 0.0453125
1 0.9734375 0.4265625 0.02578125 0.0578125
1 0.9875 0.4625 0.025 0.0703125
1 0.953125 0.3125 0.03203125 0.06484375