1 0.1203125 0.58125 0.07109375 0.09765625
1 0.10546875 0.47890625 0.0421875 0.06484375
1 0.0296875 0.4765625 0.0375 0.053125
1 0.15859375 0.465625 0.0375 0.05625
1 0.2 0.48671875 0.03984375 0.04453125
1 0.22109375 0.42734375 0.02890625 0.04453125
1 0.2609375 0.45 0.046875 0.059375
1 0.29140625 0.41875 0.0359375 0.04453125
1 0.3109375 0.48828125 0.04453125 0.0765625
1 0.3640625 0.48359375 0.04921875 0.07421875
1 0.34140625 0.4234375 0.0203125 0.0296875
1 0.38984375 0.4390625 0.02421875 0.0328125
1 0.43671875 0.4390625 0.02890625 0.03828125
1 0.44140625 0.478125 0.02890625 0.05
1 0.5265625 0.42890625 0.03125 0.04140625
1 0.54765625 0.43046875 0.02890625 0.05
1 0.60546875 0.43515625 0.0375 0.053125
1 0.665625 0.43203125 0.03359375 0.04140625
1 0.64921875 0.31796875 0.0265625 0.04453125
1 0.7390625 0.54296875 0.078125 0.115625
1 0.65703125 0.70546875 0.13125 0.20390625
1 0.85859375 0.56484375 0.06015625 0.0765625
1 0.80859375 0.48671875 0.04921875 0.06796875
1 0.82890625 0.43359375 0.03984375 0.0625
1 0.8578125 0.4171875 0.0359375 0.053125
1 0.92890625 0.4484375 0.04921875 0.06796875