1 0.0953125 0.65 0.0984375 0.15703125
1 0.01640625 0.51796875 0.02890625 0.09765625
1 0.140625 0.51875 0.03515625 0.05703125
1 0.16953125 0.50625 0.02890625 0.05
1 0.22109375 0.5359375 0.04296875 0.07109375
1 0.22734375 0.58203125 0.03984375 0.0640625
1 0.340625 0.58359375 0.05390625 0.090625
1 0.34140625 0.52109375 0.02890625 0.05703125
1 0.40390625 0.53828125 0.03359375 0.05703125
1 0.44921875 0.55234375 0.03515625 0.06171875
1 0.57109375 0.38671875 0.02421875 0.03125
1 0.6984375 0.46328125 0.02265625 0.0359375
1 0.71484375 0.4265625 0.02578125 0.03828125
1 0.73203125 0.47265625 0.02578125 0.040625
1 0.7796875 0.48671875 0.02265625 0.0453125
1 0.79921875 0.44765625 0.02578125 0.04765625
1 0.8078125 0.3984375 0.02734375 0.0359375
1 0.85625 0.38828125 0.0203125 0.03359375
1 0.83203125 0.61171875 0.04140625 0.06171875
1 0.93359375 0.59296875 0.05859375 0.090625
1 0.98515625 0.55859375 0.02890625 0.0546875
1 0.92265625 0.46171875 0.02890625 0.05234375
1 0.88671875 0.44765625 0.02578125 0.04296875
1 0.903125 0.3984375 0.02421875 0.040625
1 0.959375 0.3953125 0.02265625 0.04765625