1 0.1609375 0.69921875 0.14609375 0.14765625
1 0.140625 0.5 0.096875 0.1078125
1 0.18671875 0.3921875 0.08984375 0.08515625
1 0.0359375 0.315625 0.05859375 0.08515625
1 0.16875 0.25390625 0.071875 0.08203125
1 0.21640625 0.215625 0.04921875 0.0625
1 0.30625 0.22890625 0.0671875 0.07109375
1 0.24921875 0.3109375 0.07421875 0.09375
1 0.3296875 0.52734375 0.11484375 0.10546875
1 0.384375 0.38203125 0.096875 0.09921875
1 0.47734375 0.221875 0.04921875 0.06796875
1 0.61015625 0.21484375 0.05859375 0.059375
1 0.55078125 0.3 0.05625 0.0765625
1 0.59765625 0.38203125 0.07421875 0.08203125
1 0.6421875 0.5609375 0.1171875 0.19609375
1 0.64296875 0.73125 0.16015625 0.16171875
1 0.95390625 0.5 0.0921875 0.13671875
1 0.9109375 0.3875 0.10546875 0.121875
1 0.778125 0.2515625 0.07890625 0.09921875
1 0.74453125 0.19296875 0.065625 0.0796875