1 0.82421875 0.6046875 0.1 0.1484375
1 0.86328125 0.33984375 0.08828125 0.12734375
1 0.7828125 0.46953125 0.05390625 0.09375
1 0.7625 0.38671875 0.0484375 0.0671875
1 0.68046875 0.32578125 0.03359375 0.0484375
1 0.67265625 0.40078125 0.034375 0.0453125
1 0.64453125 0.38046875 0.03203125 0.04765625
1 0.6390625 0.34296875 0.02578125 0.0390625
1 0.61484375 0.37578125 0.02578125 0.05
1 0.49453125 0.384375 0.053125 0.08984375
1 0.4890625 0.33203125 0.03671875 0.05078125
1 0.4640625 0.571875 0.1 0.1375
1 0.459375 0.3578125 0.02265625 0.03984375
1 0.40859375 0.31875 0.04140625 0.0671875
1 0.33515625 0.33828125 0.0546875 0.09140625
1 0.2765625 0.46875 0.10390625 0.16015625
1 0.2046875 0.32421875 0.071875 0.1125
1 0.23828125 0.36015625 0.02734375 0.04765625
1 0.128125 0.3359375 0.0359375 0.046875
1 0.11015625 0.34921875 0.025 0.0390625
1 0.0734375 0.37109375 0.04765625 0.071875
1 0.02734375 0.32109375 0.03671875 0.0453125