1 0.0875 0.70625 0.0796875 0.10703125
1 0.06015625 0.6625 0.06015625 0.08359375
1 0.0234375 0.63828125 0.0421875 0.05859375
1 0.02109375 0.61328125 0.03984375 0.05859375
1 0.1328125 0.61875 0.04140625 0.071875
1 0.17734375 0.4890625 0.04765625 0.05703125
1 0.1765625 0.696875 0.075 0.12890625
1 0.24375 0.765625 0.125 0.215625
1 0.1890625 0.61875 0.0359375 0.06484375
1 0.240625 0.65 0.04375 0.06875
1 0.2921875 0.66875 0.05234375 0.075
1 0.3484375 0.67265625 0.05859375 0.1
1 0.4859375 0.83671875 0.11484375 0.18671875
1 0.478125 0.709375 0.06875 0.11015625
1 0.5984375 0.671875 0.0765625 0.1015625
1 0.68203125 0.7546875 0.09140625 0.13671875
1 0.68828125 0.66171875 0.05625 0.0984375
1 0.73125 0.675 0.0671875 0.10546875
1 0.8484375 0.66015625 0.0734375 0.11171875