1 0.06875 0.48984375 0.0453125 0.090625
1 0.2578125 0.2703125 0.02265625 0.03515625
1 0.28203125 0.2625 0.01875 0.03359375
1 0.31875 0.240625 0.01796875 0.040625
1 0.32578125 0.21328125 0.015625 0.0390625
1 0.34140625 0.21875 0.0140625 0.040625
1 0.33828125 0.2546875 0.01875 0.0390625
1 0.35078125 0.26171875 0.02109375 0.0390625
1 0.3921875 0.28359375 0.01953125 0.0453125
1 0.38046875 0.2703125 0.01875 0.0484375
1 0.35703125 0.221875 0.01953125 0.040625
1 0.37734375 0.1859375 0.0140625 0.03515625
1 0.39296875 0.21484375 0.01640625 0.03515625
1 0.4 0.17890625 0.01484375 0.02890625
1 0.41640625 0.18515625 0.01484375 0.040625
1 0.4375 0.190625 0.01640625 0.03671875
1 0.4453125 0.21796875 0.01953125 0.0453125
1 0.475 0.228125 0.02265625 0.0421875
1 0.47421875 0.19296875 0.01796875 0.03515625
1 0.46015625 0.140625 0.015625 0.03203125
1 0.47421875 0.15546875 0.015625 0.03203125
1 0.49140625 0.1625 0.015625 0.02890625
1 0.4828125 0.12890625 0.01171875 0.025
1 0.5078125 0.18671875 0.01796875 0.03671875
1 0.51875 0.16953125 0.01640625 0.02890625
1 0.5359375 0.1890625 0.01875 0.0421875
1 0.55625 0.240625 0.0234375 0.05078125
1 0.5640625 0.16484375 0.01640625 0.03359375
1 0.5515625 0.159375 0.015625 0.03203125
1 0.5609375 0.121875 0.0140625 0.03203125
1 0.58828125 0.14140625 0.0140625 0.03046875
1 0.58515625 0.1171875 0.01171875 0.025
1 0.60859375 0.1484375 0.01484375 0.03046875
1 0.6140625 0.11796875 0.015625 0.0265625
1 0.634375 0.14609375 0.01953125 0.03046875
1 0.6390625 0.11796875 0.01171875 0.0265625
1 0.68125 0.1234375 0.01484375 0.02890625
1 0.6875 0.1484375 0.0203125 0.03671875
1 0.64609375 0.1875 0.0203125 0.0390625
1 0.6578125 0.2078125 0.02109375 0.0453125
1 0.5015625 0.2828125 0.02734375 0.05078125
1 0.58203125 0.29296875 0.02578125 0.05078125
1 0.61328125 0.31484375 0.02890625 0.05703125
1 0.62421875 0.25 0.02421875 0.0484375
1 0.62734375 0.203125 0.0203125 0.03515625
1 0.671875 0.24765625 0.0234375 0.05390625
1 0.70703125 0.21796875 0.02265625 0.0421875
1 0.69375 0.190625 0.01640625 0.040625
1 0.72265625 0.16953125 0.01484375 0.0390625
1 0.7140625 0.13515625 0.01328125 0.03203125
1 0.73046875 0.13828125 0.015625 0.03046875
1 0.753125 0.16484375 0.015625 0.03359375
1 0.76640625 0.1890625 0.01953125 0.0453125
1 0.7296875 0.2015625 0.0203125 0.0453125
1 0.7734375 0.23671875 0.02265625 0.05234375
1 0.74921875 0.29453125 0.02578125 0.0609375
1 0.72421875 0.2796875 0.02109375 0.05078125
1 0.8390625 0.2953125 0.0234375 0.05234375
1 0.85390625 0.24375 0.02265625 0.05078125
1 0.815625 0.2046875 0.01875 0.0421875
1 0.79453125 0.16328125 0.01640625 0.040625
1 0.7765625 0.1484375 0.01640625 0.03046875
1 0.7640625 0.12421875 0.0140625 0.03046875
1 0.75390625 0.13359375 0.015625 0.02890625
1 0.80546875 0.12421875 0.01484375 0.0234375
1 0.82265625 0.14765625 0.0140625 0.02890625
1 0.83515625 0.17578125 0.01875 0.0421875
1 0.84921875 0.1515625 0.01328125 0.03046875
1 0.8828125 0.20390625 0.01640625 0.040625
1 0.9015625 0.21328125 0.015625 0.0453125
1 0.9234375 0.2640625 0.02421875 0.0609375
1 0.88671875 0.16953125 0.01796875 0.0390625