1 0.0671875 0.3625 0.11484375 0.16171875
1 0.11484375 0.278125 0.053125 0.08203125
1 0.0875 0.2546875 0.0578125 0.07265625
1 0.23203125 0.26328125 0.0515625 0.0609375
1 0.25234375 0.2359375 0.03671875 0.05859375
1 0.31875 0.15859375 0.0734375 0.10078125
1 0.35390625 0.225 0.0296875 0.05625
1 0.3796875 0.25390625 0.03828125 0.0609375
1 0.39296875 0.31796875 0.06171875 0.10546875
1 0.35078125 0.5109375 0.14921875 0.23671875
1 0.53359375 0.821875 0.24921875 0.25859375
1 0.66953125 0.3953125 0.0765625 0.12890625
1 0.575 0.3265625 0.06328125 0.075
1 0.59609375 0.275 0.03984375 0.065625
1 0.5640625 0.25 0.04140625 0.07265625
1 0.49609375 0.29609375 0.0546875 0.084375
1 0.48671875 0.2453125 0.03671875 0.07265625
1 0.44765625 0.26171875 0.04453125 0.07265625
1 0.70234375 0.10078125 0.03671875 0.065625
1 0.73828125 0.27734375 0.0515625 0.084375
1 0.86015625 0.3453125 0.0765625 0.140625