1 0.090625 0.46015625 0.028125 0.0703125
1 0.28671875 0.2640625 0.0140625 0.0328125
1 0.27734375 0.23984375 0.0140625 0.034375
1 0.3078125 0.25 0.01484375 0.028125
1 0.33203125 0.25546875 0.015625 0.0359375
1 0.31953125 0.21640625 0.01328125 0.0328125
1 0.33203125 0.21875 0.01328125 0.028125
1 0.353125 0.2296875 0.0140625 0.0328125
1 0.36328125 0.24765625 0.01796875 0.0390625
1 0.37578125 0.22734375 0.01484375 0.03125
1 0.371875 0.19296875 0.01328125 0.034375
1 0.38515625 0.1859375 0.01328125 0.028125
1 0.41640625 0.190625 0.01328125 0.028125
1 0.38984375 0.2625 0.01875 0.0328125
1 0.42265625 0.25703125 0.01796875 0.04296875
1 0.43203125 0.2265625 0.01953125 0.0328125
1 0.46171875 0.2328125 0.01796875 0.04609375
1 0.47734375 0.19921875 0.02109375 0.028125
1 0.43984375 0.17890625 0.01484375 0.0265625
1 0.45234375 0.18671875 0.0140625 0.02265625
1 0.4625 0.146875 0.01328125 0.02421875
1 0.49765625 0.1703125 0.01484375 0.0328125
1 0.47578125 0.13359375 0.0125 0.02109375
1 0.5375 0.18359375 0.0203125 0.0359375
1 0.5328125 0.16015625 0.01328125 0.028125
1 0.54453125 0.15234375 0.0125 0.0265625
1 0.5640625 0.171875 0.015625 0.0296875
1 0.56171875 0.1265625 0.0140625 0.0359375
1 0.60078125 0.15234375 0.01640625 0.0265625
1 0.58671875 0.12734375 0.0140625 0.028125
1 0.6078125 0.12890625 0.01640625 0.02421875
1 0.628125 0.1375 0.01484375 0.0296875
1 0.6359375 0.12265625 0.01015625 0.0265625
1 0.659375 0.12265625 0.01015625 0.0265625
1 0.48359375 0.30234375 0.02578125 0.05390625
1 0.5390625 0.30390625 0.02734375 0.0609375
1 0.60234375 0.315625 0.03359375 0.05703125
1 0.571875 0.21953125 0.01875 0.04296875
1 0.6 0.1984375 0.02109375 0.04296875
1 0.646875 0.21796875 0.01875 0.04296875
1 0.64453125 0.26484375 0.02109375 0.04765625
1 0.60859375 0.26953125 0.0296875 0.04453125
1 0.709375 0.28203125 0.02421875 0.04296875
1 0.69453125 0.2328125 0.02421875 0.04296875
1 0.66328125 0.18359375 0.01640625 0.0328125
1 0.684375 0.1921875 0.01484375 0.0359375
1 0.68515625 0.1671875 0.0125 0.0296875
1 0.70390625 0.16640625 0.01640625 0.03125
1 0.70234375 0.140625 0.0125 0.0265625
1 0.728125 0.19609375 0.015625 0.040625
1 0.74921875 0.23359375 0.0234375 0.040625
1 0.76484375 0.27265625 0.02578125 0.05390625
1 0.8296875 0.32578125 0.025 0.05703125
1 0.859375 0.234375 0.02421875 0.04921875
1 0.9140625 0.2578125 0.01875 0.04453125
1 0.91171875 0.221875 0.01484375 0.034375
1 0.88515625 0.203125 0.015625 0.0328125
1 0.88671875 0.17578125 0.015625 0.0296875
1 0.8875 0.146875 0.0140625 0.028125
1 0.846875 0.16328125 0.0140625 0.028125
1 0.8390625 0.190625 0.015625 0.0375
1 0.821875 0.203125 0.01796875 0.04296875
1 0.78828125 0.17109375 0.01796875 0.0375
1 0.7671875 0.2046875 0.0203125 0.0390625
1 0.75859375 0.17109375 0.01484375 0.03125
1 0.77421875 0.14375 0.015625 0.02421875
1 0.7984375 0.13125 0.0125 0.0296875
1 0.81953125 0.13671875 0.0140625 0.03125
1 0.75703125 0.12734375 0.015625 0.03125
1 0.7421875 0.14765625 0.01484375 0.0296875
1 0.7375 0.121875 0.0140625 0.02421875