1 0.209375 0.3609375 0.04921875 0.10078125
1 0.28203125 0.259375 0.01953125 0.03828125
1 0.328125 0.27890625 0.01875 0.04296875
1 0.34296875 0.26875 0.01875 0.03671875
1 0.35546875 0.21640625 0.01640625 0.03828125
1 0.3796875 0.2125 0.0203125 0.04296875
1 0.41953125 0.215625 0.0203125 0.03671875
1 0.4390625 0.23359375 0.01796875 0.03671875
1 0.4265625 0.28359375 0.0234375 0.04609375
1 0.42265625 0.17734375 0.01796875 0.0328125
1 0.440625 0.1921875 0.01640625 0.03671875
1 0.465625 0.1984375 0.01796875 0.03125
1 0.44375 0.1578125 0.01484375 0.0296875
1 0.45546875 0.165625 0.01953125 0.0296875
1 0.496875 0.16953125 0.01640625 0.03671875
1 0.48203125 0.1359375 0.0140625 0.0234375
1 0.503125 0.2 0.01953125 0.03125
1 0.5234375 0.19453125 0.01875 0.03515625
1 0.51640625 0.1390625 0.01796875 0.0328125
1 0.53359375 0.1328125 0.015625 0.0265625
1 0.55234375 0.15859375 0.01875 0.03828125
1 0.553125 0.1203125 0.0125 0.025
1 0.5703125 0.15859375 0.01484375 0.028125
1 0.5890625 0.109375 0.01328125 0.0296875
1 0.60859375 0.121875 0.01484375 0.03125
1 0.68515625 0.10625 0.01484375 0.03671875
1 0.5546875 0.25546875 0.02265625 0.04609375
1 0.478125 0.33359375 0.03203125 0.06328125
1 0.540625 0.321875 0.028125 0.053125
1 0.603125 0.32109375 0.02734375 0.0546875
1 0.603125 0.25234375 0.02265625 0.05
1 0.61328125 0.203125 0.0203125 0.04453125
1 0.66328125 0.203125 0.02109375 0.04453125
1 0.67734375 0.1609375 0.01953125 0.04296875
1 0.69765625 0.17578125 0.01953125 0.03984375
1 0.71015625 0.20234375 0.02421875 0.05
1 0.709375 0.27890625 0.02890625 0.06328125
1 0.67265625 0.31953125 0.02890625 0.06171875
1 0.6578125 0.2625 0.02421875 0.04453125
1 0.771875 0.31796875 0.02421875 0.0578125
1 0.74453125 0.184375 0.02265625 0.05
1 0.7046875 0.14140625 0.01484375 0.03125
1 0.7296875 0.12890625 0.01484375 0.03515625
1 0.74609375 0.146875 0.015625 0.03125
1 0.76328125 0.12890625 0.01875 0.028125
1 0.75234375 0.11015625 0.01328125 0.03125
1 0.7953125 0.12890625 0.01484375 0.03125
1 0.80625 0.1265625 0.0140625 0.028125
1 0.796875 0.184375 0.01875 0.03984375
1 0.815625 0.16953125 0.01640625 0.0328125
1 0.8421875 0.190625 0.0203125 0.04609375
1 0.86796875 0.13046875 0.0140625 0.03515625
1 0.88125 0.18828125 0.01640625 0.03828125
1 0.87109375 0.22890625 0.01796875 0.05
1 0.91328125 0.184375 0.0203125 0.04609375
1 0.91015625 0.1 0.01796875 0.03125