1 0.20390625 0.453125 0.05 0.1140625
1 0.24140625 0.37265625 0.04140625 0.10234375
1 0.2625 0.21015625 0.02109375 0.03671875
1 0.33125 0.28359375 0.025 0.04140625
1 0.35 0.26171875 0.0234375 0.0328125
1 0.4265625 0.27578125 0.02734375 0.04453125
1 0.425 0.2171875 0.01875 0.03671875
1 0.44375 0.221875 0.0171875 0.03984375
1 0.4046875 0.1921875 0.025 0.0328125
1 0.453125 0.1859375 0.01953125 0.03125
1 0.471875 0.1890625 0.0140625 0.03984375
1 0.48359375 0.19140625 0.01875 0.03125
1 0.45625 0.15625 0.01640625 0.025
1 0.46953125 0.15546875 0.01640625 0.0265625
1 0.48359375 0.1359375 0.0140625 0.0265625
1 0.50703125 0.17265625 0.01796875 0.03125
1 0.53046875 0.1453125 0.01796875 0.03671875
1 0.52109375 0.21171875 0.021875 0.03671875
1 0.55703125 0.15546875 0.0140625 0.0265625
1 0.4828125 0.31953125 0.0265625 0.053125
1 0.5765625 0.1625 0.01328125 0.0296875
1 0.56640625 0.11953125 0.01484375 0.0265625
1 0.62109375 0.1046875 0.01796875 0.0296875
1 0.65703125 0.10625 0.01796875 0.0296875
1 0.69453125 0.09609375 0.0140625 0.0296875
1 0.6234375 0.246875 0.025 0.03984375
1 0.66171875 0.25625 0.02578125 0.04609375
1 0.68359375 0.1578125 0.0171875 0.03828125
1 0.6984375 0.1796875 0.01953125 0.04140625
1 0.70859375 0.1484375 0.01484375 0.03515625
1 0.72734375 0.1671875 0.01484375 0.0328125
1 0.7453125 0.1484375 0.01328125 0.03515625
1 0.746875 0.109375 0.01328125 0.0265625
1 0.75546875 0.16953125 0.01484375 0.03125
1 0.7171875 0.278125 0.03046875 0.053125
1 0.76953125 0.3046875 0.028125 0.05625
1 0.79609375 0.18359375 0.01875 0.0328125
1 0.80859375 0.12890625 0.0125 0.0265625
1 0.8453125 0.1890625 0.01875 0.03984375
1 0.87109375 0.22734375 0.01796875 0.04765625