1 0.15703125 0.365625 0.03515625 0.07734375
1 0.32578125 0.23203125 0.021875 0.04453125
1 0.34375 0.19609375 0.01484375 0.04296875
1 0.35546875 0.21328125 0.01796875 0.03671875
1 0.41640625 0.20546875 0.01953125 0.040625
1 0.4265625 0.18125 0.01796875 0.040625
1 0.45234375 0.215625 0.0203125 0.04453125
1 0.48828125 0.22890625 0.0203125 0.05078125
1 0.48359375 0.18515625 0.015625 0.03671875
1 0.45078125 0.15234375 0.015625 0.0328125
1 0.4734375 0.1484375 0.0125 0.0328125
1 0.48203125 0.134375 0.01484375 0.028125
1 0.49921875 0.1515625 0.0171875 0.03046875
1 0.51015625 0.140625 0.0125 0.02421875
1 0.51640625 0.15859375 0.015625 0.028125
1 0.5203125 0.11953125 0.01171875 0.02421875
1 0.53671875 0.14921875 0.015625 0.03046875
1 0.55859375 0.121875 0.01171875 0.028125
1 0.54921875 0.18828125 0.01796875 0.046875
1 0.55546875 0.16328125 0.015625 0.03828125
1 0.5703125 0.1609375 0.01484375 0.0328125
1 0.59140625 0.17578125 0.0171875 0.03828125
1 0.58984375 0.1171875 0.0140625 0.034375
1 0.60625 0.140625 0.0140625 0.0328125
1 0.6109375 0.09921875 0.01171875 0.028125
1 0.64375 0.11953125 0.0125 0.02421875
1 0.63671875 0.1453125 0.0125 0.0265625
1 0.653125 0.14921875 0.015625 0.034375
1 0.66171875 0.13125 0.0140625 0.03046875
1 0.66640625 0.11484375 0.01484375 0.03046875
1 0.65234375 0.10703125 0.01171875 0.02265625
1 0.69453125 0.12265625 0.0140625 0.0265625
1 0.71015625 0.12890625 0.01171875 0.0265625
1 0.528125 0.27109375 0.025 0.05078125
1 0.59375 0.2875 0.0203125 0.05078125
1 0.60546875 0.31015625 0.0296875 0.0671875
1 0.6578125 0.3390625 0.0296875 0.07734375
1 0.603125 0.2359375 0.025 0.053125
1 0.63515625 0.25078125 0.02265625 0.046875
1 0.63359375 0.20625 0.01953125 0.04296875
1 0.671875 0.22421875 0.0203125 0.0546875
1 0.67421875 0.1796875 0.01796875 0.03828125
1 0.7078125 0.1796875 0.01796875 0.03828125
1 0.725 0.23203125 0.021875 0.04453125
1 0.69375 0.39765625 0.0328125 0.07109375
1 0.74609375 0.17109375 0.01796875 0.040625
1 0.76015625 0.13046875 0.01484375 0.040625
1 0.7703125 0.14609375 0.01484375 0.03671875
1 0.7859375 0.14296875 0.0171875 0.034375
1 0.78203125 0.18125 0.0171875 0.040625
1 0.80078125 0.203125 0.01953125 0.053125
1 0.80234375 0.16875 0.0125 0.028125
1 0.81875 0.19296875 0.015625 0.040625
1 0.83671875 0.1734375 0.0140625 0.03046875
1 0.846875 0.159375 0.0125 0.03046875
1 0.85546875 0.18828125 0.015625 0.04296875
1 0.84609375 0.21875 0.01796875 0.046875
1 0.8203125 0.259375 0.021875 0.0546875
1 0.78046875 0.27734375 0.0265625 0.06328125
1 0.81796875 0.36796875 0.03515625 0.06875
1 0.8453125 0.2984375 0.028125 0.0609375
1 0.87734375 0.2734375 0.02421875 0.0546875
1 0.8890625 0.2265625 0.01796875 0.04296875
1 0.87109375 0.1859375 0.0140625 0.03046875
1 0.875 0.16484375 0.0125 0.02421875
1 0.88046875 0.1515625 0.0140625 0.0265625
1 0.9 0.19609375 0.0171875 0.03828125
1 0.921875 0.18125 0.0125 0.03671875
1 0.93046875 0.278125 0.02265625 0.0484375
1 0.91484375 0.334375 0.02421875 0.05078125
1 0.91484375 0.3984375 0.028125 0.0734375
1 0.9265625 0.23984375 0.0171875 0.040625
1 0.93984375 0.23359375 0.0171875 0.03671875
1 0.95546875 0.1859375 0.015625 0.03828125
1 0.68671875 0.28125 0.028125 0.05078125