1 0.05546875 0.83671875 0.08359375 0.1265625
1 0.05390625 0.92578125 0.0875 0.1109375
1 0.13125 0.84453125 0.0828125 0.1296875
1 0.19375 0.79453125 0.08515625 0.11328125
1 0.33671875 0.928125 0.1140625 0.1359375
1 0.4015625 0.9125 0.06484375 0.11484375
1 0.39296875 0.81953125 0.08359375 0.128125
1 0.4390625 0.79921875 0.0671875 0.11484375
1 0.684375 0.56796875 0.07890625 0.1375
1 0.8734375 0.8125 0.0765625 0.10703125
1 0.83125 0.771875 0.0625 0.09765625
1 0.9453125 0.8734375 0.0828125 0.1390625
1 0.96328125 0.9046875 0.0734375 0.15