1 0.0171875 0.25859375 0.0265625 0.03828125
1 0.053125 0.2625 0.01875 0.0359375
1 0.071875 0.25859375 0.02265625 0.0328125
1 0.08984375 0.25546875 0.02109375 0.03828125
1 0.0984375 0.2375 0.01484375 0.025
1 0.0859375 0.23203125 0.0171875 0.025
1 0.11015625 0.2265625 0.01328125 0.025
1 0.12265625 0.23515625 0.01875 0.03046875
1 0.1484375 0.253125 0.03203125 0.04375
1 0.16484375 0.2359375 0.02109375 0.0328125
1 0.14609375 0.22265625 0.0171875 0.021875
1 0.17421875 0.22265625 0.01328125 0.021875
1 0.18515625 0.215625 0.01484375 0.025
1 0.20390625 0.2609375 0.04921875 0.07109375
1 0.23203125 0.259375 0.03359375 0.06328125
1 0.2046875 0.2140625 0.01328125 0.021875
1 0.221875 0.2171875 0.0171875 0.021875
1 0.21640625 0.20078125 0.01328125 0.021875
1 0.22890625 0.20859375 0.01328125 0.021875
1 0.25 0.21171875 0.01328125 0.021875
1 0.2484375 0.20078125 0.01328125 0.021875
1 0.26484375 0.20859375 0.01328125 0.021875
1 0.2859375 0.2015625 0.0171875 0.025
1 0.28046875 0.27578125 0.04375 0.06875
1 0.3578125 0.2828125 0.046875 0.07109375
1 0.396875 0.26796875 0.03203125 0.0578125
1 0.36875 0.2265625 0.0171875 0.0359375
1 0.3484375 0.228125 0.02109375 0.0328125
1 0.34375 0.20625 0.0109375 0.021875
1 0.32109375 0.22109375 0.01875 0.0359375
1 0.31484375 0.19765625 0.0109375 0.01640625
1 0.33125 0.18984375 0.009375 0.01640625
1 0.378125 0.20703125 0.01328125 0.01953125
1 0.3859375 0.225 0.01328125 0.021875
1 0.40546875 0.22265625 0.02265625 0.0328125
1 0.3984375 0.1953125 0.01484375 0.02734375
1 0.4109375 0.1828125 0.0109375 0.01953125
1 0.47421875 0.26796875 0.03984375 0.07421875
1 0.4546875 0.225 0.01875 0.0328125
1 0.42265625 0.25 0.01875 0.0328125
1 0.4234375 0.19921875 0.0171875 0.025
1 0.4421875 0.19609375 0.01328125 0.025
1 0.46953125 0.2140625 0.0109375 0.021875
1 0.47265625 0.19609375 0.009375 0.025
1 0.459375 0.17734375 0.009375 0.0140625
1 0.48203125 0.18125 0.009375 0.01640625
1 0.48671875 0.2015625 0.0109375 0.01953125
1 0.50859375 0.22109375 0.0171875 0.03046875
1 0.4953125 0.24609375 0.02109375 0.04140625
1 0.5046875 0.19375 0.0171875 0.025
1 0.49453125 0.184375 0.0109375 0.021875
1 0.52734375 0.184375 0.01328125 0.021875
1 0.55 0.1953125 0.0171875 0.02734375
1 0.55546875 0.2625 0.05078125 0.0796875
1 0.59609375 0.21328125 0.01875 0.025
1 0.5859375 0.19921875 0.01328125 0.025
1 0.58984375 0.18125 0.009375 0.01640625
1 0.60390625 0.1703125 0.0109375 0.021875
1 0.61484375 0.21171875 0.01875 0.0328125
1 0.6125 0.253125 0.02109375 0.04375
1 0.65859375 0.259375 0.04921875 0.0796875
1 0.64140625 0.21015625 0.02265625 0.0359375
1 0.6328125 0.19375 0.01328125 0.025
1 0.63984375 0.17421875 0.01484375 0.025
1 0.62265625 0.17890625 0.0109375 0.021875
1 0.65390625 0.1953125 0.01328125 0.0328125
1 0.709375 0.2171875 0.02265625 0.0328125
1 0.72578125 0.2625 0.03203125 0.06875
1 0.79140625 0.26640625 0.06640625 0.09375
1 0.7265625 0.1828125 0.01484375 0.025
1 0.70859375 0.17734375 0.01328125 0.025
1 0.74140625 0.16875 0.01484375 0.025
1 0.76328125 0.18125 0.0171875 0.021875
1 0.77265625 0.19375 0.0171875 0.025
1 0.78671875 0.17890625 0.01484375 0.021875
1 0.771875 0.16328125 0.01484375 0.025
1 0.80390625 0.16484375 0.01484375 0.021875
1 0.8171875 0.1828125 0.01875 0.03046875
1 0.83125 0.17421875 0.01328125 0.01953125
1 0.909375 0.21328125 0.03359375 0.046875
1 0.88671875 0.1828125 0.01875 0.03046875
1 0.85 0.18984375 0.0171875 0.02734375
1 0.8515625 0.1703125 0.01328125 0.021875
1 0.8390625 0.1609375 0.01328125 0.01953125
1 0.9125 0.18984375 0.01328125 0.021875
1 0.9390625 0.18828125 0.0171875 0.03046875
1 0.9609375 0.2015625 0.02109375 0.025
1 0.965625 0.2703125 0.06875 0.1125
1 0.97890625 0.22109375 0.03359375 0.04140625
1 0.9890625 0.18515625 0.01875 0.025