1 0.03359375 0.3453125 0.0359375 0.05234375
1 0.06484375 0.3671875 0.04765625 0.0859375
1 0.10625 0.3859375 0.05390625 0.08203125
1 0.15 0.321875 0.03125 0.05234375
1 0.17578125 0.3578125 0.04296875 0.071875
1 0.2125 0.328125 0.028125 0.05234375
1 0.240625 0.346875 0.04296875 0.071875
1 0.26796875 0.3359375 0.03046875 0.05234375
1 0.2609375 0.4984375 0.10546875 0.146875
1 0.38828125 0.509375 0.0671875 0.10546875
1 0.50703125 0.4578125 0.06640625 0.11328125
1 0.46953125 0.37421875 0.053125 0.084375
1 0.43203125 0.36171875 0.0359375 0.0625
1 0.38671875 0.34765625 0.0375 0.06484375
1 0.3734375 0.2828125 0.0375 0.05625
1 0.4171875 0.3203125 0.0296875 0.04453125
1 0.46484375 0.321875 0.0296875 0.0375
1 0.51875 0.3296875 0.02265625 0.046875
1 0.5421875 0.35078125 0.03046875 0.0484375
1 0.5515625 0.32421875 0.025 0.03671875
1 0.57109375 0.3609375 0.0328125 0.05703125
1 0.590625 0.3375 0.028125 0.05234375
1 0.61015625 0.3421875 0.0328125 0.053125
1 0.66328125 0.2578125 0.046875 0.07265625
1 0.65078125 0.490625 0.11015625 0.1578125
1 0.7421875 0.43671875 0.0859375 0.1390625
1 0.7765625 0.38125 0.0640625 0.07421875
1 0.7453125 0.33125 0.0328125 0.053125
1 0.82265625 0.40859375 0.05 0.0703125
1 0.828125 0.36015625 0.03125 0.0484375
1 0.85703125 0.34296875 0.034375 0.0609375
1 0.921875 0.36015625 0.046875 0.06875
1 0.9765625 0.3375 0.0453125 0.05859375