1 0.928125 0.22109375 0.01484375 0.03828125
1 0.9203125 0.32109375 0.01640625 0.03984375
1 0.91484375 0.34140625 0.025 0.05703125
1 0.8765625 0.23359375 0.015625 0.046875
1 0.85390625 0.26015625 0.01640625 0.04375
1 0.85 0.29296875 0.01953125 0.05390625
1 0.7875 0.140625 0.01171875 0.028125
1 0.79375 0.16640625 0.0125 0.03671875
1 0.79921875 0.22109375 0.015625 0.04140625
1 0.80703125 0.2828125 0.0171875 0.05078125
1 0.76640625 0.3015625 0.01875 0.05078125
1 0.75859375 0.2328125 0.0171875 0.04140625
1 0.8140625 0.3984375 0.025 0.07265625
1 0.7765625 0.3765625 0.02890625 0.0640625
1 0.84453125 0.46171875 0.0328125 0.06796875
1 0.75546875 0.184375 0.01328125 0.03828125
1 0.7453125 0.13984375 0.0125 0.0296875
1 0.72890625 0.29375 0.0203125 0.05546875
1 0.6796875 0.25703125 0.0203125 0.05234375
1 0.71640625 0.23515625 0.01640625 0.0453125
1 0.6734375 0.34375 0.01953125 0.0609375
1 0.69765625 0.1671875 0.0125 0.03125
1 0.73203125 0.19453125 0.01328125 0.03515625
1 0.72109375 0.1171875 0.0109375 0.02265625
1 0.66796875 0.10703125 0.009375 0.02578125
1 0.678125 0.12265625 0.01171875 0.02578125
1 0.690625 0.10625 0.009375 0.02421875
1 0.65078125 0.121875 0.009375 0.028125
1 0.66171875 0.1375 0.01171875 0.028125
1 0.5890625 0.1140625 0.00859375 0.02265625
1 0.58203125 0.12265625 0.009375 0.02578125
1 0.63203125 0.1125 0.01171875 0.02265625
1 0.621875 0.128125 0.0125 0.0296875
1 0.6171875 0.153125 0.01484375 0.03125
1 0.60546875 0.12578125 0.01171875 0.02578125
1 0.5546875 0.12734375 0.01171875 0.02421875
1 0.56796875 0.153125 0.01484375 0.03125
1 0.5796875 0.1703125 0.015625 0.03515625
1 0.55 0.1625 0.01328125 0.0328125
1 0.5546875 0.184375 0.01484375 0.03828125
1 0.56640625 0.2359375 0.0171875 0.046875
1 0.603125 0.25625 0.0203125 0.046875
1 0.634375 0.225 0.0171875 0.03671875
1 0.68515625 0.18984375 0.01328125 0.03515625
1 0.50390625 0.125 0.0109375 0.02421875
1 0.51953125 0.14140625 0.009375 0.02265625
1 0.5265625 0.178125 0.0125 0.0328125
1 0.484375 0.17890625 0.0125 0.028125
1 0.490625 0.1390625 0.009375 0.02109375
1 0.46328125 0.1703125 0.0125 0.03125
1 0.440625 0.16484375 0.0109375 0.02421875
1 0.46953125 0.14375 0.01171875 0.02578125
1 0.4875 0.21796875 0.01875 0.03984375
1 0.4546875 0.22421875 0.015625 0.03828125
1 0.44140625 0.2046875 0.01328125 0.03671875
1 0.41484375 0.19375 0.01484375 0.03671875
1 0.42109375 0.175 0.01171875 0.0328125
1 0.49375 0.28984375 0.02109375 0.05390625
1 0.5453125 0.31484375 0.0234375 0.059375
1 0.38046875 0.24453125 0.01640625 0.03984375
1 0.3875 0.28984375 0.0203125 0.03984375
1 0.375 0.2015625 0.01328125 0.03515625
1 0.29453125 0.2203125 0.01328125 0.0328125
1 0.31171875 0.23359375 0.01484375 0.03671875
1 0.32890625 0.23828125 0.0125 0.03515625
1 0.3359375 0.26171875 0.01640625 0.0328125
1 0.35234375 0.18125 0.01171875 0.03125
1 0.35546875 0.2015625 0.01484375 0.03515625
1 0.590625 0.34765625 0.01953125 0.0625
1 0.21328125 0.36640625 0.0375 0.078125