1 0.0421875 0.6015625 0.0796875 0.25234375
1 0.12890625 0.52109375 0.06640625 0.1015625
1 0.12734375 0.44921875 0.0421875 0.06171875
1 0.196875 0.403125 0.04765625 0.0734375
1 0.234375 0.46953125 0.0515625 0.09453125
1 0.29453125 0.40703125 0.03671875 0.0734375
1 0.346875 0.42734375 0.05 0.10390625
1 0.36640625 0.3828125 0.034375 0.05703125
1 0.39921875 0.35703125 0.028125 0.06015625
1 0.625 0.37421875 0.03359375 0.0625
1 0.64609375 0.39296875 0.0359375 0.05859375
1 0.6921875 0.3875 0.03984375 0.09453125
1 0.71484375 0.365625 0.0296875 0.0671875
1 0.7671875 0.371875 0.0421875 0.0671875
1 0.7953125 0.45703125 0.05234375 0.08984375
1 0.69921875 0.49453125 0.0609375 0.12734375
1 0.890625 0.4296875 0.06640625 0.12734375
1 0.83359375 0.3921875 0.04140625 0.06875
1 0.80859375 0.3671875 0.0296875 0.05703125
1 0.95546875 0.540625 0.0890625 0.240625