1 0.0671875 0.5015625 0.07578125 0.175
1 0.14296875 0.72421875 0.0859375 0.23203125
1 0.303125 0.7359375 0.08828125 0.215625
1 0.3015625 0.64609375 0.08125 0.1953125
1 0.253125 0.475 0.0828125 0.2140625
1 0.18984375 0.0765625 0.0578125 0.1453125
1 0.38359375 0.1921875 0.078125 0.20625
1 0.4140625 0.07265625 0.06328125 0.1375
1 0.446875 0.4609375 0.05546875 0.17109375
1 0.553125 0.43984375 0.071875 0.19140625
1 0.63359375 0.51484375 0.06875 0.178125
1 0.7015625 0.50390625 0.05859375 0.1671875
1 0.753125 0.4859375 0.05390625 0.1578125
1 0.7515625 0.36875 0.05703125 0.128125
1 0.853125 0.40234375 0.06953125 0.184375
1 0.953125 0.39140625 0.06015625 0.1875