1 0.6 0.25546875 0.03046875 0.05078125
1 0.74921875 0.21484375 0.025 0.04921875
1 0.715625 0.184375 0.01640625 0.04140625
1 0.67890625 0.07890625 0.015625 0.0296875
1 0.60546875 0.10078125 0.01953125 0.04140625
1 0.57265625 0.13203125 0.01640625 0.034375
1 0.490625 0.29921875 0.028125 0.04921875
1 0.4265625 0.25234375 0.025 0.05078125
1 0.3890625 0.25234375 0.01640625 0.04453125
1 0.32265625 0.2703125 0.0203125 0.04140625
1 0.4609375 0.21953125 0.01640625 0.04140625
1 0.446875 0.18046875 0.01484375 0.0359375
1 0.475 0.18046875 0.0140625 0.0390625
1 0.4875 0.19453125 0.01640625 0.0375
1 0.4765625 0.2171875 0.01875 0.04140625
1 0.05078125 0.3421875 0.01953125 0.0375