0 0.85078125 0.18203125 0.0796875 0.15390625
0 0.8828125 0.23046875 0.0390625 0.08125
0 0.92421875 0.19453125 0.0421875 0.0890625
0 0.79921875 0.2359375 0.05 0.08359375
0 0.77578125 0.21640625 0.034375 0.0828125
0 0.73828125 0.1921875 0.06171875 0.1609375
0 0.6921875 0.1921875 0.08984375 0.175
0 0.58359375 0.14453125 0.11328125 0.21640625
0 0.48984375 0.1515625 0.0984375 0.23984375
0 0.41171875 0.1875 0.18984375 0.36015625
0 0.27109375 0.175 0.07421875 0.1375
0 0.221875 0.0796875 0.05078125 0.13125