1 0.9390625 0.17578125 0.00859375 0.02421875
1 0.9265625 0.18515625 0.01171875 0.0359375
1 0.9375 0.2 0.0140625 0.03203125
1 0.9359375 0.22421875 0.0140625 0.03203125
1 0.934375 0.23359375 0.0125 0.03203125
1 0.89609375 0.21640625 0.015625 0.028125
1 0.88046875 0.159375 0.009375 0.0265625
1 0.85546875 0.1453125 0.00859375 0.02421875
1 0.81796875 0.14609375 0.01171875 0.0265625
1 0.8640625 0.20546875 0.0125 0.0359375
1 0.88359375 0.23203125 0.015625 0.0390625
1 0.87265625 0.27421875 0.0140625 0.04140625
1 0.7609375 0.13984375 0.009375 0.02421875
1 0.83046875 0.18984375 0.0125 0.03359375
1 0.81015625 0.16328125 0.0125 0.0296875
1 0.79453125 0.171875 0.0125 0.03203125
1 0.80078125 0.21015625 0.0140625 0.03359375
1 0.815625 0.21171875 0.0140625 0.03359375
1 0.7734375 0.18359375 0.0109375 0.0296875
1 0.7359375 0.1828125 0.0125 0.03203125
1 0.73125 0.1546875 0.0125 0.0359375
1 0.69375 0.18203125 0.01171875 0.03359375
1 0.7234375 0.23359375 0.01875 0.04296875
1 0.70859375 0.196875 0.0171875 0.0375
1 0.70546875 0.1234375 0.00859375 0.02265625
1 0.67421875 0.11328125 0.00859375 0.0203125
1 0.65703125 0.11796875 0.00859375 0.01484375
1 0.6 0.06875 0.00859375 0.0203125
1 0.61796875 0.10859375 0.00859375 0.01484375
1 0.5046875 0.0828125 0.009375 0.01875
1 0.5484375 0.12265625 0.00859375 0.0203125
1 0.57890625 0.12734375 0.0109375 0.0265625
1 0.59453125 0.14140625 0.01171875 0.028125
1 0.60078125 0.15859375 0.01171875 0.02421875
1 0.5734375 0.14609375 0.01171875 0.0296875
1 0.63203125 0.14375 0.0125 0.028125
1 0.625 0.1359375 0.009375 0.02421875
1 0.63203125 0.1671875 0.0171875 0.0265625
1 0.659375 0.19453125 0.01484375 0.0390625
1 0.66953125 0.21796875 0.01484375 0.04140625
1 0.62421875 0.225 0.01796875 0.04140625
1 0.565625 0.2484375 0.0203125 0.04296875
1 0.525 0.134375 0.0109375 0.02421875
1 0.53984375 0.15390625 0.0109375 0.0265625
1 0.55625 0.1875 0.0140625 0.03359375
1 0.52421875 0.18671875 0.0125 0.0359375
1 0.5171875 0.1734375 0.0140625 0.03203125
1 0.45078125 0.1546875 0.01171875 0.028125
1 0.4296875 0.15234375 0.0109375 0.0265625
1 0.46015625 0.17109375 0.01171875 0.03359375
1 0.4796875 0.13828125 0.0125 0.028125
1 0.49609375 0.13515625 0.0109375 0.02265625
1 0.4796875 0.1546875 0.0125 0.02421875
1 0.4546875 0.2328125 0.0171875 0.04140625
1 0.48046875 0.18125 0.01796875 0.0359375
1 0.321875 0.2046875 0.015625 0.0296875
1 0.37109375 0.19765625 0.0125 0.028125
1 0.38359375 0.1828125 0.0140625 0.028125
1 0.41171875 0.178125 0.0125 0.0296875
1 0.65 0.32109375 0.03671875 0.07890625