1 0.1015625 0.53828125 0.05234375 0.10078125
1 0.1984375 0.29296875 0.0234375 0.05546875
1 0.234375 0.2765625 0.02578125 0.05390625
1 0.27890625 0.2375 0.0203125 0.0484375
1 0.3125 0.240625 0.0171875 0.0453125
1 0.3078125 0.20625 0.01953125 0.040625
1 0.33046875 0.228125 0.01875 0.05
1 0.3484375 0.21796875 0.01796875 0.05
1 0.36875 0.265625 0.01875 0.05234375
1 0.36328125 0.19609375 0.0171875 0.03671875
1 0.3875 0.19140625 0.0203125 0.046875
1 0.396875 0.24140625 0.0203125 0.04375
1 0.43203125 0.328125 0.025 0.0484375
1 0.471875 0.246875 0.02109375 0.05390625
1 0.43359375 0.19140625 0.01796875 0.040625
1 0.44296875 0.16015625 0.015625 0.03515625
1 0.45625 0.1609375 0.0125 0.03046875
1 0.47890625 0.17109375 0.01953125 0.040625
1 0.49453125 0.20390625 0.0171875 0.0421875
1 0.49375 0.1515625 0.01484375 0.03515625
1 0.51796875 0.165625 0.0171875 0.0484375
1 0.54921875 0.21640625 0.015625 0.040625
1 0.52734375 0.1546875 0.01328125 0.040625
1 0.553125 0.1359375 0.0140625 0.03671875
1 0.5609375 0.16015625 0.01484375 0.0421875
1 0.57734375 0.13515625 0.0171875 0.03515625
1 0.5984375 0.125 0.015625 0.0421875
1 0.6078125 0.15703125 0.015625 0.03828125
1 0.6015625 0.18828125 0.01484375 0.040625
1 0.621875 0.196875 0.0171875 0.0421875
1 0.6296875 0.128125 0.015625 0.0421875
1 0.65234375 0.1453125 0.01796875 0.03828125
1 0.66328125 0.134375 0.01328125 0.03671875
1 0.6890625 0.134375 0.0125 0.03671875
1 0.7078125 0.1546875 0.01484375 0.040625
1 0.6890625 0.16328125 0.01796875 0.0421875
1 0.65546875 0.18359375 0.01875 0.03828125
1 0.575 0.33046875 0.02578125 0.05390625
1 0.5984375 0.38671875 0.02734375 0.06875
1 0.61015625 0.29140625 0.025 0.05546875
1 0.6609375 0.25390625 0.02109375 0.05546875
1 0.6953125 0.2171875 0.01953125 0.0453125
1 0.72890625 0.2625 0.02109375 0.05234375
1 0.74140625 0.22890625 0.01484375 0.0421875
1 0.7453125 0.18984375 0.01484375 0.040625
1 0.72109375 0.39921875 0.02890625 0.0734375
1 0.6578125 0.39765625 0.0328125 0.0671875
1 0.79140625 0.44765625 0.034375 0.09765625
1 0.871875 0.48359375 0.0296875 0.08046875
1 0.8859375 0.396875 0.0265625 0.065625
1 0.846875 0.371875 0.025 0.06171875
1 0.81015625 0.296875 0.02109375 0.05703125
1 0.75234375 0.28828125 0.02265625 0.05390625
1 0.79609375 0.2484375 0.0171875 0.05
1 0.77734375 0.20546875 0.01484375 0.03828125
1 0.7703125 0.1796875 0.01328125 0.03046875
1 0.80859375 0.190625 0.0171875 0.0421875
1 0.81953125 0.22578125 0.0203125 0.0453125
1 0.83984375 0.2125 0.01484375 0.03828125
1 0.86796875 0.22734375 0.0125 0.03828125
1 0.87578125 0.22421875 0.01015625 0.0421875
1 0.89765625 0.25859375 0.0125 0.04375
1 0.88671875 0.29296875 0.01484375 0.0453125
1 0.8640625 0.315625 0.0203125 0.05390625
1 0.90546875 0.234375 0.015625 0.0421875
1 0.928125 0.26875 0.015625 0.046875
1 0.94609375 0.24375 0.0140625 0.0453125
1 0.921875 0.3234375 0.02109375 0.06015625
1 0.94375 0.37890625 0.02265625 0.0671875
1 0.95234375 0.434375 0.021875 0.0703125
1 0.971875 0.36328125 0.0171875 0.05234375
1 0.96796875 0.32734375 0.0125 0.03359375
1 0.9734375 0.30390625 0.0125 0.03671875
1 0.98125 0.2578125 0.01484375 0.0421875