1 0.0265625 0.35546875 0.0359375 0.06640625
1 0.07265625 0.40234375 0.03984375 0.06640625
1 0.10625 0.35859375 0.02109375 0.046875
1 0.1609375 0.43125 0.0359375 0.06015625
1 0.15703125 0.3625 0.02265625 0.03828125
1 0.2125 0.396875 0.0328125 0.046875
1 0.23203125 0.5546875 0.0671875 0.10078125
1 0.24453125 0.48828125 0.03984375 0.0625
1 0.25390625 0.44765625 0.02890625 0.05390625
1 0.3109375 0.48515625 0.0359375 0.06015625
1 0.378125 0.60078125 0.07578125 0.115625
1 0.4515625 0.55703125 0.0515625 0.08359375
1 0.315625 0.37265625 0.02578125 0.03671875
1 0.371875 0.3734375 0.01875 0.034375
1 0.34609375 0.434375 0.02890625 0.05390625
1 0.4578125 0.40234375 0.02421875 0.040625
1 0.4453125 0.37109375 0.02109375 0.034375
1 0.4953125 0.4 0.02109375 0.03671875
1 0.5203125 0.571875 0.0375 0.07109375
1 0.54453125 0.5796875 0.04609375 0.07734375
1 0.59921875 0.53515625 0.0359375 0.0625
1 0.6328125 0.534375 0.03125 0.06015625
1 0.58515625 0.43671875 0.02734375 0.04921875
1 0.55703125 0.37734375 0.0171875 0.034375
1 0.64375 0.465625 0.0328125 0.046875
1 0.6828125 0.471875 0.02578125 0.0515625
1 0.721875 0.5171875 0.02734375 0.0515625
1 0.7359375 0.47421875 0.02265625 0.04296875
1 0.69453125 0.39375 0.0140625 0.03203125
1 0.73359375 0.41953125 0.02734375 0.03671875
1 0.75703125 0.5171875 0.02890625 0.0515625
1 0.803125 0.52109375 0.03984375 0.07265625
1 0.8 0.4546875 0.02265625 0.03828125
1 0.8703125 0.52109375 0.0375 0.0640625
1 0.9125 0.50390625 0.0296875 0.0515625
1 0.91953125 0.4546875 0.02734375 0.03828125
1 0.98203125 0.5125 0.02109375 0.046875