1 0.875 0.14609375 0.0109375 0.03203125
1 0.88828125 0.19140625 0.01171875 0.03203125
1 0.8921875 0.215625 0.01796875 0.04296875
1 0.928125 0.25859375 0.02109375 0.0484375
1 0.87578125 0.25234375 0.0203125 0.05
1 0.85859375 0.328125 0.02109375 0.06015625
1 0.85390625 0.19140625 0.015625 0.0375
1 0.79375 0.28359375 0.0203125 0.0625
1 0.84296875 0.2171875 0.01796875 0.04453125
1 0.83359375 0.23203125 0.01875 0.0484375
1 0.7875 0.19453125 0.015625 0.04296875
1 0.8015625 0.153125 0.01328125 0.0359375
1 0.809375 0.17890625 0.01640625 0.0390625
1 0.8203125 0.16875 0.0140625 0.0359375
1 0.734375 0.15703125 0.0140625 0.03203125
1 0.7578125 0.15234375 0.0140625 0.03515625
1 0.76953125 0.17421875 0.015625 0.0359375
1 0.7578125 0.22421875 0.01953125 0.04453125
1 0.72734375 0.22265625 0.0171875 0.04296875
1 0.7421875 0.2625 0.02734375 0.05546875
1 0.74609375 0.35078125 0.03046875 0.07109375
1 0.68359375 0.31953125 0.02578125 0.075
1 0.67265625 0.2515625 0.0203125 0.0546875
1 0.62890625 0.23515625 0.0234375 0.0546875
1 0.65390625 0.22421875 0.01953125 0.04453125
1 0.653125 0.17109375 0.01640625 0.0375
1 0.6921875 0.20703125 0.015625 0.0375
1 0.68828125 0.17421875 0.01484375 0.03046875
1 0.678125 0.1265625 0.0109375 0.0265625
1 0.65078125 0.12421875 0.0140625 0.028125
1 0.6171875 0.1015625 0.0109375 0.02265625
1 0.5953125 0.16328125 0.01171875 0.03046875
1 0.58828125 0.14765625 0.01171875 0.03359375
1 0.6140625 0.14609375 0.01171875 0.03046875
1 0.6234375 0.1390625 0.01171875 0.0265625
1 0.50625 0.1328125 0.00859375 0.01953125
1 0.5515625 0.153125 0.01328125 0.028125
1 0.54765625 0.19453125 0.01484375 0.0375
1 0.5328125 0.17734375 0.01640625 0.0359375
1 0.51875 0.19140625 0.01640625 0.0390625
1 0.578125 0.2375 0.021875 0.04296875
1 0.49453125 0.20859375 0.01796875 0.0375
1 0.45 0.1609375 0.0109375 0.02890625
1 0.46171875 0.16953125 0.01328125 0.03515625
1 0.4546875 0.228125 0.01484375 0.04296875
1 0.49921875 0.29765625 0.02265625 0.0484375
1 0.54921875 0.31875 0.02734375 0.0515625
1 0.36953125 0.209375 0.0171875 0.03046875
1 0.4046875 0.19140625 0.01171875 0.028125
1 0.42421875 0.2171875 0.015625 0.040625
1 0.40703125 0.28125 0.01875 0.0484375
1 0.36484375 0.28125 0.01640625 0.04609375
1 0.334375 0.225 0.01484375 0.040625
1 0.3625 0.25 0.0171875 0.03359375
1 0.32109375 0.2609375 0.01328125 0.03359375
1 0.3328125 0.2625 0.0171875 0.0421875
1 0.28125 0.25234375 0.01328125 0.028125
1 0.2765625 0.26953125 0.01640625 0.03515625
1 0.20234375 0.4265625 0.03984375 0.0921875