1 0.16328125 0.575 0.0890625 0.1515625
1 0.2390625 0.53828125 0.05625 0.0953125
1 0.28359375 0.43671875 0.0671875 0.0875
1 0.434375 0.521875 0.1 0.16640625
1 0.58984375 0.821875 0.1109375 0.17265625
1 0.7828125 0.71796875 0.078125 0.14375
1 0.8734375 0.5828125 0.0625 0.1265625
1 0.93671875 0.6453125 0.0734375 0.10625
1 0.95625 0.840625 0.0875 0.25546875
1 0.05546875 0.6515625 0.0671875 0.14765625
1 0.2921875 0.36875 0.05 0.09375
1 0.3390625 0.31875 0.059375 0.0890625
1 0.52734375 0.3546875 0.0390625 0.07265625
1 0.584375 0.4109375 0.05 0.0765625
1 0.6421875 0.46640625 0.05 0.0765625
1 0.6203125 0.53125 0.0625 0.08125
1 0.20546875 0.2046875 0.0421875 0.06875
1 0.203125 0.34375 0.053125 0.08125
1 0.01953125 0.20390625 0.0359375 0.075