1 0.0453125 0.24140625 0.06015625 0.1046875
1 0.0203125 0.23125 0.0375 0.12421875
1 0.178125 0.37109375 0.09375 0.2
1 0.2203125 0.3109375 0.0734375 0.15546875
1 0.31328125 0.1953125 0.04140625 0.07578125
1 0.3609375 0.43125 0.11875 0.2625
1 0.4515625 0.62421875 0.2015625 0.41796875
1 0.39296875 0.22109375 0.0390625 0.08671875
1 0.4296875 0.21796875 0.03125 0.06640625
1 0.46171875 0.24140625 0.05390625 0.1046875
1 0.5671875 0.25234375 0.0609375 0.11328125
1 0.71875 0.2359375 0.075 0.146875
1 0.86953125 0.2703125 0.08125 0.14921875