1 0.171875 0.39921875 0.04453125 0.11640625
1 0.66328125 0.5125 0.06875 0.12421875
1 0.3765625 0.13671875 0.01640625 0.028125
1 0.4078125 0.16171875 0.01328125 0.0375
1 0.41015625 0.2484375 0.01328125 0.03359375
1 0.425 0.2234375 0.01875 0.03984375
1 0.45078125 0.23359375 0.01875 0.03359375
1 0.47109375 0.159375 0.01328125 0.0359375
1 0.478125 0.18203125 0.01875 0.0359375
1 0.58203125 0.13125 0.01640625 0.028125
1 0.521875 0.19765625 0.02734375 0.0375
1 0.55703125 0.20234375 0.028125 0.04296875
1 0.60859375 0.2421875 0.028125 0.0359375
1 0.63359375 0.25546875 0.02421875 0.05078125
1 0.7140625 0.16328125 0.01640625 0.03203125
1 0.71875 0.18515625 0.015625 0.03203125
1 0.73984375 0.17265625 0.01328125 0.04296875
1 0.75703125 0.20078125 0.01640625 0.03203125
1 0.78203125 0.19765625 0.01328125 0.04140625
1 0.83125 0.27109375 0.02109375 0.05234375
1 0.88203125 0.26484375 0.02421875 0.0546875
1 0.93984375 0.24609375 0.01953125 0.03984375
1 0.95078125 0.20703125 0.015625 0.04140625