1 0.2015625 0.22734375 0.01640625 0.04296875
1 0.24453125 0.203125 0.01796875 0.05078125
1 0.31953125 0.2125 0.015625 0.04296875
1 0.36015625 0.2078125 0.01640625 0.04140625
1 0.38046875 0.1609375 0.021875 0.04140625
1 0.41640625 0.15078125 0.01875 0.04296875
1 0.42578125 0.2203125 0.025 0.06015625
1 0.46796875 0.103125 0.01484375 0.02265625
1 0.47890625 0.21015625 0.021875 0.0578125
1 0.51328125 0.125 0.01640625 0.02265625
1 0.47734375 0.13046875 0.02109375 0.0375
1 0.53125 0.1578125 0.015625 0.03515625
1 0.5484375 0.14140625 0.01640625 0.03515625
1 0.446875 0.35703125 0.040625 0.08203125
1 0.55859375 0.28203125 0.04765625 0.0859375
1 0.6234375 0.23359375 0.02421875 0.0484375
1 0.67421875 0.33359375 0.034375 0.065625
1 0.58359375 0.15859375 0.01875 0.04453125
1 0.66875 0.0859375 0.01875 0.0375
1 0.68984375 0.078125 0.01640625 0.0375
1 0.665625 0.128125 0.025 0.03203125
1 0.61796875 0.1484375 0.025 0.046875
1 0.70078125 0.196875 0.021875 0.046875
1 0.7203125 0.23828125 0.02734375 0.04296875
1 0.72578125 0.30078125 0.02890625 0.05234375
1 0.746875 0.3703125 0.03125 0.0671875
1 0.7625 0.13828125 0.01484375 0.04140625
1 0.78046875 0.13671875 0.015625 0.03359375
1 0.7484375 0.20625 0.02109375 0.046875
1 0.7796875 0.1765625 0.02421875 0.0390625
1 0.7625 0.2609375 0.02578125 0.046875
1 0.80234375 0.21796875 0.01796875 0.0390625
1 0.80390625 0.15546875 0.01484375 0.0375
1 0.8203125 0.2515625 0.02265625 0.046875
1 0.82265625 0.3703125 0.03046875 0.0859375
1 0.8359375 0.315625 0.02109375 0.0484375
1 0.86953125 0.446875 0.02578125 0.075
1 0.8671875 0.278125 0.02109375 0.05625
1 0.88125 0.24765625 0.01875 0.0390625
1 0.9421875 0.2296875 0.01796875 0.0375
1 0.92890625 0.284375 0.021875 0.0484375
1 0.728125 0.1484375 0.01875 0.04296875
1 0.7421875 0.15625 0.02265625 0.04296875
1 0.5734375 0.07734375 0.01640625 0.03203125
1 0.59375 0.0796875 0.01875 0.028125
1 0.6140625 0.07578125 0.01875 0.04296875
1 0.45390625 0.13984375 0.025 0.03359375
1 0.434375 0.153125 0.025 0.03359375
1 0.5625 0.15234375 0.02265625 0.046875