1 0.19140625 0.24765625 0.0171875 0.04296875
1 0.3625 0.2859375 0.02109375 0.034375
1 0.39140625 0.28515625 0.01875 0.04921875
1 0.49453125 0.3015625 0.02421875 0.04609375
1 0.61328125 0.259375 0.0234375 0.04609375
1 0.7171875 0.18203125 0.0171875 0.0390625
1 0.76328125 0.234375 0.0234375 0.04296875
1 0.76171875 0.05703125 0.01171875 0.01953125
1 0.58125 0.13671875 0.01171875 0.028125
1 0.3671875 0.196875 0.0140625 0.0296875
1 0.39375 0.18359375 0.01640625 0.0296875
1 0.409375 0.21328125 0.0171875 0.0328125
1 0.4515625 0.1859375 0.01484375 0.034375
1 0.46328125 0.196875 0.0140625 0.0328125
1 0.49453125 0.19296875 0.0171875 0.03125
1 0.46328125 0.23046875 0.01875 0.040625
1 0.49296875 0.2234375 0.0171875 0.040625
1 0.4140625 0.1890625 0.01328125 0.02421875