1 0.14609375 0.534375 0.05625 0.1109375
1 0.21875 0.3546875 0.01640625 0.0375
1 0.26328125 0.34296875 0.02265625 0.046875
1 0.2921875 0.359375 0.021875 0.04453125
1 0.28828125 0.3015625 0.01640625 0.03046875
1 0.33984375 0.346875 0.021875 0.04140625
1 0.36015625 0.3265625 0.01953125 0.04140625
1 0.35625 0.2875 0.01640625 0.03046875
1 0.3796875 0.33671875 0.0203125 0.040625
1 0.40859375 0.3390625 0.02109375 0.0390625
1 0.4046875 0.30703125 0.01953125 0.03359375
1 0.4390625 0.346875 0.01875 0.0484375
1 0.4375 0.30234375 0.01796875 0.0375
1 0.39609375 0.25078125 0.01640625 0.02890625
1 0.4140625 0.259375 0.0171875 0.03359375
1 0.440625 0.2609375 0.0125 0.028125
1 0.46484375 0.29921875 0.01640625 0.02890625
1 0.46640625 0.26640625 0.015625 0.028125
1 0.45859375 0.24609375 0.01640625 0.025
1 0.4671875 0.23515625 0.0140625 0.0234375
1 0.490625 0.27734375 0.0171875 0.03203125
1 0.50546875 0.25546875 0.0171875 0.028125
1 0.5203125 0.25390625 0.015625 0.03046875
1 0.5171875 0.309375 0.01796875 0.040625
1 0.51171875 0.29296875 0.01796875 0.03046875
1 0.5453125 0.2875 0.01796875 0.0359375
1 0.5359375 0.2515625 0.01484375 0.03046875
1 0.5453125 0.228125 0.01640625 0.028125
1 0.55625 0.2546875 0.0171875 0.0375
1 0.56953125 0.2421875 0.01640625 0.0265625
1 0.56796875 0.21796875 0.0140625 0.028125
1 0.58828125 0.25078125 0.01484375 0.034375
1 0.58984375 0.234375 0.01640625 0.03046875
1 0.6046875 0.20625 0.01484375 0.02890625
1 0.62109375 0.209375 0.0140625 0.021875
1 0.63359375 0.2484375 0.0171875 0.03359375
1 0.65234375 0.22265625 0.0125 0.03203125
1 0.66640625 0.23046875 0.0125 0.03046875
1 0.69140625 0.22109375 0.0140625 0.028125
1 0.696875 0.25625 0.01640625 0.034375
1 0.66796875 0.2671875 0.01953125 0.03203125
1 0.628125 0.2984375 0.01796875 0.0359375
1 0.59453125 0.321875 0.02109375 0.04140625
1 0.53046875 0.3703125 0.02578125 0.05390625
1 0.5375 0.40078125 0.03125 0.059375
1 0.4984375 0.375 0.028125 0.06640625
1 0.60859375 0.42578125 0.03203125 0.059375
1 0.60390625 0.36796875 0.025 0.04453125
1 0.640625 0.340625 0.0203125 0.04609375
1 0.6828125 0.34765625 0.0203125 0.0484375
1 0.66171875 0.446875 0.0328125 0.0640625
1 0.64765625 0.3921875 0.03046875 0.05390625
1 0.67421875 0.3171875 0.02109375 0.04296875
1 0.71328125 0.28515625 0.01640625 0.040625
1 0.7265625 0.396875 0.02734375 0.05390625
1 0.69453125 0.51953125 0.03515625 0.075
1 0.75703125 0.44140625 0.02890625 0.06640625
1 0.78671875 0.50390625 0.03125 0.06953125
1 0.7984375 0.359375 0.02265625 0.046875
1 0.81015625 0.340625 0.01953125 0.04296875
1 0.8046875 0.30625 0.01796875 0.03203125
1 0.76015625 0.2859375 0.01953125 0.0390625
1 0.753125 0.2625 0.01640625 0.03046875
1 0.73359375 0.25234375 0.0171875 0.02890625
1 0.72265625 0.265625 0.015625 0.03359375
1 0.74140625 0.22578125 0.0125 0.02890625
1 0.77109375 0.246875 0.01796875 0.02890625
1 0.80859375 0.2734375 0.01796875 0.03046875
1 0.79921875 0.25546875 0.01484375 0.021875
1 0.8265625 0.2625 0.0140625 0.0359375
1 0.84921875 0.2625 0.01796875 0.0390625
1 0.859375 0.25625 0.01171875 0.03203125
1 0.85 0.31640625 0.021875 0.0390625
1 0.8765625 0.3265625 0.01875 0.04140625
1 0.8859375 0.2921875 0.0171875 0.03203125
1 0.859375 0.36796875 0.0234375 0.046875
1 0.8453125 0.41015625 0.0234375 0.0484375
1 0.83046875 0.4515625 0.034375 0.06640625
1 0.8984375 0.47109375 0.0296875 0.075
1 0.890625 0.3890625 0.02109375 0.046875
1 0.91484375 0.353125 0.0171875 0.040625
1 0.9265625 0.328125 0.015625 0.0359375
1 0.91875 0.3 0.015625 0.03046875
1 0.915625 0.27734375 0.0140625 0.0265625