1 0.52890625 0.78984375 0.13203125 0.2421875
1 0.4453125 0.66875 0.13359375 0.2
1 0.334375 0.59453125 0.1046875 0.14453125
1 0.33515625 0.48125 0.09296875 0.11796875
1 0.31484375 0.40078125 0.08359375 0.11328125
1 0.259375 0.34921875 0.06484375 0.0890625
1 0.22578125 0.3078125 0.04140625 0.0640625
1 0.196875 0.3 0.03984375 0.0625
1 0.1484375 0.27890625 0.046875 0.06015625
1 0.0796875 0.17109375 0.03984375 0.0578125
1 0.18671875 0.17578125 0.03671875 0.03984375
1 0.22109375 0.2375 0.03828125 0.04921875
1 0.240625 0.178125 0.025 0.03125
1 0.27421875 0.2203125 0.021875 0.0359375
1 0.3 0.196875 0.0296875 0.046875
1 0.33203125 0.2046875 0.03359375 0.04921875
1 0.35703125 0.24296875 0.04296875 0.06875
1 0.39765625 0.25234375 0.03203125 0.0640625
1 0.41953125 0.253125 0.03203125 0.06640625
1 0.44609375 0.253125 0.0453125 0.07578125
1 0.47578125 0.26796875 0.04140625 0.0734375
1 0.5203125 0.27109375 0.053125 0.084375
1 0.5421875 0.30078125 0.0546875 0.0953125
1 0.65859375 0.27890625 0.06640625 0.10859375
1 0.7078125 0.3953125 0.078125 0.09296875
1 0.8359375 0.34765625 0.0984375 0.14453125
1 0.9546875 0.384375 0.08984375 0.15546875
1 0.9734375 0.215625 0.0234375 0.03125
1 0.9359375 0.2078125 0.021875 0.03359375
1 0.92265625 0.17890625 0.025 0.0421875
1 0.88359375 0.215625 0.0203125 0.03125
1 0.88046875 0.196875 0.01796875 0.02890625
1 0.84765625 0.1953125 0.01796875 0.03125
1 0.8328125 0.18359375 0.01796875 0.02421875
1 0.8140625 0.2 0.021875 0.0265625
1 0.77421875 0.20546875 0.01796875 0.02421875
1 0.7953125 0.2046875 0.0234375 0.021875
1 0.728125 0.178125 0.01640625 0.01796875
1 0.7078125 0.1765625 0.01796875 0.02421875
1 0.6921875 0.16875 0.01796875 0.021875
1 0.6609375 0.18359375 0.01796875 0.02890625
1 0.62578125 0.17421875 0.01484375 0.02421875
1 0.5953125 0.171875 0.0203125 0.0203125
1 0.58828125 0.1265625 0.0203125 0.03125
1 0.5640625 0.171875 0.01484375 0.0203125
1 0.55078125 0.16796875 0.01484375 0.0203125
1 0.56015625 0.15078125 0.01015625 0.01796875
1 0.5484375 0.13125 0.01328125 0.0265625
1 0.52890625 0.16015625 0.01171875 0.01328125
1 0.46171875 0.14140625 0.01640625 0.0203125
1 0.3609375 0.1296875 0.01484375 0.0203125