1 0.24140625 0.546875 0.11640625 0.1875
1 0.30703125 0.428125 0.06015625 0.1125
1 0.37890625 0.4703125 0.07890625 0.140625
1 0.48828125 0.721875 0.14765625 0.2625
1 0.52734375 0.521875 0.09609375 0.175
1 0.58828125 0.384375 0.04765625 0.1
1 0.628125 0.3421875 0.04375 0.084375
1 0.65234375 0.31875 0.04609375 0.0875
1 0.72734375 0.3609375 0.05 0.084375
1 0.72421875 0.465625 0.06484375 0.1125
1 0.84453125 0.4 0.04765625 0.0875
1 0.90390625 0.4203125 0.05859375 0.109375
1 0.52890625 0.321875 0.04609375 0.08125
1 0.50078125 0.3640625 0.05625 0.096875
1 0.46796875 0.325 0.03515625 0.06875
1 0.421875 0.325 0.04375 0.075
1 0.328125 0.196875 0.03125 0.05625
1 0.21015625 0.3671875 0.05390625 0.090625
1 0.175 0.3484375 0.05390625 0.084375
1 0.13046875 0.2640625 0.03515625 0.046875
1 0.08515625 0.3203125 0.04140625 0.065625
1 0.02890625 0.3890625 0.05390625 0.109375
1 0.05390625 0.8390625 0.1 0.321875