1 0.23828125 0.3671875 0.04296875 0.0953125
1 0.19609375 0.44453125 0.0453125 0.10234375
1 0.26796875 0.23125 0.01875 0.04453125
1 0.334375 0.2796875 0.021875 0.03984375
1 0.4265625 0.28515625 0.02265625 0.05625
1 0.4796875 0.3234375 0.0234375 0.0546875
1 0.3859375 0.1875 0.01796875 0.0328125
1 0.421875 0.21484375 0.01796875 0.034375
1 0.45 0.225 0.01953125 0.03125
1 0.44765625 0.190625 0.0140625 0.03828125
1 0.47265625 0.20234375 0.0171875 0.0328125
1 0.4546875 0.153125 0.009375 0.0265625
1 0.4703125 0.153125 0.0125 0.0265625
1 0.50859375 0.175 0.0140625 0.0359375
1 0.52265625 0.20703125 0.01484375 0.034375
1 0.53046875 0.13984375 0.01484375 0.0359375
1 0.55703125 0.15078125 0.0125 0.03125
1 0.5796875 0.1609375 0.0125 0.03125
1 0.575 0.10859375 0.01015625 0.0265625
1 0.6390625 0.096875 0.0140625 0.03984375
1 0.6859375 0.09765625 0.0125 0.03125
1 0.7203125 0.078125 0.0125 0.025
1 0.609375 0.2421875 0.02421875 0.04296875
1 0.65546875 0.2484375 0.0203125 0.04921875
1 0.71953125 0.28125 0.0234375 0.05078125
1 0.771875 0.30703125 0.02265625 0.05078125
1 0.875 0.22578125 0.015625 0.03984375
1 0.85078125 0.19765625 0.0171875 0.04609375
1 0.8 0.18359375 0.01328125 0.03125
1 0.684375 0.15546875 0.0171875 0.03828125
1 0.7125 0.1484375 0.015625 0.0359375
1 0.7296875 0.16171875 0.0125 0.0296875
1 0.74921875 0.1453125 0.01484375 0.03984375
1 0.7578125 0.171875 0.0171875 0.03125
1 0.75234375 0.109375 0.01015625 0.034375
1 0.8125 0.1296875 0.009375 0.03125
1 0.484375 0.134375 0.0109375 0.02109375
1 0.48046875 0.165625 0.01484375 0.028125