1 0.165625 0.503125 0.04609375 0.09765625
1 0.22734375 0.35390625 0.01953125 0.0359375
1 0.259375 0.3625 0.01875 0.0453125
1 0.28984375 0.38515625 0.0203125 0.0453125
1 0.2953125 0.3140625 0.01875 0.040625
1 0.33828125 0.37734375 0.02265625 0.05546875
1 0.36171875 0.33984375 0.01640625 0.03125
1 0.36015625 0.3046875 0.01953125 0.0296875
1 0.3921875 0.35234375 0.0203125 0.0390625
1 0.4171875 0.34765625 0.021875 0.0453125
1 0.41484375 0.3140625 0.01640625 0.03125
1 0.4109375 0.28984375 0.015625 0.028125
1 0.40390625 0.2703125 0.015625 0.03125
1 0.4328125 0.275 0.01484375 0.028125
1 0.453125 0.27421875 0.01484375 0.0359375
1 0.4453125 0.32265625 0.021875 0.0421875
1 0.47734375 0.3140625 0.01796875 0.034375
1 0.48046875 0.3625 0.02734375 0.0421875
1 0.51328125 0.33125 0.0171875 0.0390625
1 0.4796875 0.28125 0.0171875 0.028125
1 0.46953125 0.25546875 0.01328125 0.028125
1 0.4765625 0.2484375 0.0171875 0.03125
1 0.50859375 0.278125 0.0171875 0.034375
1 0.52578125 0.29140625 0.0171875 0.034375
1 0.55 0.259375 0.01640625 0.0296875
1 0.56171875 0.296875 0.01875 0.0390625
1 0.5921875 0.27109375 0.01640625 0.0296875
1 0.58515625 0.26015625 0.01328125 0.028125
1 0.58046875 0.23046875 0.0125 0.02578125
1 0.61484375 0.234375 0.015625 0.028125
1 0.6296875 0.253125 0.01171875 0.02421875
1 0.62421875 0.215625 0.01171875 0.02734375
1 0.6421875 0.23046875 0.01484375 0.02265625
1 0.65390625 0.2578125 0.01328125 0.02421875
1 0.68984375 0.240625 0.015625 0.02578125
1 0.68203125 0.22421875 0.01328125 0.028125
1 0.59296875 0.234375 0.0109375 0.02578125
1 0.5140625 0.39765625 0.03046875 0.06328125
1 0.55390625 0.4234375 0.028125 0.05859375
1 0.60546875 0.39609375 0.0265625 0.05703125
1 0.61015625 0.3421875 0.025 0.0453125
1 0.62890625 0.44765625 0.03515625 0.0734375
1 0.6578125 0.48671875 0.03828125 0.0671875
1 0.68046875 0.3859375 0.0265625 0.04375
1 0.6625 0.36328125 0.02421875 0.040625
1 0.64765625 0.32421875 0.02109375 0.040625
1 0.68671875 0.29375 0.01953125 0.0390625
1 0.7234375 0.26484375 0.01796875 0.0375
1 0.7015625 0.240625 0.015625 0.03125
1 0.73125 0.3171875 0.01875 0.040625
1 0.70703125 0.36875 0.02421875 0.05078125
1 0.7578125 0.42890625 0.02734375 0.05703125
1 0.72265625 0.53125 0.04609375 0.08515625
1 0.825 0.51796875 0.03515625 0.05859375
1 0.746875 0.26171875 0.015625 0.034375
1 0.7671875 0.27421875 0.0171875 0.0359375
1 0.784375 0.29609375 0.01796875 0.0375
1 0.765625 0.23359375 0.01484375 0.0296875
1 0.80234375 0.24921875 0.0171875 0.0296875
1 0.803125 0.27734375 0.0171875 0.0328125
1 0.83125 0.2578125 0.01875 0.0390625
1 0.83984375 0.3171875 0.0203125 0.034375
1 0.8625 0.2703125 0.0171875 0.034375
1 0.8734375 0.28359375 0.015625 0.0328125
1 0.8828125 0.2859375 0.0125 0.028125
1 0.8953125 0.2703125 0.01328125 0.03125
1 0.871875 0.3234375 0.01953125 0.0375
1 0.8859375 0.37890625 0.025 0.05859375
1 0.83125 0.37265625 0.02265625 0.05234375
1 0.8078125 0.44140625 0.0265625 0.05859375
1 0.87109375 0.46875 0.03203125 0.0703125
1 0.93515625 0.475 0.03046875 0.065625
1 0.93984375 0.4140625 0.01953125 0.05078125
1 0.9515625 0.3734375 0.01875 0.0390625
1 0.92578125 0.34453125 0.01796875 0.0453125
1 0.925 0.28984375 0.01875 0.040625
1 0.9578125 0.3171875 0.01796875 0.03125
1 0.95078125 0.34609375 0.0203125 0.0359375
1 0.9609375 0.29453125 0.01640625 0.03125