1 0.03671875 0.359375 0.04921875 0.07265625
1 0.1671875 0.38671875 0.05859375 0.08203125
1 0.21484375 0.36328125 0.03671875 0.07265625
1 0.2625 0.409375 0.05859375 0.090625
1 0.3515625 0.42734375 0.0703125 0.1
1 0.328125 0.38671875 0.04296875 0.06328125
1 0.28515625 0.3546875 0.04296875 0.06328125
1 0.38046875 0.35703125 0.03671875 0.06796875
1 0.40625 0.4046875 0.05234375 0.08203125
1 0.46015625 0.384375 0.04296875 0.06796875
1 0.53203125 0.41796875 0.0640625 0.1
1 0.4890625 0.35 0.02734375 0.0546875
1 0.5828125 0.38828125 0.03671875 0.06796875
1 0.61953125 0.3796875 0.03046875 0.05
1 0.678125 0.41328125 0.05546875 0.090625
1 0.6609375 0.37265625 0.03359375 0.0546875
1 0.7421875 0.4046875 0.03671875 0.06328125
1 0.80078125 0.409375 0.04296875 0.06328125
1 0.81875 0.384375 0.03046875 0.059375
1 0.87109375 0.41171875 0.03671875 0.07734375
1 0.94296875 0.390625 0.03984375 0.06328125