1 0.13671875 0.56640625 0.040625 0.08671875
1 0.23515625 0.3453125 0.01875 0.03828125
1 0.26171875 0.35234375 0.021875 0.04375
1 0.28671875 0.3765625 0.02109375 0.0453125
1 0.28984375 0.309375 0.01796875 0.03984375
1 0.35703125 0.353125 0.02265625 0.0484375
1 0.3515625 0.3265625 0.01484375 0.03359375
1 0.35390625 0.2984375 0.01875 0.03359375
1 0.38671875 0.33671875 0.0171875 0.03671875
1 0.40703125 0.33515625 0.0203125 0.03984375
1 0.40625 0.30625 0.01796875 0.028125
1 0.40625 0.28046875 0.0171875 0.0265625
1 0.39609375 0.2625 0.015625 0.0296875
1 0.42265625 0.26328125 0.01875 0.03359375
1 0.44296875 0.26953125 0.01484375 0.03046875
1 0.434375 0.31015625 0.01640625 0.03828125
1 0.44453125 0.34140625 0.0203125 0.03984375
1 0.47265625 0.31171875 0.02109375 0.03359375
1 0.4578125 0.25 0.01796875 0.03359375
1 0.46953125 0.2734375 0.0171875 0.03203125
1 0.465625 0.2390625 0.01484375 0.0296875
1 0.4890625 0.26953125 0.01640625 0.03046875
1 0.5015625 0.2640625 0.015625 0.0265625
1 0.51796875 0.2453125 0.01484375 0.0296875
1 0.51875 0.2796875 0.01640625 0.03046875
1 0.53984375 0.25078125 0.0171875 0.0296875
1 0.55234375 0.28828125 0.015625 0.03984375
1 0.50234375 0.33203125 0.02109375 0.04375
1 0.4859375 0.39609375 0.034375 0.05703125
1 0.56171875 0.221875 0.00859375 0.0234375
1 0.56953125 0.2375 0.01171875 0.028125
1 0.58046875 0.2421875 0.01328125 0.0296875
1 0.5671875 0.27421875 0.015625 0.03671875
1 0.59296875 0.25546875 0.015625 0.0296875
1 0.59765625 0.22265625 0.009375 0.03046875
1 0.59296875 0.2140625 0.009375 0.0265625
1 0.6203125 0.221875 0.0140625 0.03203125
1 0.634375 0.228125 0.0109375 0.025
1 0.6359375 0.25 0.015625 0.0265625
1 0.66484375 0.2359375 0.01328125 0.028125
1 0.68046875 0.2328125 0.01484375 0.03359375
1 0.66171875 0.2109375 0.01328125 0.025
1 0.5953125 0.33125 0.021875 0.0515625
1 0.58984375 0.378125 0.02421875 0.0546875
1 0.5453125 0.40859375 0.025 0.05703125
1 0.5265625 0.36015625 0.02265625 0.0453125
1 0.60625 0.43359375 0.0296875 0.06015625
1 0.62734375 0.4765625 0.02890625 0.06875
1 0.69375 0.553125 0.0359375 0.078125
1 0.64296875 0.34296875 0.0234375 0.0453125
1 0.62734375 0.309375 0.02109375 0.03984375
1 0.66171875 0.28125 0.01875 0.04296875
1 0.68671875 0.30703125 0.01875 0.04375
1 0.69921875 0.309375 0.0171875 0.03984375
1 0.69921875 0.2546875 0.0140625 0.03359375
1 0.72265625 0.25625 0.01640625 0.03671875
1 0.7265625 0.240625 0.01328125 0.0265625
1 0.74140625 0.2328125 0.0171875 0.03046875
1 0.7734375 0.24296875 0.01328125 0.03046875
1 0.7703125 0.29765625 0.02109375 0.03671875
1 0.7671875 0.26953125 0.015625 0.03046875
1 0.68046875 0.37109375 0.02265625 0.0484375
1 0.65625 0.38828125 0.0265625 0.06328125
1 0.71875 0.41171875 0.02578125 0.0484375
1 0.7765625 0.4375 0.028125 0.06484375
1 0.80546875 0.36640625 0.0234375 0.0546875
1 0.80703125 0.30546875 0.015625 0.03515625
1 0.809375 0.27578125 0.0171875 0.03515625
1 0.80078125 0.25 0.0171875 0.03828125
1 0.83125 0.26015625 0.01328125 0.03515625
1 0.8390625 0.2765625 0.01640625 0.03671875
1 0.84921875 0.28359375 0.0140625 0.03203125
1 0.8625 0.2640625 0.015625 0.03515625
1 0.884375 0.2796875 0.0140625 0.03671875
1 0.87890625 0.3234375 0.0171875 0.03984375
1 0.85625 0.34375 0.02109375 0.046875
1 0.83515625 0.3171875 0.0203125 0.04140625
1 0.85078125 0.38203125 0.0265625 0.06484375
1 0.81796875 0.49765625 0.03125 0.0734375
1 0.8375 0.46171875 0.02578125 0.06640625
1 0.9109375 0.47421875 0.0328125 0.0734375
1 0.9046875 0.40234375 0.02421875 0.05546875
1 0.91953125 0.36015625 0.0171875 0.0484375
1 0.89921875 0.31015625 0.015625 0.03515625
1 0.92265625 0.3140625 0.01484375 0.03828125
1 0.928125 0.2765625 0.0140625 0.03046875