1 0.19296875 0.396875 0.10546875 0.18515625
1 0.23671875 0.240625 0.096875 0.1578125
1 0.27421875 0.1078125 0.0734375 0.11953125
1 0.1671875 0.08125 0.059375 0.09765625
1 0.4125 0.1984375 0.03828125 0.0609375
1 0.4625 0.2109375 0.03515625 0.0625
1 0.49609375 0.20859375 0.0390625 0.0640625
1 0.571875 0.21328125 0.02890625 0.05390625
1 0.59765625 0.196875 0.0375 0.0609375
1 0.640625 0.21328125 0.040625 0.06015625
1 0.6828125 0.21484375 0.03515625 0.07109375
1 0.7125 0.20390625 0.02734375 0.05546875
1 0.77109375 0.21328125 0.0359375 0.06015625
1 0.80390625 0.2140625 0.04765625 0.07890625
1 0.77265625 0.175 0.02109375 0.03828125
1 0.84375 0.2015625 0.053125 0.10078125
1 0.89921875 0.2171875 0.0671875 0.1140625
1 0.94609375 0.21171875 0.0375 0.06015625
1 0.98359375 0.2328125 0.0328125 0.0859375