1 0.10546875 0.278125 0.0640625 0.0703125
1 0.14609375 0.26015625 0.0421875 0.0578125
1 0.046875 0.3109375 0.05234375 0.0734375
1 0.26796875 0.303125 0.0625 0.0796875
1 0.34296875 0.2640625 0.06484375 0.09921875
1 0.34140625 0.171875 0.03828125 0.05703125
1 0.42421875 0.18203125 0.03671875 0.05703125
1 0.471875 0.25703125 0.0421875 0.05234375
1 0.4421875 0.23359375 0.0328125 0.05546875
1 0.51875 0.2875 0.05546875 0.0890625
1 0.5171875 0.2296875 0.0546875 0.06640625
1 0.5453125 0.165625 0.04453125 0.06640625
1 0.60703125 0.2015625 0.04296875 0.05859375
1 0.67265625 0.24921875 0.04453125 0.0703125
1 0.73515625 0.27421875 0.06484375 0.09765625
1 0.95703125 0.16171875 0.0578125 0.1078125
1 0.66328125 0.2015625 0.034375 0.05234375