1 0.2609375 0.37578125 0.04375 0.1
1 0.2828125 0.22734375 0.01796875 0.040625
1 0.309375 0.234375 0.0203125 0.040625
1 0.3125 0.21953125 0.01875 0.03203125
1 0.36015625 0.265625 0.025 0.04296875
1 0.3671875 0.22578125 0.02109375 0.040625
1 0.3703125 0.1859375 0.01875 0.0375
1 0.403125 0.22734375 0.0203125 0.040625
1 0.4140625 0.2125 0.015625 0.03203125
1 0.4125 0.2546875 0.025 0.04609375
1 0.46640625 0.21015625 0.0203125 0.04609375
1 0.475 0.18984375 0.01875 0.0375
1 0.4609375 0.15703125 0.01484375 0.0359375
1 0.46015625 0.14453125 0.0171875 0.025
1 0.42265625 0.15546875 0.01796875 0.02890625
1 0.47890625 0.13203125 0.0109375 0.02890625
1 0.48984375 0.13515625 0.01484375 0.025
1 0.49375 0.1625 0.015625 0.03203125
1 0.52265625 0.16640625 0.01796875 0.040625
1 0.50234375 0.12578125 0.0140625 0.03046875
1 0.51796875 0.13359375 0.01328125 0.02890625
1 0.53046875 0.13671875 0.0140625 0.0265625
1 0.55390625 0.134375 0.0109375 0.0265625
1 0.5640625 0.1796875 0.02421875 0.05
1 0.57890625 0.13984375 0.01875 0.03359375
1 0.5875 0.12109375 0.01484375 0.02109375
1 0.6015625 0.15 0.0203125 0.0359375
1 0.63671875 0.15703125 0.0171875 0.02890625
1 0.63203125 0.1328125 0.01796875 0.03046875
1 0.61796875 0.1125 0.0109375 0.03203125
1 0.60390625 0.06953125 0.0140625 0.02890625
1 0.6390625 0.06171875 0.0140625 0.0265625
1 0.6671875 0.0640625 0.01171875 0.02890625
1 0.68125 0.0609375 0.0109375 0.03203125
1 0.6484375 0.1203125 0.0140625 0.03046875
1 0.59453125 0.215625 0.025 0.04609375
1 0.62109375 0.26484375 0.028125 0.0484375
1 0.62578125 0.2078125 0.025 0.0484375
1 0.66796875 0.22890625 0.021875 0.0515625
1 0.70078125 0.175 0.01796875 0.0390625
1 0.71953125 0.1796875 0.02265625 0.05
1 0.7390625 0.1734375 0.0171875 0.0484375
1 0.7328125 0.14140625 0.0140625 0.0265625
1 0.74296875 0.23359375 0.02421875 0.05
1 0.76875 0.2390625 0.02578125 0.05
1 0.778125 0.309375 0.02890625 0.065625
1 0.91484375 0.3328125 0.025 0.05859375
1 0.79921875 0.2015625 0.02109375 0.04609375
1 0.76484375 0.190625 0.0171875 0.04609375
1 0.7515625 0.12265625 0.015625 0.03203125
1 0.76796875 0.11953125 0.015625 0.03203125
1 0.784375 0.134375 0.0171875 0.040625
1 0.79375 0.16015625 0.0140625 0.03203125
1 0.80703125 0.128125 0.01484375 0.0359375
1 0.8234375 0.13359375 0.0140625 0.03203125
1 0.82890625 0.1765625 0.02109375 0.0390625
1 0.8421875 0.1453125 0.0140625 0.03359375
1 0.8546875 0.13984375 0.01171875 0.03359375
1 0.8671875 0.1703125 0.015625 0.040625
1 0.8578125 0.20859375 0.01796875 0.04609375
1 0.84375 0.23203125 0.0171875 0.05703125
1 0.88828125 0.23359375 0.0203125 0.04296875
1 0.89609375 0.20703125 0.0140625 0.0390625
1 0.88046875 0.1609375 0.01328125 0.0375
1 0.9015625 0.175 0.0140625 0.0359375
1 0.9109375 0.1796875 0.0140625 0.0359375
1 0.91875 0.15234375 0.01484375 0.0375
1 0.9328125 0.20234375 0.01796875 0.0375
1 0.93984375 0.1734375 0.01171875 0.03046875
1 0.9234375 0.25703125 0.02265625 0.05
1 0.9203125 0.20703125 0.01796875 0.04296875