1 0.07890625 0.44375 0.0125 0.02421875
1 0.57890625 0.94296875 0.0921875 0.10703125
1 0.6625 0.81171875 0.07265625 0.1109375
1 0.69453125 0.690625 0.05859375 0.0828125
1 0.71328125 0.62265625 0.04375 0.0671875
1 0.72734375 0.56875 0.03515625 0.0453125
1 0.7203125 0.53359375 0.0359375 0.046875
1 0.7359375 0.5109375 0.02890625 0.04296875
1 0.71640625 0.484375 0.025 0.03359375
1 0.1625 0.88828125 0.07265625 0.09921875
1 0.33984375 0.83984375 0.0625 0.08828125
1 0.42890625 0.69609375 0.05 0.07890625
1 0.496875 0.6546875 0.0390625 0.0671875
1 0.5515625 0.6015625 0.04140625 0.065625
1 0.5875 0.5546875 0.03984375 0.065625
1 0.6140625 0.53125 0.0359375 0.05625
1 0.6296875 0.5125 0.02734375 0.0484375
1 0.6390625 0.48203125 0.025 0.03359375
1 0.0234375 0.7796875 0.0421875 0.084375
1 0.1140625 0.71953125 0.0484375 0.0765625
1 0.0328125 0.66875 0.03359375 0.046875
1 0.1046875 0.6359375 0.0328125 0.05234375
1 0.04921875 0.5953125 0.02890625 0.04296875
1 0.0453125 0.55 0.02734375 0.0375
1 0.053125 0.52890625 0.02109375 0.0296875
1 0.0578125 0.4984375 0.01875 0.02421875
1 0.1 0.5625 0.0328125 0.0484375
1 0.10859375 0.5375 0.0203125 0.02421875
1 0.1 0.5109375 0.0171875 0.02421875
1 0.1296875 0.4828125 0.0171875 0.0203125
1 0.1390625 0.50078125 0.0171875 0.0265625
1 0.1515625 0.5140625 0.0203125 0.03359375
1 0.1640625 0.5421875 0.025 0.04140625
1 0.1734375 0.60234375 0.03125 0.05625
1 0.2328125 0.6765625 0.04609375 0.0765625
1 0.3109375 0.6390625 0.04375 0.06171875
1 0.2578125 0.578125 0.0328125 0.0453125
1 0.2140625 0.5359375 0.02734375 0.0390625
1 0.2015625 0.50546875 0.0203125 0.0359375
1 0.1859375 0.4859375 0.0171875 0.0265625
1 0.16875 0.46875 0.01484375 0.02265625
1 0.203125 0.465625 0.01640625 0.02265625
1 0.21953125 0.471875 0.01640625 0.028125
1 0.23984375 0.490625 0.0203125 0.028125
1 0.26796875 0.50859375 0.0265625 0.0375
1 0.3109375 0.53203125 0.0265625 0.0359375
1 0.3828125 0.565625 0.03359375 0.0578125
1 0.44140625 0.5375 0.0375 0.06171875
1 0.4796875 0.52265625 0.0328125 0.046875
1 0.39609375 0.4859375 0.02734375 0.0375
1 0.3703125 0.5109375 0.02265625 0.04296875
1 0.35703125 0.475 0.02109375 0.04140625
1 0.31328125 0.4875 0.0234375 0.04140625
1 0.28125 0.46640625 0.0203125 0.02421875
1 0.26484375 0.44453125 0.01484375 0.02265625
1 0.23203125 0.45 0.01640625 0.01875
1 0.3140625 0.44921875 0.02109375 0.028125
1 0.31328125 0.421875 0.01640625 0.02265625
1 0.33046875 0.409375 0.0140625 0.02265625
1 0.34609375 0.40625 0.01484375 0.0203125
1 0.359375 0.4234375 0.0140625 0.02421875
1 0.33671875 0.43046875 0.01640625 0.02421875
1 0.3390625 0.453125 0.0140625 0.0203125
1 0.375 0.4390625 0.01484375 0.0265625
1 0.4109375 0.45 0.01640625 0.0265625
1 0.39453125 0.4296875 0.0140625 0.0265625
1 0.3765625 0.4140625 0.0140625 0.02421875
1 0.39296875 0.40703125 0.01640625 0.02265625
1 0.40625 0.40703125 0.01484375 0.0265625
1 0.38984375 0.38359375 0.01015625 0.0203125
1 0.3984375 0.378125 0.01484375 0.0203125
1 0.4421875 0.3796875 0.01640625 0.0203125
1 0.43125 0.41875 0.01484375 0.0265625
1 0.44296875 0.40703125 0.0140625 0.0265625
1 0.45625 0.403125 0.01484375 0.01875
1 0.4390625 0.43828125 0.0171875 0.02421875
1 0.4515625 0.434375 0.0203125 0.02421875
1 0.47109375 0.42109375 0.01484375 0.02421875
1 0.48046875 0.4171875 0.0109375 0.02421875
1 0.49921875 0.409375 0.01875 0.02265625
1 0.4515625 0.484375 0.0234375 0.04140625
1 0.46640625 0.4703125 0.02265625 0.03203125
1 0.4953125 0.4546875 0.025 0.03203125
1 0.50859375 0.44765625 0.0203125 0.03203125
1 0.52265625 0.43359375 0.0125 0.0265625
1 0.534375 0.4203125 0.01640625 0.02265625
1 0.54453125 0.41640625 0.0109375 0.02265625
1 0.55390625 0.40234375 0.01484375 0.0203125
1 0.5703125 0.3875 0.0140625 0.0203125
1 0.5140625 0.49375 0.0296875 0.04140625
1 0.5375 0.4703125 0.02265625 0.04296875
1 0.5578125 0.46171875 0.0203125 0.0375
1 0.56875 0.4515625 0.01484375 0.028125
1 0.57890625 0.43828125 0.0171875 0.02421875
1 0.58984375 0.41953125 0.0171875 0.02421875
1 0.59921875 0.4078125 0.0140625 0.028125
1 0.6046875 0.39609375 0.01640625 0.01875
1 0.61015625 0.384375 0.01015625 0.01875
1 0.89609375 0.88203125 0.08515625 0.14609375
1 0.87265625 0.74296875 0.0671875 0.1015625
1 0.865625 0.66171875 0.0515625 0.0765625
1 0.8515625 0.590625 0.0453125 0.0640625
1 0.8359375 0.55 0.03359375 0.0453125
1 0.8234375 0.5203125 0.02890625 0.0359375
1 0.8171875 0.4953125 0.0296875 0.0375
1 0.79921875 0.47734375 0.0234375 0.0390625
1 0.79609375 0.45703125 0.0203125 0.0359375
1 0.78359375 0.4453125 0.0203125 0.02421875
1 0.7796875 0.43125 0.01484375 0.0265625
1 0.76953125 0.4265625 0.00859375 0.02421875
1 0.76640625 0.4171875 0.0125 0.0203125
1 0.75625 0.4140625 0.01484375 0.0203125
1 0.7515625 0.40234375 0.0109375 0.0203125
1 0.7484375 0.3921875 0.0109375 0.02265625
1 0.72890625 0.390625 0.0125 0.01875
1 0.73515625 0.4015625 0.0125 0.01875
1 0.703125 0.396875 0.0140625 0.0203125
1 0.70703125 0.42109375 0.01875 0.028125
1 0.72265625 0.45234375 0.0171875 0.0265625
1 0.6546875 0.465625 0.0140625 0.02265625
1 0.6453125 0.43515625 0.01640625 0.02265625
1 0.6515625 0.41953125 0.01484375 0.02421875
1 0.65625 0.4015625 0.01484375 0.0296875