1 0.0890625 0.3953125 0.03671875 0.0609375
1 0.15 0.43671875 0.04296875 0.0828125
1 0.203125 0.51953125 0.04921875 0.0890625
1 0.2625 0.6234375 0.05625 0.1140625
1 0.29765625 0.37734375 0.0328125 0.046875
1 0.36484375 0.41875 0.0328125 0.0609375
1 0.43984375 0.4625 0.0390625 0.08046875
1 0.540625 0.5453125 0.0484375 0.10078125
1 0.47734375 0.38359375 0.025 0.0515625
1 0.5375 0.384375 0.02890625 0.0515625
1 0.64921875 0.4515625 0.0328125 0.0578125
1 0.803125 0.50625 0.04296875 0.08671875
1 0.84921875 0.34296875 0.0765625 0.1203125