1 0.92265625 0.4203125 0.1546875 0.340625
1 0.1890625 0.609375 0.10625 0.13671875
1 0.3515625 0.4953125 0.096875 0.13671875
1 0.48203125 0.42265625 0.07265625 0.109375
1 0.56484375 0.34765625 0.0578125 0.0953125
1 0.653125 0.29296875 0.0390625 0.07734375
1 0.72734375 0.2453125 0.0421875 0.07265625
1 0.8078125 0.18203125 0.0390625 0.07265625
1 0.846875 0.1703125 0.02734375 0.05
1 0.7390625 0.1296875 0.03046875 0.059375
1 0.6890625 0.159375 0.02734375 0.0546875
1 0.6109375 0.1203125 0.02734375 0.040625
1 0.56640625 0.209375 0.03046875 0.06328125
1 0.5625 0.134375 0.02734375 0.05
1 0.53046875 0.084375 0.03046875 0.05
1 0.47265625 0.11796875 0.03046875 0.0546875
1 0.453125 0.08203125 0.02109375 0.03671875
1 0.459375 0.18203125 0.02734375 0.0546875
1 0.52265625 0.225 0.0390625 0.059375
1 0.43671875 0.2703125 0.0421875 0.07734375
1 0.403125 0.2 0.03046875 0.06328125
1 0.37421875 0.134375 0.03359375 0.040625
1 0.403125 0.0953125 0.02421875 0.0453125
1 0.32421875 0.08828125 0.02421875 0.040625
1 0.303125 0.1296875 0.02421875 0.040625
1 0.31640625 0.15234375 0.02734375 0.040625
1 0.2578125 0.11171875 0.02421875 0.040625
1 0.2421875 0.1296875 0.03046875 0.05
1 0.246875 0.18671875 0.03359375 0.0453125
1 0.32109375 0.21171875 0.0421875 0.059375
1 0.346875 0.2953125 0.0453125 0.08203125
1 0.22890625 0.35 0.0578125 0.08203125
1 0.24375 0.25 0.0453125 0.07265625
1 0.0890625 0.4203125 0.07578125 0.0953125
1 0.0453125 0.315625 0.0546875 0.08671875
1 0.07265625 0.23671875 0.03671875 0.0546875
1 0.01796875 0.18984375 0.0359375 0.0546875
1 0.06796875 0.13828125 0.0390625 0.05
1 0.1375 0.28671875 0.0390625 0.06328125
1 0.16953125 0.20234375 0.03671875 0.059375
1 0.17734375 0.15234375 0.02734375 0.05
1 0.1921875 0.12265625 0.02734375 0.0453125
1 0.12421875 0.134375 0.03046875 0.05
1 0.1046875 0.175 0.0453125 0.059375