1 0.2796875 0.490625 0.103125 0.1875
1 0.2625 0.37890625 0.06171875 0.103125
1 0.24375 0.340625 0.05234375 0.0765625
1 0.2796875 0.315625 0.025 0.06953125
1 0.1921875 0.29140625 0.04375 0.071875
1 0.1578125 0.334375 0.04375 0.07109375
1 0.125 0.35546875 0.04609375 0.078125
1 0.084375 0.3640625 0.065625 0.125
1 0.4 0.32421875 0.0265625 0.05703125
1 0.4390625 0.359375 0.03203125 0.06796875
1 0.46484375 0.3671875 0.0375 0.059375
1 0.4703125 0.325 0.02421875 0.05546875
1 0.52421875 0.23046875 0.028125 0.0640625
1 0.521875 0.37734375 0.04453125 0.10390625
1 0.571875 0.378125 0.03515625 0.078125
1 0.5859375 0.32578125 0.02890625 0.065625
1 0.63828125 0.5109375 0.0734375 0.13046875
1 0.6859375 0.45390625 0.04609375 0.103125
1 0.66484375 0.38046875 0.0375 0.075
1 0.64921875 0.353125 0.034375 0.065625
1 0.7234375 0.3890625 0.02890625 0.05546875
1 0.7515625 0.39140625 0.03046875 0.0609375
1 0.7609375 0.44296875 0.0578125 0.096875
1 0.809375 0.3796875 0.0359375 0.0765625
1 0.85625 0.42109375 0.0625 0.096875
1 0.9640625 0.53125 0.07109375 0.14609375
1 0.959375 0.4484375 0.04921875 0.09453125