1 0.278125 0.50625 0.078125 0.1375
1 0.5140625 0.51015625 0.09375 0.134375
1 0.4859375 0.43984375 0.078125 0.1078125
1 0.47109375 0.29609375 0.0640625 0.11953125
1 0.5515625 0.22734375 0.05390625 0.1078125
1 0.66796875 0.41953125 0.08984375 0.14375
1 0.67734375 0.31171875 0.06953125 0.1375
1 0.8625 0.51640625 0.11953125 0.1828125
1 0.8625 0.39375 0.0875 0.1109375
1 0.85 0.30703125 0.08359375 0.12890625
1 0.96171875 0.34453125 0.07578125 0.16171875
1 0.76171875 0.1875 0.05390625 0.0984375
1 0.803125 0.134375 0.06171875 0.1015625
1 0.8671875 0.065625 0.05 0.08984375
1 0.98203125 0.12109375 0.0359375 0.075
1 0.70234375 0.0296875 0.03984375 0.05390625
1 0.76640625 0.028125 0.04375 0.05078125
1 0.61484375 0.0625 0.04375 0.071875
1 0.54765625 0.09609375 0.0421875 0.071875
1 0.50625 0.08203125 0.03359375 0.06875
1 0.4953125 0.040625 0.03203125 0.05078125
1 0.43984375 0.08203125 0.0421875 0.0625
1 0.4609375 0.15859375 0.0515625 0.08359375
1 0.39140625 0.103125 0.0515625 0.09296875
1 0.3953125 0.04921875 0.04375 0.06875
1 0.29375 0.05234375 0.03984375 0.0625
1 0.290625 0.10625 0.0421875 0.075
1 0.2734375 0.19609375 0.04765625 0.08671875
1 0.1859375 0.15859375 0.07578125 0.12578125
1 0.10859375 0.24375 0.07421875 0.12890625
1 0.1328125 0.1765625 0.05390625 0.1015625
1 0.1984375 0.04375 0.03359375 0.0625
1 0.03984375 0.16484375 0.04765625 0.078125
1 0.0609375 0.08359375 0.03828125 0.071875