1 0.1203125 0.6703125 0.10625 0.23984375
1 0.103125 0.56640625 0.0796875 0.134375
1 0.0828125 0.428125 0.03984375 0.0890625
1 0.09921875 0.4 0.02890625 0.0703125
1 0.153125 0.41953125 0.02578125 0.0609375
1 0.14375 0.37890625 0.0234375 0.04375
1 0.1828125 0.415625 0.0296875 0.059375
1 0.1953125 0.4515625 0.04453125 0.0734375
1 0.25078125 0.40703125 0.0296875 0.05390625
1 0.24765625 0.51640625 0.05546875 0.115625
1 0.3640625 0.58125 0.0625 0.14140625
1 0.4203125 0.65703125 0.10234375 0.18828125
1 0.3703125 0.4109375 0.0296875 0.06875
1 0.38828125 0.4109375 0.028125 0.05078125
1 0.40703125 0.43671875 0.03203125 0.05859375
1 0.43359375 0.40546875 0.0203125 0.05
1 0.459375 0.44375 0.03671875 0.0609375
1 0.4984375 0.44296875 0.0265625 0.04609375
1 0.54375 0.46953125 0.0359375 0.078125
1 0.53984375 0.41171875 0.0203125 0.0421875
1 0.5171875 0.41328125 0.01875 0.0390625
1 0.55390625 0.42109375 0.01640625 0.04453125
1 0.6 0.421875 0.02265625 0.04609375
1 0.61875 0.50234375 0.03515625 0.075
1 0.61484375 0.44765625 0.021875 0.03984375
1 0.63359375 0.42734375 0.0171875 0.0484375
1 0.66171875 0.43984375 0.0203125 0.05
1 0.6765625 0.4625 0.0234375 0.05234375
1 0.7140625 0.50625 0.05078125 0.11796875
1 0.73828125 0.4640625 0.025 0.0546875
1 0.690625 0.42265625 0.01484375 0.0375
1 0.7296875 0.42734375 0.0203125 0.03828125
1 0.7875 0.48828125 0.040625 0.0765625
1 0.78203125 0.44296875 0.01796875 0.040625
1 0.80390625 0.45234375 0.0234375 0.0546875
1 0.8 0.55859375 0.0421875 0.0953125
1 0.86640625 0.57265625 0.08046875 0.109375
1 0.83828125 0.5 0.03203125 0.08046875
1 0.82578125 0.4484375 0.02421875 0.06171875
1 0.8859375 0.46796875 0.02890625 0.06328125
1 0.9390625 0.5703125 0.06640625 0.121875
1 0.959375 0.521875 0.04375 0.07890625
1 0.98984375 0.51796875 0.0203125 0.0828125
1 0.97109375 0.4703125 0.02890625 0.0609375
1 0.92578125 0.46953125 0.03125 0.065625