1 0.44140625 0.2140625 0.0171875 0.04140625
1 0.459375 0.228125 0.0171875 0.04140625
1 0.67265625 0.12890625 0.0109375 0.02734375
1 0.6375 0.146875 0.01171875 0.03515625
1 0.65234375 0.153125 0.01484375 0.02265625
1 0.7546875 0.15390625 0.015625 0.02109375
1 0.7734375 0.15859375 0.0140625 0.02734375
1 0.87421875 0.19375 0.0125 0.02734375
1 0.94296875 0.2078125 0.01484375 0.03515625
1 0.82734375 0.26328125 0.01796875 0.04453125
1 0.89453125 0.22734375 0.01640625 0.03359375
1 0.89296875 0.26328125 0.01953125 0.03203125
1 0.921875 0.25546875 0.0171875 0.03828125
1 0.6125 0.11796875 0.0125 0.02578125