1 0.159375 0.31484375 0.0296875 0.046875
1 0.16640625 0.3796875 0.04765625 0.08984375
1 0.21875 0.28515625 0.03359375 0.04609375
1 0.23046875 0.30546875 0.03359375 0.05703125
1 0.27578125 0.2515625 0.02578125 0.0375
1 0.29296875 0.2375 0.028125 0.0484375
1 0.3171875 0.24296875 0.03046875 0.05
1 0.34140625 0.25 0.0234375 0.071875
1 0.40234375 0.22109375 0.021875 0.059375
1 0.425 0.2296875 0.028125 0.059375
1 0.37109375 0.3640625 0.046875 0.08984375
1 0.36171875 0.434375 0.04453125 0.09140625
1 0.346875 0.53203125 0.053125 0.109375