1 0.46171875 0.23515625 0.10234375 0.153125
1 0.55859375 0.81171875 0.21171875 0.3515625
1 0.30234375 0.62421875 0.1515625 0.24765625
1 0.22265625 0.45546875 0.0875 0.134375
1 0.17109375 0.43671875 0.0578125 0.09296875
1 0.1421875 0.4 0.05703125 0.09765625
1 0.0890625 0.42578125 0.059375 0.07578125
1 0.26484375 0.4078125 0.03984375 0.07578125
1 0.3078125 0.409375 0.046875 0.078125
1 0.70625 0.61875 0.1203125 0.1890625
1 0.68125 0.46015625 0.05859375 0.09375
1 0.715625 0.4265625 0.05703125 0.07890625
1 0.80703125 0.4578125 0.0546875 0.0953125
1 0.9296875 0.68984375 0.13046875 0.20546875
1 0.93828125 0.55625 0.10390625 0.159375
1 0.92578125 0.45625 0.05625 0.07265625