1 0.04140625 0.69140625 0.0328125 0.05234375
1 0.096875 0.68515625 0.02734375 0.04921875
1 0.1234375 0.71484375 0.034375 0.0546875
1 0.16328125 0.7 0.03046875 0.05234375
1 0.15546875 0.65859375 0.02890625 0.04140625
1 0.203125 0.621875 0.02734375 0.04375
1 0.2359375 0.603125 0.0234375 0.04375
1 0.2 0.56875 0.021875 0.04140625
1 0.23125 0.7671875 0.04296875 0.07109375
1 0.24609375 0.69609375 0.03046875 0.0546875
1 0.26953125 0.74140625 0.034375 0.0578125
1 0.2921875 0.703125 0.025 0.046875
1 0.29296875 0.665625 0.0234375 0.03828125
1 0.309375 0.653125 0.01953125 0.046875
1 0.2859375 0.56171875 0.03046875 0.04921875
1 0.31640625 0.49609375 0.0125 0.0328125
1 0.33671875 0.51640625 0.01640625 0.03046875
1 0.3625 0.53046875 0.01796875 0.0359375
1 0.34375 0.64140625 0.01953125 0.03828125
1 0.346875 0.61484375 0.025 0.03046875
1 0.3625 0.578125 0.025 0.04375
1 0.34296875 0.71796875 0.0328125 0.0546875
1 0.346875 0.7859375 0.046875 0.0765625
1 0.2546875 0.84765625 0.05390625 0.0796875
1 0.3859375 0.76875 0.046875 0.08515625
1 0.43359375 0.86015625 0.0796875 0.13671875
1 0.521875 0.80390625 0.06875 0.11796875
1 0.46171875 0.7546875 0.03984375 0.0578125
1 0.4984375 0.721875 0.0328125 0.05234375
1 0.3953125 0.69609375 0.0359375 0.06015625
1 0.41484375 0.64140625 0.02890625 0.06015625
1 0.4359375 0.66953125 0.03046875 0.0578125
1 0.43046875 0.60703125 0.0234375 0.04140625
1 0.4453125 0.625 0.0234375 0.04375
1 0.4484375 0.5671875 0.02734375 0.04375
1 0.3953125 0.4796875 0.01796875 0.0328125
1 0.40078125 0.4453125 0.0140625 0.025
1 0.4140625 0.45234375 0.01640625 0.02734375
1 0.42890625 0.44765625 0.01640625 0.03046875
1 0.4421875 0.46328125 0.01796875 0.0328125
1 0.46640625 0.46328125 0.01640625 0.0328125
1 0.484375 0.4890625 0.01640625 0.03046875
1 0.52734375 0.51640625 0.01796875 0.0359375
1 0.540625 0.56328125 0.01640625 0.0359375
1 0.5234375 0.5796875 0.021875 0.0359375
1 0.515625 0.60390625 0.01953125 0.0359375
1 0.50234375 0.6125 0.01640625 0.04140625
1 0.484375 0.65234375 0.03046875 0.06015625
1 0.53828125 0.67109375 0.0359375 0.0546875
1 0.5546875 0.646875 0.03046875 0.04921875
1 0.5921875 0.6859375 0.04296875 0.06875
1 0.621875 0.68359375 0.03046875 0.0578125
1 0.64453125 0.65078125 0.021875 0.04140625
1 0.6203125 0.61484375 0.02734375 0.046875
1 0.68359375 0.63828125 0.034375 0.065625
1 0.7015625 0.68046875 0.05234375 0.07421875
1 0.72890625 0.6796875 0.04296875 0.07109375
1 0.78046875 0.63046875 0.04140625 0.065625
1 0.83671875 0.63671875 0.03828125 0.07421875
1 0.89453125 0.69296875 0.0484375 0.0875
1 0.934375 0.65625 0.0484375 0.08515625
1 0.965625 0.58203125 0.0328125 0.06328125