1 0.0484375 0.64140625 0.09296875 0.1375
1 0.071875 0.5234375 0.053125 0.07734375
1 0.07578125 0.6078125 0.078125 0.1
1 0.20234375 0.5265625 0.03828125 0.07734375
1 0.22578125 0.54609375 0.0453125 0.0875
1 0.26171875 0.54765625 0.06015625 0.11484375
1 0.284375 0.62890625 0.0984375 0.12734375
1 0.28984375 0.5015625 0.03359375 0.0578125
1 0.32734375 0.5359375 0.04140625 0.0625
1 0.3625 0.48984375 0.03515625 0.0546875
1 0.39296875 0.48984375 0.03671875 0.06015625
1 0.40546875 0.56640625 0.0546875 0.0875
1 0.459375 0.5921875 0.06484375 0.1046875
1 0.45078125 0.51875 0.04140625 0.0671875
1 0.52890625 0.43515625 0.0453125 0.06484375
1 0.53828125 0.6265625 0.0796875 0.1421875
1 0.5234375 0.5625 0.06015625 0.0953125
1 0.56328125 0.49609375 0.0296875 0.04765625
1 0.5953125 0.51640625 0.03359375 0.0578125
1 0.62890625 0.5046875 0.03203125 0.0546875
1 0.62578125 0.6046875 0.071875 0.0953125
1 0.65 0.7796875 0.11640625 0.18515625
1 0.7484375 0.61640625 0.08359375 0.1375
1 0.684375 0.52265625 0.03828125 0.0703125
1 0.77890625 0.55625 0.0484375 0.07734375
1 0.87734375 0.5359375 0.0546875 0.07265625
1 0.934375 0.5875 0.06484375 0.0953125
1 0.8546875 0.7390625 0.1234375 0.1625