1 0.071875 0.29375 0.01953125 0.0375
1 0.31875 0.23125 0.01953125 0.04140625
1 0.35 0.2015625 0.0171875 0.0359375
1 0.42578125 0.2671875 0.02265625 0.04921875
1 0.41796875 0.21015625 0.01953125 0.0375
1 0.42734375 0.15625 0.0171875 0.03984375
1 0.45625 0.18125 0.02421875 0.0359375
1 0.45078125 0.23125 0.01953125 0.04140625
1 0.49140625 0.22265625 0.01875 0.03984375
1 0.48671875 0.17421875 0.025 0.04140625
1 0.47421875 0.13515625 0.0140625 0.028125
1 0.49375 0.13828125 0.0140625 0.0265625
1 0.5203125 0.13671875 0.0171875 0.03046875
1 0.53984375 0.1328125 0.01484375 0.03046875
1 0.54765625 0.19140625 0.01875 0.0375
1 0.553125 0.16484375 0.01640625 0.03046875
1 0.571875 0.14296875 0.0140625 0.028125
1 0.603125 0.1421875 0.0171875 0.03046875
1 0.63671875 0.12109375 0.01171875 0.0265625
1 0.60078125 0.2734375 0.02421875 0.04765625
1 0.63515625 0.2140625 0.0203125 0.04140625
1 0.6734375 0.2265625 0.02421875 0.04375
1 0.6734375 0.18671875 0.01953125 0.04375
1 0.6390625 0.30390625 0.0296875 0.07421875
1 0.68359375 0.3671875 0.0359375 0.07578125
1 0.678125 0.29453125 0.02421875 0.05859375
1 0.73984375 0.2328125 0.02421875 0.04921875
1 0.7484375 0.17578125 0.01953125 0.0375
1 0.71015625 0.17265625 0.0203125 0.04140625
1 0.81015625 0.24609375 0.025 0.04921875
1 0.82109375 0.29140625 0.025 0.0609375
1 0.85234375 0.3109375 0.028125 0.071875
1 0.87890625 0.2890625 0.025 0.05078125
1 0.9171875 0.36171875 0.0328125 0.06796875
1 0.91484375 0.434375 0.0421875 0.08515625
1 0.934375 0.23046875 0.01875 0.04375