1 0.609375 0.4140625 0.03828125 0.06015625
1 0.959375 0.7234375 0.06171875 0.084375
1 0.94609375 0.60078125 0.04765625 0.084375
1 0.91875 0.6578125 0.05 0.078125
1 0.87890625 0.63828125 0.0703125 0.12890625
1 0.8046875 0.70234375 0.08203125 0.13203125
1 0.75078125 0.6453125 0.0703125 0.10234375
1 0.73828125 0.5703125 0.04765625 0.078125
1 0.66796875 0.7703125 0.1 0.1890625
1 0.465625 0.74140625 0.1078125 0.17421875
1 0.54296875 0.684375 0.07421875 0.14453125
1 0.60234375 0.61875 0.06015625 0.1078125
1 0.67734375 0.59140625 0.05 0.078125
1 0.55625 0.578125 0.05625 0.08125
1 0.53515625 0.54921875 0.0421875 0.078125
1 0.50703125 0.60625 0.05390625 0.084375
1 0.45703125 0.63203125 0.0703125 0.10546875
1 0.45390625 0.56015625 0.04765625 0.075
1 0.26171875 0.7234375 0.09609375 0.15625
1 0.32578125 0.6234375 0.06796875 0.1234375
1 0.35390625 0.56484375 0.03203125 0.071875
1 0.37421875 0.5359375 0.0359375 0.06875
1 0.265625 0.5671875 0.04765625 0.09609375
1 0.23515625 0.52421875 0.03828125 0.05078125
1 0.234375 0.5671875 0.0359375 0.05390625
1 0.16875 0.59140625 0.0578125 0.09609375
1 0.12890625 0.571875 0.0421875 0.06875
1 0.10078125 0.51328125 0.03828125 0.06015625
1 0.06171875 0.52421875 0.04375 0.05703125
1 0.0453125 0.56875 0.065625 0.09296875
1 0.06015625 0.68046875 0.10390625 0.14140625