1 0.17890625 0.63984375 0.1078125 0.2
1 0.09375 0.45 0.02734375 0.046875
1 0.05390625 0.4484375 0.0375 0.0703125
1 0.0140625 0.45703125 0.02265625 0.053125
1 0.13359375 0.46015625 0.02734375 0.046875
1 0.18984375 0.49296875 0.05 0.0796875
1 0.23359375 0.46484375 0.0328125 0.05
1 0.24375 0.38203125 0.02734375 0.03671875
1 0.28125 0.503125 0.0578125 0.0796875
1 0.3328125 0.446875 0.025 0.03984375
1 0.3921875 0.4453125 0.025 0.04296875
1 0.4453125 0.43203125 0.0203125 0.03671875
1 0.46015625 0.4515625 0.0296875 0.04296875
1 0.4703125 0.46484375 0.03515625 0.06328125
1 0.51015625 0.453125 0.0296875 0.046875
1 0.5296875 0.5015625 0.0453125 0.0703125
1 0.44375 0.553125 0.07265625 0.09296875
1 0.6953125 0.59296875 0.08515625 0.11328125
1 0.8453125 0.4953125 0.06015625 0.096875
1 0.84375 0.446875 0.0328125 0.053125
1 0.925 0.45 0.025 0.03984375
1 0.73984375 0.46171875 0.03984375 0.06328125
1 0.70625 0.446875 0.0328125 0.046875
1 0.6671875 0.44296875 0.025 0.03984375
1 0.6359375 0.44140625 0.0328125 0.05
1 0.56640625 0.43203125 0.02734375 0.03671875
1 0.5359375 0.43359375 0.02265625 0.03359375