1 0.29453125 0.39765625 0.05546875 0.11171875
1 0.27578125 0.2203125 0.01328125 0.03671875
1 0.2953125 0.2296875 0.0125 0.03046875
1 0.31171875 0.22734375 0.01484375 0.03828125
1 0.3265625 0.20625 0.015625 0.03203125
1 0.34296875 0.22578125 0.015625 0.03828125
1 0.36171875 0.1875 0.01328125 0.034375
1 0.36640625 0.2390625 0.015625 0.040625
1 0.3828125 0.21328125 0.01171875 0.03046875
1 0.3921875 0.209375 0.01484375 0.0265625
1 0.40234375 0.2375 0.0171875 0.0421875
1 0.43984375 0.2359375 0.021875 0.03828125
1 0.43671875 0.1609375 0.015625 0.03046875
1 0.4609375 0.2015625 0.015625 0.046875
1 0.4796875 0.15625 0.0125 0.02421875
1 0.49140625 0.15625 0.01328125 0.03203125
1 0.49375 0.11875 0.009375 0.01796875
1 0.52421875 0.12421875 0.009375 0.0265625
1 0.521875 0.1734375 0.0125 0.03828125
1 0.5359375 0.16328125 0.015625 0.02265625
1 0.5515625 0.1828125 0.01328125 0.0421875
1 0.56328125 0.1578125 0.01484375 0.03203125
1 0.59453125 0.1125 0.01171875 0.02265625
1 0.603125 0.15625 0.01484375 0.04453125
1 0.58671875 0.21640625 0.02265625 0.0484375
1 0.60703125 0.22890625 0.01796875 0.040625
1 0.63203125 0.23515625 0.01796875 0.04453125
1 0.6140625 0.10625 0.01171875 0.02265625
1 0.62109375 0.13671875 0.0171875 0.034375
1 0.63828125 0.15625 0.01484375 0.03203125
1 0.6609375 0.11171875 0.0125 0.03203125
1 0.684375 0.1203125 0.015625 0.03828125
1 0.7015625 0.115625 0.01171875 0.028125
1 0.65859375 0.17890625 0.0171875 0.034375
1 0.66875 0.23203125 0.01171875 0.046875
1 0.68515625 0.26015625 0.01953125 0.046875
1 0.7125 0.3296875 0.028125 0.07265625
1 0.75859375 0.35546875 0.025 0.07109375
1 0.71796875 0.2296875 0.01953125 0.046875
1 0.72578125 0.14375 0.0125 0.028125
1 0.73359375 0.18828125 0.01484375 0.040625
1 0.75390625 0.1328125 0.01171875 0.03828125
1 0.784375 0.13828125 0.009375 0.03046875
1 0.7875 0.165625 0.01484375 0.028125
1 0.79375 0.203125 0.0171875 0.03828125
1 0.7578125 0.240625 0.01953125 0.04453125
1 0.79765625 0.28984375 0.02265625 0.05234375
1 0.81171875 0.25625 0.0203125 0.0546875
1 0.83828125 0.15 0.01015625 0.0203125
1 0.85625 0.14765625 0.0125 0.03203125
1 0.84140625 0.221875 0.015625 0.0421875
1 0.86640625 0.18125 0.015625 0.03828125
1 0.87734375 0.23046875 0.0203125 0.0484375
1 0.93046875 0.2125 0.01171875 0.03671875
1 0.928125 0.2625 0.015625 0.0421875
1 0.9125 0.31875 0.02265625 0.0546875
1 0.90703125 0.18046875 0.01171875 0.028125
1 0.825 0.1734375 0.01484375 0.034375
1 0.765625 0.12421875 0.01015625 0.02265625
1 0.8015625 0.13828125 0.0078125 0.02265625
1 0.546875 0.13671875 0.01171875 0.0265625
1 0.43671875 0.20234375 0.01953125 0.040625