1 0.38203125 0.22421875 0.02109375 0.04921875
1 0.43515625 0.21875 0.02109375 0.04296875
1 0.56953125 0.13203125 0.0234375 0.04453125
1 0.57890625 0.12421875 0.015625 0.03671875
1 0.61015625 0.13125 0.02109375 0.046875
1 0.67421875 0.19765625 0.025 0.05703125
1 0.721875 0.27421875 0.02734375 0.0546875
1 0.83984375 0.24765625 0.03046875 0.075
1 0.87578125 0.30234375 0.03046875 0.0796875
1 0.8796875 0.25546875 0.02109375 0.0546875
1 0.93046875 0.23046875 0.0328125 0.0734375
1 0.95390625 0.30234375 0.0359375 0.09140625
1 0.9125 0.28515625 0.02109375 0.05703125