1 0.359375 0.18125 0.0203125 0.03984375
1 0.47578125 0.19453125 0.02890625 0.04765625
1 0.54921875 0.19140625 0.0234375 0.04140625
1 0.57890625 0.2203125 0.02421875 0.04921875
1 0.6234375 0.1953125 0.02734375 0.04921875
1 0.68125 0.23828125 0.02421875 0.04765625
1 0.70703125 0.21328125 0.02265625 0.04765625
1 0.76796875 0.2265625 0.0296875 0.0515625
1 0.82890625 0.24453125 0.02890625 0.06484375
1 0.734375 0.27578125 0.0265625 0.0515625
1 0.77109375 0.2890625 0.03515625 0.06640625
1 0.91875 0.28046875 0.01796875 0.04140625
1 0.9421875 0.29140625 0.01953125 0.0625
1 0.90859375 0.33203125 0.040625 0.0609375