1 0.1625 0.39609375 0.06171875 0.12578125
1 0.38515625 0.4421875 0.07265625 0.14375
1 0.3703125 0.21875 0.0265625 0.04765625
1 0.3890625 0.17265625 0.0234375 0.04453125
1 0.43984375 0.203125 0.021875 0.0375
1 0.44765625 0.2578125 0.02109375 0.04765625
1 0.49609375 0.2234375 0.021875 0.04609375
1 0.4625 0.10390625 0.0171875 0.0265625
1 0.47890625 0.115625 0.01640625 0.03203125
1 0.59921875 0.19609375 0.0234375 0.0515625
1 0.64375 0.2375 0.028125 0.06015625
1 0.5984375 0.096875 0.01796875 0.040625
1 0.61953125 0.084375 0.0171875 0.03359375
1 0.64765625 0.1171875 0.0109375 0.03203125
1 0.67265625 0.1140625 0.01796875 0.03359375