1 0.08125 0.5625 0.02734375 0.0609375
1 0.12890625 0.5875 0.02578125 0.05703125
1 0.134375 0.71015625 0.03671875 0.0671875
1 0.2 0.71875 0.02890625 0.05703125
1 0.1828125 0.57890625 0.02734375 0.05390625
1 0.165625 0.55546875 0.02578125 0.05390625
1 0.2109375 0.57421875 0.021875 0.05078125
1 0.23359375 0.5828125 0.0203125 0.05390625
1 0.25546875 0.58046875 0.02734375 0.05703125
1 0.2703125 0.75078125 0.03125 0.0671875
1 0.28984375 0.60078125 0.02734375 0.05078125
1 0.28515625 0.5640625 0.02578125 0.05078125
1 0.309375 0.59453125 0.02578125 0.05703125
1 0.33125 0.57421875 0.02578125 0.05078125
1 0.3421875 0.57890625 0.021875 0.05390625
1 0.3265625 0.7203125 0.034375 0.0671875
1 0.36484375 0.5890625 0.0234375 0.05390625
1 0.37734375 0.5890625 0.0234375 0.05390625
1 0.3984375 0.57734375 0.02578125 0.05078125
1 0.42421875 0.57109375 0.0234375 0.05078125
1 0.39921875 0.71875 0.03828125 0.07734375
1 0.4609375 0.7375 0.03125 0.0609375
1 0.45390625 0.57890625 0.0203125 0.05390625
1 0.478125 0.5859375 0.021875 0.0609375
1 0.490625 0.57421875 0.01796875 0.05078125
1 0.50546875 0.57734375 0.021875 0.05078125
1 0.51875 0.7140625 0.03125 0.0609375
1 0.53515625 0.57890625 0.0234375 0.0609375
1 0.56640625 0.5859375 0.0203125 0.0609375
1 0.590625 0.6046875 0.02578125 0.05703125
1 0.590625 0.56875 0.01796875 0.040625
1 0.5828125 0.721875 0.03125 0.07109375
1 0.63125 0.7125 0.02890625 0.07109375
1 0.615625 0.58046875 0.0234375 0.05078125
1 0.6328125 0.5625 0.01796875 0.046875
1 0.64921875 0.57734375 0.021875 0.05078125
1 0.671875 0.5875 0.0203125 0.05078125
1 0.684375 0.56875 0.0203125 0.040625
1 0.69921875 0.59453125 0.0234375 0.05703125
1 0.71328125 0.5890625 0.0203125 0.046875
1 0.7296875 0.565625 0.0203125 0.046875
1 0.73984375 0.59296875 0.02578125 0.0609375
1 0.6828125 0.7421875 0.0234375 0.05703125
1 0.73984375 0.72734375 0.02890625 0.0609375
1 0.765625 0.59453125 0.021875 0.04375
1 0.79609375 0.60625 0.021875 0.05390625
1 0.82265625 0.59296875 0.0234375 0.0609375
1 0.8484375 0.59453125 0.0234375 0.05703125
1 0.8625 0.7375 0.03125 0.0671875
1 0.81015625 0.7375 0.02734375 0.0671875
1 0.89921875 0.6046875 0.0234375 0.05078125
1 0.88828125 0.57734375 0.0203125 0.04375
1 0.94453125 0.57578125 0.03125 0.0609375