1 0.20234375 0.34921875 0.04453125 0.08125
1 0.31328125 0.2359375 0.01796875 0.03515625
1 0.31953125 0.21015625 0.01875 0.03359375
1 0.346875 0.2109375 0.01953125 0.03515625
1 0.421875 0.19921875 0.01796875 0.0375
1 0.44609375 0.21484375 0.01796875 0.0390625
1 0.47578125 0.2390625 0.0234375 0.04609375
1 0.415625 0.16328125 0.01171875 0.02109375
1 0.4234375 0.175 0.01171875 0.0234375
1 0.446875 0.159375 0.0140625 0.02109375
1 0.4546875 0.1734375 0.01875 0.03203125
1 0.47265625 0.18828125 0.015625 0.03515625
1 0.4734375 0.15390625 0.01875 0.03203125
1 0.46640625 0.1328125 0.0171875 0.03203125
1 0.50078125 0.15390625 0.01484375 0.028125
1 0.496875 0.12890625 0.01171875 0.0265625
1 0.51953125 0.16015625 0.0171875 0.03046875
1 0.51015625 0.13828125 0.01171875 0.028125
1 0.52421875 0.13046875 0.0140625 0.03046875
1 0.5375 0.1375 0.0125 0.0265625
1 0.5484375 0.12890625 0.0125 0.0234375
1 0.55703125 0.1796875 0.01796875 0.03359375
1 0.5515625 0.16328125 0.0171875 0.028125
1 0.55859375 0.14296875 0.0140625 0.0265625
1 0.5875 0.1703125 0.01953125 0.03515625
1 0.60078125 0.1390625 0.01796875 0.03046875
1 0.59140625 0.11015625 0.0125 0.028125
1 0.6125 0.103125 0.01171875 0.028125
1 0.63046875 0.10390625 0.0109375 0.0234375
1 0.62421875 0.15625 0.015625 0.03203125
1 0.63046875 0.13671875 0.01484375 0.02109375
1 0.6375 0.11328125 0.0109375 0.025
1 0.64765625 0.15 0.0125 0.0265625
1 0.653125 0.12578125 0.01171875 0.025
1 0.6671875 0.11171875 0.0125 0.025
1 0.6890625 0.125 0.0125 0.0265625
1 0.7015625 0.12109375 0.0109375 0.0234375
1 0.59140625 0.240625 0.02109375 0.04765625
1 0.5109375 0.28359375 0.02890625 0.05703125
1 0.5953125 0.315625 0.03046875 0.0640625
1 0.62109375 0.26328125 0.025 0.0515625
1 0.63046875 0.215625 0.02109375 0.04453125
1 0.67421875 0.1734375 0.0171875 0.0421875
1 0.6796875 0.21796875 0.021875 0.05
1 0.6765625 0.33671875 0.03046875 0.0671875
1 0.66953125 0.29609375 0.02890625 0.04609375
1 0.721875 0.23125 0.02109375 0.04765625
1 0.7078125 0.19921875 0.01875 0.0375
1 0.70546875 0.1625 0.0171875 0.0375
1 0.746875 0.134375 0.01875 0.03515625
1 0.7625 0.146875 0.01953125 0.0421875
1 0.75 0.17109375 0.015625 0.03359375
1 0.778125 0.18046875 0.015625 0.0390625
1 0.7828125 0.14375 0.0140625 0.028125
1 0.79375 0.1671875 0.01484375 0.0375
1 0.7375 0.36640625 0.0296875 0.07265625
1 0.821875 0.28046875 0.025 0.053125
1 0.82734375 0.34375 0.0296875 0.07421875
1 0.84921875 0.30859375 0.025 0.06015625
1 0.8953125 0.4015625 0.034375 0.0765625
1 0.915625 0.3265625 0.025 0.06015625
1 0.86640625 0.296875 0.02265625 0.04453125
1 0.8296875 0.21640625 0.015625 0.0390625
1 0.80546875 0.26875 0.01875 0.04453125
1 0.7921875 0.21953125 0.015625 0.03515625
1 0.8125 0.18671875 0.0171875 0.0375
1 0.82734375 0.178125 0.0140625 0.03359375
1 0.84921875 0.16640625 0.0125 0.028125
1 0.865625 0.190625 0.0171875 0.0375
1 0.87890625 0.1640625 0.01484375 0.03359375
1 0.8859375 0.2296875 0.015625 0.040625
1 0.89453125 0.20859375 0.0171875 0.03359375
1 0.8828125 0.18828125 0.0140625 0.028125
1 0.90390625 0.17578125 0.01171875 0.028125
1 0.9125 0.1625 0.0109375 0.0265625
1 0.92265625 0.2421875 0.01953125 0.040625
1 0.93828125 0.28828125 0.021875 0.04453125
1 0.93046875 0.228125 0.0171875 0.0375
1 0.9359375 0.196875 0.0140625 0.03203125
1 0.94140625 0.18203125 0.0125 0.0265625
1 0.771875 0.12421875 0.015625 0.025