1 0.19140625 0.4546875 0.03828125 0.0765625
1 0.23984375 0.33515625 0.0140625 0.03203125
1 0.271875 0.3453125 0.01875 0.0390625
1 0.303125 0.35859375 0.0203125 0.0375
1 0.29609375 0.30390625 0.015625 0.03046875
1 0.35 0.35859375 0.01953125 0.0375
1 0.37265625 0.32421875 0.01484375 0.03046875
1 0.36953125 0.290625 0.01484375 0.03515625
1 0.39609375 0.33125 0.01328125 0.025
1 0.41875 0.33046875 0.0171875 0.028125
1 0.45703125 0.33359375 0.015625 0.03203125
1 0.4203125 0.30078125 0.01484375 0.03046875
1 0.4203125 0.271875 0.01484375 0.025
1 0.40546875 0.25703125 0.0125 0.0234375
1 0.45078125 0.26953125 0.015625 0.0265625
1 0.446875 0.3046875 0.01328125 0.02890625
1 0.4828125 0.3 0.01171875 0.0265625
1 0.48046875 0.26640625 0.0140625 0.025
1 0.4734375 0.24375 0.0078125 0.01953125
1 0.48125 0.234375 0.01328125 0.02109375
1 0.5078125 0.265625 0.01328125 0.02890625
1 0.5125 0.31171875 0.0171875 0.0359375
1 0.52734375 0.27578125 0.01484375 0.028125
1 0.57265625 0.2484375 0.0125 0.0234375
1 0.53515625 0.25078125 0.0125 0.025
1 0.5453125 0.25703125 0.01484375 0.0265625
1 0.57578125 0.215625 0.0109375 0.01953125
1 0.58515625 0.24140625 0.0109375 0.0234375
1 0.6171875 0.22421875 0.01328125 0.025
1 0.62421875 0.203125 0.0109375 0.025
1 0.6390625 0.22109375 0.0109375 0.0234375
1 0.64765625 0.246875 0.01328125 0.025
1 0.615625 0.2546875 0.0125 0.01953125
1 0.584375 0.275 0.01640625 0.02890625
1 0.67578125 0.21015625 0.01015625 0.02265625
1 0.68671875 0.228125 0.0109375 0.028125
1 0.703125 0.22734375 0.01484375 0.025
1 0.68125 0.27265625 0.0140625 0.028125
1 0.51484375 0.37890625 0.0265625 0.04765625
1 0.55703125 0.40078125 0.02578125 0.04140625
1 0.55234375 0.36875 0.0234375 0.03046875
1 0.609375 0.3234375 0.01953125 0.0375
1 0.625 0.41953125 0.03046875 0.05546875
1 0.68046875 0.36796875 0.02421875 0.0390625
1 0.66015625 0.34140625 0.01796875 0.0390625
1 0.6453125 0.3015625 0.01640625 0.03515625
1 0.715625 0.26015625 0.0109375 0.028125
1 0.73359375 0.284375 0.01328125 0.03359375
1 0.75546875 0.221875 0.01484375 0.0265625
1 0.6875 0.434375 0.0359375 0.0609375
1 0.71796875 0.51171875 0.034375 0.0734375
1 0.7515625 0.403125 0.025 0.04296875
1 0.7015625 0.35234375 0.02109375 0.0390625
1 0.8 0.40390625 0.01953125 0.04453125
1 0.81328125 0.4828125 0.0265625 0.0515625
1 0.85703125 0.4328125 0.02265625 0.04765625
1 0.9234375 0.4640625 0.0296875 0.0609375
1 0.92890625 0.39453125 0.01875 0.0375
1 0.940625 0.35 0.01328125 0.0375
1 0.86953125 0.40703125 0.02109375 0.0484375
1 0.82109375 0.36171875 0.01875 0.0375
1 0.7578125 0.271875 0.0109375 0.01953125
1 0.77734375 0.28203125 0.01328125 0.02890625
1 0.77578125 0.253125 0.0109375 0.01796875
1 0.7921875 0.23359375 0.0125 0.028125
1 0.79765625 0.275 0.0125 0.0234375
1 0.82421875 0.30546875 0.015625 0.02890625
1 0.82578125 0.278125 0.01328125 0.02109375
1 0.8234375 0.24296875 0.01328125 0.0265625
1 0.853125 0.259375 0.01171875 0.02890625
1 0.86796875 0.2640625 0.01171875 0.0265625
1 0.88515625 0.25546875 0.01171875 0.02890625
1 0.90859375 0.28671875 0.0140625 0.03046875
1 0.94921875 0.28203125 0.0125 0.0234375
1 0.94765625 0.2984375 0.01328125 0.025
1 0.94453125 0.3125 0.01484375 0.0265625
1 0.8640625 0.3125 0.0140625 0.02890625
1 0.878125 0.340625 0.01484375 0.040625
1 0.9 0.32109375 0.015625 0.03203125
1 0.8765625 0.2875 0.0140625 0.02890625