1 0.04140625 0.39140625 0.03359375 0.059375
1 0.25625 0.284375 0.01796875 0.03125
1 0.296875 0.25625 0.015625 0.03515625
1 0.31640625 0.27421875 0.01796875 0.03515625
1 0.340625 0.2671875 0.01640625 0.0328125
1 0.4234375 0.275 0.0203125 0.04296875
1 0.31015625 0.23125 0.01328125 0.025
1 0.35078125 0.228125 0.01796875 0.028125
1 0.34140625 0.21875 0.0140625 0.0296875
1 0.37578125 0.21953125 0.01484375 0.03125
1 0.390625 0.1921875 0.01484375 0.0265625
1 0.40625 0.171875 0.009375 0.021875
1 0.41796875 0.190625 0.01015625 0.0296875
1 0.41796875 0.215625 0.01328125 0.0328125
1 0.4421875 0.21796875 0.01953125 0.04140625
1 0.471875 0.221875 0.01796875 0.03671875
1 0.4609375 0.184375 0.01328125 0.0234375
1 0.484375 0.20546875 0.015625 0.0328125
1 0.5140625 0.20859375 0.01875 0.0328125
1 0.47265625 0.16953125 0.0140625 0.0265625
1 0.4484375 0.14375 0.0140625 0.021875
1 0.484375 0.1265625 0.01328125 0.01796875
1 0.5328125 0.16484375 0.01796875 0.03828125
1 0.52890625 0.1328125 0.0140625 0.0296875
1 0.55625 0.13515625 0.01328125 0.028125
1 0.56953125 0.1765625 0.015625 0.03125
1 0.56875 0.153125 0.01171875 0.025
1 0.55390625 0.1125 0.01328125 0.01640625
1 0.5828125 0.1171875 0.01171875 0.025
1 0.590625 0.13515625 0.0109375 0.025
1 0.61875 0.14609375 0.01328125 0.0265625
1 0.5859375 0.09609375 0.01015625 0.0234375
1 0.61484375 0.11875 0.0109375 0.01484375
1 0.62109375 0.09921875 0.0109375 0.01953125
1 0.634375 0.12109375 0.01171875 0.0234375
1 0.64609375 0.0984375 0.009375 0.025
1 0.66640625 0.11796875 0.01171875 0.0234375
1 0.67578125 0.10078125 0.01484375 0.0265625
1 0.496875 0.284375 0.0234375 0.0546875
1 0.54453125 0.2921875 0.02421875 0.053125
1 0.57421875 0.3625 0.0296875 0.0546875
1 0.67421875 0.33359375 0.0296875 0.059375
1 0.56640625 0.240625 0.01953125 0.04609375
1 0.60234375 0.26640625 0.0265625 0.0484375
1 0.59140625 0.228125 0.015625 0.03515625
1 0.6515625 0.2046875 0.01875 0.03828125
1 0.6390625 0.17578125 0.0140625 0.0296875
1 0.69140625 0.18515625 0.01875 0.04140625
1 0.68515625 0.14609375 0.01328125 0.0296875
1 0.71484375 0.13515625 0.01484375 0.03125
1 0.725 0.11328125 0.01328125 0.03125
1 0.74609375 0.1296875 0.0140625 0.0328125
1 0.74296875 0.10859375 0.0109375 0.025
1 0.76171875 0.1296875 0.0109375 0.0296875
1 0.77265625 0.12265625 0.01015625 0.0328125
1 0.78828125 0.1328125 0.0109375 0.0296875
1 0.8015625 0.134375 0.009375 0.01953125
1 0.65546875 0.25546875 0.01953125 0.04296875
1 0.70390625 0.28125 0.025 0.0484375
1 0.73359375 0.2015625 0.01640625 0.028125
1 0.73671875 0.16796875 0.01484375 0.03515625
1 0.74296875 0.24375 0.02109375 0.053125
1 0.77109375 0.29296875 0.021875 0.0515625
1 0.81171875 0.2484375 0.0234375 0.05
1 0.79609375 0.184375 0.01640625 0.0328125
1 0.75625 0.17265625 0.015625 0.0265625
1 0.80859375 0.16484375 0.01171875 0.028125
1 0.83515625 0.18828125 0.01484375 0.04140625
1 0.8265625 0.14765625 0.01328125 0.0296875
1 0.853125 0.12421875 0.01328125 0.0265625
1 0.85625 0.16640625 0.01328125 0.028125
1 0.859375 0.2328125 0.0140625 0.03125
1 0.9125 0.284375 0.0234375 0.0578125
1 0.8859375 0.1953125 0.015625 0.03984375
1 0.8890625 0.13046875 0.01328125 0.03515625
1 0.91953125 0.1875 0.0109375 0.0328125
1 0.91796875 0.153125 0.01171875 0.025
1 0.8859375 0.165625 0.01171875 0.01953125