1 0.03671875 0.26875 0.06875 0.16953125
1 0.1171875 0.28359375 0.07109375 0.1234375
1 0.04921875 0.15234375 0.0578125 0.090625
1 0.0171875 0.08359375 0.03125 0.06875
1 0.04453125 0.08046875 0.03125 0.05234375
1 0.12109375 0.1109375 0.034375 0.05234375
1 0.11640625 0.18203125 0.03671875 0.06875
1 0.1578125 0.16328125 0.03671875 0.08515625
1 0.23359375 0.17109375 0.0421875 0.06875
1 0.25546875 0.29296875 0.0890625 0.14765625
1 0.3796875 0.3015625 0.065625 0.13125
1 0.31015625 0.17109375 0.05234375 0.08515625
1 0.34375 0.125 0.02578125 0.05234375
1 0.40390625 0.14140625 0.02890625 0.046875
1 0.44609375 0.14765625 0.03125 0.0546875
1 0.48125 0.1765625 0.03125 0.05234375
1 0.49296875 0.2859375 0.06171875 0.1234375
1 0.57109375 0.20859375 0.02890625 0.0546875
1 0.60625 0.2109375 0.03125 0.0546875
1 0.6 0.18203125 0.02578125 0.04140625
1 0.540625 0.14765625 0.0234375 0.03828125
1 0.51875 0.15234375 0.0234375 0.04140625
1 0.6453125 0.17265625 0.02578125 0.04921875
1 0.68125 0.190625 0.034375 0.046875
1 0.6890625 0.15625 0.01796875 0.02734375
1 0.7234375 0.19140625 0.02578125 0.03828125
1 0.721875 0.15234375 0.01484375 0.025
1 0.7453125 0.16015625 0.01484375 0.03046875
1 0.72890625 0.24140625 0.03671875 0.065625
1 0.7921875 0.2578125 0.0421875 0.0765625
1 0.77109375 0.20546875 0.021875 0.03828125
1 0.77109375 0.24375 0.02578125 0.04375
1 0.80234375 0.1859375 0.01640625 0.03828125
1 0.821875 0.21484375 0.01796875 0.04140625
1 0.85703125 0.265625 0.03125 0.0765625
1 0.9046875 0.27265625 0.03828125 0.08515625
1 0.9421875 0.26015625 0.0328125 0.0765625
1 0.97265625 0.2859375 0.0328125 0.0796875
1 0.85234375 0.203125 0.01796875 0.04375