1 0.1171875 0.5125 0.04453125 0.1046875
1 0.21875 0.35859375 0.01953125 0.0328125
1 0.25390625 0.36796875 0.025 0.04296875
1 0.28828125 0.375 0.025 0.04609375
1 0.28515625 0.3046875 0.01484375 0.0390625
1 0.33671875 0.35078125 0.0234375 0.0484375
1 0.34921875 0.3296875 0.015625 0.034375
1 0.35625 0.296875 0.015625 0.03125
1 0.38125 0.33984375 0.01640625 0.034375
1 0.41328125 0.3390625 0.01875 0.0390625
1 0.4421875 0.3453125 0.01953125 0.0484375
1 0.4359375 0.30859375 0.01875 0.0359375
1 0.403125 0.29765625 0.01484375 0.03125
1 0.38984375 0.25703125 0.01484375 0.03046875
1 0.4109375 0.26015625 0.015625 0.03046875
1 0.44375 0.2609375 0.0125 0.02890625
1 0.453125 0.2515625 0.0109375 0.03046875
1 0.4671875 0.26953125 0.01640625 0.03125
1 0.46328125 0.31484375 0.01796875 0.04140625
1 0.50078125 0.3125 0.0171875 0.0375
1 0.5125 0.296875 0.0171875 0.0375
1 0.48984375 0.26875 0.01484375 0.0328125
1 0.46640625 0.23984375 0.01484375 0.021875
1 0.5109375 0.25625 0.0125 0.02890625
1 0.5359375 0.2515625 0.0140625 0.03046875
1 0.54921875 0.2734375 0.0171875 0.03984375
1 0.56796875 0.25859375 0.01640625 0.0359375
1 0.54375 0.228125 0.01484375 0.03046875
1 0.5671875 0.21953125 0.01484375 0.02578125
1 0.575 0.23828125 0.01484375 0.03046875
1 0.59140625 0.24921875 0.01171875 0.03125
1 0.5921875 0.22578125 0.01171875 0.02734375
1 0.6046875 0.20546875 0.01171875 0.03046875
1 0.62109375 0.21171875 0.0125 0.02890625
1 0.6296875 0.23125 0.0125 0.0359375
1 0.6234375 0.259375 0.015625 0.034375
1 0.6546875 0.21953125 0.0125 0.02734375
1 0.66640625 0.23203125 0.0140625 0.03125
1 0.6765625 0.228125 0.01171875 0.0328125
1 0.49765625 0.3828125 0.02734375 0.05703125
1 0.54140625 0.40703125 0.0296875 0.0515625
1 0.5296875 0.37578125 0.02265625 0.05
1 0.590625 0.32578125 0.0234375 0.053125
1 0.60703125 0.43125 0.03359375 0.065625
1 0.60234375 0.3828125 0.02890625 0.0546875
1 0.65859375 0.44296875 0.03359375 0.06875
1 0.64765625 0.37265625 0.028125 0.06015625
1 0.63828125 0.33515625 0.02265625 0.04609375
1 0.62421875 0.29765625 0.01875 0.0390625
1 0.6671875 0.2703125 0.015625 0.0328125
1 0.68125 0.3640625 0.0234375 0.04296875
1 0.7078125 0.47734375 0.03515625 0.0828125
1 0.72421875 0.396875 0.02734375 0.06015625
1 0.76640625 0.4453125 0.03046875 0.05703125
1 0.81015625 0.5015625 0.03203125 0.065625
1 0.8296875 0.44296875 0.0296875 0.05703125
1 0.84765625 0.41640625 0.0265625 0.04765625
1 0.89609375 0.46796875 0.03203125 0.05859375
1 0.890625 0.39296875 0.02109375 0.053125
1 0.859375 0.3765625 0.0234375 0.04609375
1 0.8734375 0.3234375 0.01875 0.04453125
1 0.89921875 0.35 0.01796875 0.04453125
1 0.91015625 0.3328125 0.01640625 0.04453125
1 0.92265625 0.3140625 0.01171875 0.03125
1 0.91484375 0.28046875 0.0140625 0.0328125
1 0.88359375 0.2921875 0.0140625 0.0375
1 0.85859375 0.2609375 0.0140625 0.03125
1 0.846875 0.265625 0.01640625 0.0359375
1 0.85 0.28671875 0.015625 0.034375
1 0.83828125 0.30703125 0.0171875 0.0390625
1 0.81328125 0.3515625 0.0234375 0.04453125
1 0.775 0.378125 0.02578125 0.06015625
1 0.80078125 0.30234375 0.0203125 0.04296875
1 0.80625 0.271875 0.01796875 0.03125
1 0.825 0.26796875 0.015625 0.0375
1 0.79765625 0.2453125 0.0140625 0.03125
1 0.76953125 0.24765625 0.01640625 0.02890625
1 0.75625 0.2890625 0.01875 0.03984375
1 0.75859375 0.26171875 0.01796875 0.0359375
1 0.72578125 0.26953125 0.015625 0.0375
1 0.7328125 0.24609375 0.0140625 0.03125
1 0.73984375 0.23125 0.01484375 0.03046875
1 0.69609375 0.2484375 0.01484375 0.0328125
1 0.7140625 0.2890625 0.015625 0.04296875
1 0.678125 0.328125 0.0234375 0.034375