1 0.16484375 0.371875 0.0453125 0.090625
1 0.31171875 0.23203125 0.025 0.04140625
1 0.32265625 0.1890625 0.01796875 0.03359375
1 0.3484375 0.19375 0.01875 0.03984375
1 0.41328125 0.20390625 0.01875 0.0375
1 0.44375 0.209375 0.01875 0.0453125
1 0.415625 0.17265625 0.01640625 0.028125
1 0.4125 0.15859375 0.01484375 0.0265625
1 0.45859375 0.16640625 0.01328125 0.03046875
1 0.47421875 0.1890625 0.01640625 0.0375
1 0.50234375 0.21328125 0.01953125 0.04140625
1 0.4671875 0.1328125 0.0125 0.028125
1 0.4765625 0.146875 0.01328125 0.0265625
1 0.48671875 0.1421875 0.01171875 0.028125
1 0.50234375 0.1453125 0.01328125 0.03359375
1 0.5125 0.1125 0.0125 0.03203125
1 0.52265625 0.13046875 0.01171875 0.03046875
1 0.53046875 0.12265625 0.0125 0.0265625
1 0.5453125 0.121875 0.0125 0.02421875
1 0.54609375 0.1375 0.0125 0.02265625
1 0.5484375 0.1671875 0.0125 0.0359375
1 0.53046875 0.15390625 0.01328125 0.028125
1 0.559375 0.17890625 0.01640625 0.03359375
1 0.575 0.13984375 0.01328125 0.03359375
1 0.58984375 0.18046875 0.01484375 0.028125
1 0.5921875 0.14609375 0.015625 0.03984375
1 0.58828125 0.109375 0.01328125 0.03046875
1 0.60234375 0.1140625 0.01171875 0.03203125
1 0.61953125 0.1078125 0.0125 0.0265625
1 0.62734375 0.1 0.01484375 0.03046875
1 0.6515625 0.1046875 0.01484375 0.028125
1 0.63515625 0.14140625 0.015625 0.03046875
1 0.66953125 0.13046875 0.0125 0.03359375
1 0.6515625 0.13046875 0.0125 0.02265625
1 0.68125 0.121875 0.009375 0.028125
1 0.69609375 0.11875 0.009375 0.0265625
1 0.5859375 0.2328125 0.01875 0.05078125
1 0.51171875 0.29921875 0.03046875 0.05859375
1 0.5828125 0.27734375 0.02265625 0.053125
1 0.59765625 0.31015625 0.034375 0.08125
1 0.61640625 0.25625 0.02734375 0.05625
1 0.63671875 0.2015625 0.02265625 0.04921875
1 0.6703125 0.21328125 0.02109375 0.04921875
1 0.6703125 0.17265625 0.01640625 0.03984375
1 0.703125 0.19921875 0.01875 0.04375
1 0.69375 0.17265625 0.01640625 0.0359375
1 0.7125 0.17109375 0.01796875 0.03984375
1 0.740625 0.16640625 0.0125 0.0375
1 0.75234375 0.1515625 0.01171875 0.0359375
1 0.75078125 0.1234375 0.01484375 0.03203125
1 0.78046875 0.13203125 0.01640625 0.04140625
1 0.7796875 0.17421875 0.01328125 0.03203125
1 0.79375 0.1546875 0.01484375 0.03359375
1 0.79375 0.196875 0.01953125 0.04375
1 0.7171875 0.23671875 0.02421875 0.04375
1 0.68515625 0.26640625 0.02109375 0.0453125
1 0.69375 0.33046875 0.028125 0.071875
1 0.73828125 0.3625 0.028125 0.0640625
1 0.76640625 0.27109375 0.02734375 0.06640625
1 0.80625 0.271875 0.02421875 0.04921875
1 0.825 0.3609375 0.03359375 0.0625
1 0.84375 0.309375 0.021875 0.05625
1 0.87265625 0.26875 0.01953125 0.046875
1 0.909375 0.33203125 0.025 0.0640625
1 0.89296875 0.42265625 0.0359375 0.07890625
1 0.9375 0.2875 0.02734375 0.05078125
1 0.9171875 0.24609375 0.021875 0.04375
1 0.9328125 0.22890625 0.01796875 0.03984375
1 0.94375 0.2109375 0.01640625 0.03359375
1 0.940625 0.16796875 0.01640625 0.0375
1 0.90625 0.18203125 0.015625 0.0359375
1 0.9171875 0.16953125 0.01484375 0.03046875
1 0.88671875 0.19921875 0.021875 0.03984375
1 0.8734375 0.2234375 0.02109375 0.046875
1 0.83671875 0.2078125 0.01875 0.04140625
1 0.81796875 0.190625 0.01875 0.04140625
1 0.82734375 0.17109375 0.0125 0.03203125
1 0.8390625 0.15546875 0.0125 0.0359375
1 0.85234375 0.1890625 0.015625 0.04140625
1 0.865625 0.1734375 0.01328125 0.0375
1 0.86484375 0.15546875 0.01015625 0.02421875
1 0.87734375 0.15390625 0.01328125 0.0359375