1 0.271875 0.43203125 0.1046875 0.17734375
1 0.4203125 0.428125 0.08984375 0.13671875
1 0.540625 0.35625 0.0484375 0.07890625
1 0.64609375 0.53046875 0.1390625 0.21328125
1 0.71484375 0.40859375 0.08515625 0.15546875
1 0.73359375 0.3359375 0.046875 0.07578125
1 0.76875 0.36953125 0.05234375 0.09140625
1 0.81640625 0.34140625 0.0484375 0.08359375
1 0.85 0.30703125 0.0390625 0.05703125
1 0.83203125 0.28515625 0.02890625 0.04296875
1 0.8984375 0.29375 0.021875 0.04765625
1 0.9234375 0.32109375 0.03984375 0.06015625
1 0.940625 0.2875 0.03125 0.0484375
1 0.98515625 0.29453125 0.0296875 0.0546875