1 0.1546875 0.39375 0.0375 0.10234375
1 0.38203125 0.1546875 0.01328125 0.0296875
1 0.38671875 0.20859375 0.01484375 0.0375
1 0.41484375 0.21015625 0.01484375 0.03359375
1 0.44453125 0.2203125 0.015625 0.03515625
1 0.471875 0.16484375 0.01875 0.03515625
1 0.5703125 0.11796875 0.01015625 0.028125
1 0.51015625 0.184375 0.01796875 0.0375
1 0.5515625 0.18828125 0.015625 0.040625
1 0.61640625 0.25234375 0.02734375 0.04296875
1 0.78203125 0.21171875 0.01640625 0.05
1 0.83203125 0.25703125 0.02109375 0.0484375
1 0.934375 0.19453125 0.02109375 0.05
1 0.92109375 0.26640625 0.02265625 0.040625