1 0.0828125 0.43203125 0.04296875 0.0875
1 0.25546875 0.28125 0.01796875 0.0265625
1 0.2984375 0.25234375 0.01953125 0.03828125
1 0.32265625 0.2234375 0.0140625 0.0328125
1 0.29765625 0.2765625 0.0171875 0.025
1 0.30625 0.30546875 0.015625 0.0234375
1 0.33671875 0.24296875 0.0140625 0.0296875
1 0.3515625 0.21953125 0.01953125 0.0328125
1 0.36796875 0.21328125 0.0125 0.0265625
1 0.37734375 0.26171875 0.0171875 0.028125
1 0.39296875 0.19375 0.01328125 0.0328125
1 0.44453125 0.2265625 0.01953125 0.0328125
1 0.41171875 0.175 0.015625 0.01953125
1 0.45 0.14765625 0.01015625 0.025
1 0.44609375 0.19375 0.0171875 0.0328125
1 0.4703125 0.19453125 0.015625 0.03125
1 0.47421875 0.1515625 0.01328125 0.028125
1 0.4875 0.14140625 0.0109375 0.025
1 0.4984375 0.184375 0.025 0.03828125
1 0.51640625 0.1390625 0.01484375 0.0296875
1 0.53046875 0.13984375 0.0171875 0.03125
1 0.5625 0.109375 0.01015625 0.01953125
1 0.59140625 0.125 0.0109375 0.03125
1 0.5734375 0.1734375 0.0234375 0.03984375
1 0.55390625 0.153125 0.0171875 0.025
1 0.5265625 0.21328125 0.025 0.03671875
1 0.434375 0.26796875 0.015625 0.03984375
1 0.4984375 0.28203125 0.0265625 0.04453125
1 0.5390625 0.30625 0.025 0.0515625
1 0.6234375 0.140625 0.01953125 0.04609375
1 0.6390625 0.10234375 0.01328125 0.0234375
1 0.678125 0.11328125 0.0140625 0.03125
1 0.69921875 0.1015625 0.01328125 0.03125
1 0.63046875 0.18984375 0.01875 0.03671875
1 0.61171875 0.253125 0.02421875 0.03984375
1 0.60859375 0.325 0.02890625 0.04140625
1 0.6796875 0.3234375 0.0234375 0.0515625
1 0.6609375 0.2578125 0.01953125 0.04296875
1 0.6609375 0.2 0.02265625 0.04609375
1 0.6625 0.15859375 0.0171875 0.03671875
1 0.69453125 0.178125 0.0171875 0.0296875
1 0.69296875 0.13828125 0.01328125 0.034375
1 0.7046875 0.22265625 0.01484375 0.04140625
1 0.7359375 0.128125 0.0140625 0.03125
1 0.7546875 0.11015625 0.0171875 0.03125
1 0.7359375 0.165625 0.015625 0.0296875
1 0.75546875 0.2234375 0.02265625 0.04609375
1 0.74609375 0.18671875 0.01484375 0.03671875
1 0.75703125 0.1765625 0.01953125 0.03984375
1 0.77109375 0.13046875 0.01484375 0.0296875
1 0.7875 0.2921875 0.02265625 0.05625
1 0.8109375 0.253125 0.01875 0.053125
1 0.79921875 0.18515625 0.01484375 0.03984375
1 0.79921875 0.12578125 0.0140625 0.0328125
1 0.78046875 0.115625 0.0109375 0.0296875
1 0.81875 0.13125 0.01328125 0.03125
1 0.86796875 0.12578125 0.0140625 0.0296875
1 0.834375 0.14609375 0.01328125 0.034375
1 0.84609375 0.19140625 0.01484375 0.0296875
1 0.81875 0.16953125 0.02265625 0.028125
1 0.85625 0.16796875 0.0171875 0.03125
1 0.89765625 0.1328125 0.01484375 0.04140625
1 0.88671875 0.190625 0.015625 0.03125
1 0.896875 0.1703125 0.0171875 0.0296875
1 0.875 0.22578125 0.0140625 0.034375
1 0.91796875 0.2796875 0.01953125 0.04921875
1 0.928125 0.20625 0.015625 0.0296875
1 0.91953125 0.17265625 0.0140625 0.03125
1 0.92734375 0.153125 0.01015625 0.025
1 0.72890625 0.30859375 0.0296875 0.0546875
1 0.503125 0.22578125 0.025 0.04140625
1 0.51171875 0.1734375 0.0265625 0.03984375
1 0.41953125 0.22890625 0.025 0.03125
1 0.36875 0.23046875 0.01796875 0.034375
1 0.56328125 0.24609375 0.02265625 0.04921875
1 0.41875 0.190625 0.01328125 0.028125
1 0.61796875 0.1078125 0.0125 0.0265625
1 0.62578125 0.109375 0.01015625 0.0265625
1 0.5984375 0.103125 0.0125 0.025
1 0.709375 0.13984375 0.01796875 0.04140625