1 0.37109375 0.509375 0.05703125 0.13125
1 0.30078125 0.41328125 0.04296875 0.1203125
1 0.22734375 0.3515625 0.03203125 0.07890625
1 0.415625 0.20546875 0.0140625 0.03203125
1 0.40546875 0.259375 0.01796875 0.0453125
1 0.44375 0.2046875 0.01171875 0.03359375
1 0.47421875 0.22578125 0.015625 0.04140625
1 0.50390625 0.21875 0.015625 0.03984375
1 0.5890625 0.246875 0.01796875 0.046875
1 0.63671875 0.24921875 0.021875 0.0546875
1 0.5828125 0.1171875 0.0109375 0.02421875
1 0.60859375 0.10703125 0.00859375 0.02265625
1 0.64140625 0.12421875 0.0109375 0.0265625