1 0.10703125 0.51796875 0.04921875 0.09375
1 0.2328125 0.34765625 0.02109375 0.03125
1 0.29375 0.3453125 0.015625 0.04375
1 0.2984375 0.36953125 0.01796875 0.04140625
1 0.3359375 0.35390625 0.0234375 0.04375
1 0.28984375 0.3046875 0.0171875 0.03125
1 0.359375 0.32890625 0.0171875 0.034375
1 0.36171875 0.29453125 0.01875 0.03515625
1 0.3828125 0.33515625 0.01875 0.03828125
1 0.4171875 0.33671875 0.0203125 0.03515625
1 0.39765625 0.253125 0.01640625 0.0328125
1 0.421875 0.2609375 0.0140625 0.03125
1 0.41015625 0.30625 0.01875 0.03125
1 0.43984375 0.30625 0.021875 0.03671875
1 0.45 0.33984375 0.025 0.03828125
1 0.46875 0.30625 0.01953125 0.034375
1 0.446875 0.26953125 0.0171875 0.034375
1 0.45546875 0.25234375 0.0140625 0.028125
1 0.46953125 0.26953125 0.01484375 0.03125
1 0.4671875 0.23671875 0.01171875 0.01953125
1 0.4953125 0.2640625 0.01640625 0.028125
1 0.5375 0.2515625 0.015625 0.03515625
1 0.515625 0.25 0.01171875 0.02578125
1 0.51875 0.25859375 0.015625 0.0296875
1 0.5109375 0.315625 0.01953125 0.04375
1 0.5171875 0.29453125 0.01484375 0.0328125
1 0.55234375 0.28671875 0.01953125 0.03671875
1 0.54921875 0.228125 0.0171875 0.028125
1 0.565625 0.2671875 0.01875 0.04140625
1 0.5734375 0.24375 0.0125 0.028125
1 0.571875 0.221875 0.0140625 0.0265625
1 0.59609375 0.24921875 0.0125 0.0265625
1 0.60078125 0.2265625 0.01171875 0.02265625
1 0.609375 0.2078125 0.0125 0.0296875
1 0.62421875 0.2125 0.01484375 0.02578125
1 0.63203125 0.22734375 0.0140625 0.0328125
1 0.63984375 0.2453125 0.01796875 0.028125
1 0.659375 0.21953125 0.0125 0.02421875
1 0.66953125 0.23046875 0.0109375 0.0328125
1 0.67890625 0.23125 0.01171875 0.02578125
1 0.67265625 0.26640625 0.015625 0.034375
1 0.63046875 0.28984375 0.01796875 0.03828125
1 0.64765625 0.3296875 0.02109375 0.03828125
1 0.59375 0.321875 0.021875 0.03984375
1 0.6046875 0.3734375 0.02578125 0.0421875
1 0.64609375 0.38828125 0.03046875 0.0578125
1 0.70234375 0.259375 0.01484375 0.034375
1 0.728125 0.2625 0.0125 0.03671875
1 0.73671875 0.24921875 0.0125 0.0296875
1 0.7453125 0.2296875 0.0140625 0.03125
1 0.77421875 0.24453125 0.0125 0.0296875
1 0.765625 0.26640625 0.01484375 0.034375
1 0.76171875 0.2875 0.01640625 0.0328125
1 0.71953125 0.2875 0.0171875 0.03515625
1 0.80234375 0.2484375 0.0125 0.03125
1 0.8296875 0.265625 0.01171875 0.03125
1 0.85078125 0.2671875 0.0140625 0.03515625
1 0.8640625 0.2609375 0.0140625 0.034375
1 0.8546875 0.28359375 0.0140625 0.034375
1 0.88984375 0.296875 0.01484375 0.03828125
1 0.92109375 0.2796875 0.0125 0.02578125
1 0.9234375 0.3046875 0.0109375 0.03125
1 0.92890625 0.3296875 0.0171875 0.04140625
1 0.921875 0.3484375 0.0109375 0.03828125
1 0.8765625 0.3203125 0.015625 0.03125
1 0.83984375 0.309375 0.0140625 0.03125
1 0.80859375 0.29921875 0.015625 0.03125
1 0.81015625 0.275 0.01640625 0.034375
1 0.81015625 0.3328125 0.0203125 0.04375
1 0.86328125 0.37109375 0.01953125 0.04140625
1 0.89609375 0.3921875 0.021875 0.0578125
1 0.9046875 0.33828125 0.0125 0.0328125
1 0.9 0.4640625 0.02734375 0.07109375
1 0.85234375 0.41796875 0.025 0.05
1 0.8328125 0.43515625 0.021875 0.059375
1 0.7953125 0.37578125 0.02109375 0.05390625
1 0.69453125 0.35 0.02109375 0.046875
1 0.678125 0.32421875 0.021875 0.046875
1 0.73125 0.40625 0.02421875 0.05546875
1 0.77265625 0.4421875 0.0265625 0.05703125
1 0.66953125 0.4375 0.03359375 0.05546875
1 0.71171875 0.47265625 0.03046875 0.0765625
1 0.81015625 0.49921875 0.02890625 0.065625
1 0.50078125 0.37734375 0.0265625 0.059375
1 0.53359375 0.3734375 0.0265625 0.05234375
1 0.54296875 0.40859375 0.03046875 0.059375
1 0.6109375 0.4265625 0.0328125 0.0640625