1 0.09140625 0.3953125 0.03984375 0.05703125
1 0.1375 0.3953125 0.0390625 0.053125
1 0.15546875 0.34140625 0.03125 0.05703125
1 0.1953125 0.4125 0.03671875 0.06484375
1 0.2140625 0.321875 0.03359375 0.05703125
1 0.25078125 0.378125 0.03671875 0.05703125
1 0.27265625 0.3328125 0.03203125 0.05859375
1 0.09375 0.61015625 0.0453125 0.0703125
1 0.20234375 0.47734375 0.03359375 0.05859375
1 0.1953125 0.61171875 0.0421875 0.0734375
1 0.2796875 0.6296875 0.0375 0.0796875
1 0.3203125 0.63515625 0.03671875 0.0734375
1 0.28203125 0.47109375 0.04140625 0.06796875
1 0.30859375 0.39765625 0.0296875 0.0546875
1 0.3296875 0.35703125 0.028125 0.053125
1 0.35859375 0.39609375 0.02890625 0.0515625
1 0.38203125 0.4359375 0.0390625 0.06171875
1 0.33515625 0.4671875 0.03203125 0.06171875
1 0.36875 0.34296875 0.03359375 0.053125
1 0.39609375 0.32109375 0.03203125 0.0515625
1 0.46484375 0.4453125 0.04140625 0.06640625
1 0.465625 0.3703125 0.03984375 0.06015625
1 0.47578125 0.2765625 0.0390625 0.06328125
1 0.4359375 0.6015625 0.03671875 0.06640625
1 0.46796875 0.59453125 0.03984375 0.08203125
1 0.51953125 0.35703125 0.03203125 0.053125
1 0.54296875 0.3015625 0.03203125 0.05703125
1 0.5640625 0.32265625 0.0359375 0.0546875
1 0.578125 0.603125 0.0421875 0.0765625
1 0.61328125 0.475 0.03984375 0.0703125
1 0.62578125 0.35859375 0.034375 0.06640625
1 0.625 0.28828125 0.03203125 0.05703125
1 0.67265625 0.31953125 0.03203125 0.05859375
1 0.6890625 0.36953125 0.034375 0.06484375
1 0.64140625 0.56796875 0.04296875 0.08359375
1 0.74453125 0.57578125 0.04921875 0.078125
1 0.753125 0.35390625 0.03203125 0.05859375
1 0.73203125 0.2984375 0.0296875 0.053125
1 0.75859375 0.303125 0.028125 0.05703125
1 0.78203125 0.30234375 0.0234375 0.0546875
1 0.78125 0.403125 0.0375 0.0734375
1 0.8265625 0.5859375 0.0421875 0.078125
1 0.8859375 0.5671875 0.0453125 0.08515625
1 0.828125 0.3625 0.0421875 0.06796875