1 0.95 0.5125 0.0484375 0.07734375
1 0.88359375 0.57265625 0.07734375 0.12578125
1 0.76953125 0.65859375 0.07109375 0.14453125
1 0.69140625 0.6859375 0.1609375 0.259375
1 0.603125 0.52109375 0.0515625 0.08984375
1 0.659375 0.49921875 0.04765625 0.07578125
1 0.6921875 0.465625 0.03125 0.065625
1 0.7375 0.471875 0.03046875 0.05234375
1 0.77890625 0.46640625 0.03515625 0.0734375
1 0.81484375 0.47265625 0.03515625 0.0625
1 0.85859375 0.4703125 0.03046875 0.0609375
1 0.88203125 0.4796875 0.0328125 0.0671875
1 0.9140625 0.47421875 0.025 0.04453125
1 0.61328125 0.453125 0.02421875 0.05
1 0.64375 0.4515625 0.0296875 0.046875
1 0.59921875 0.43046875 0.01796875 0.03515625
1 0.56171875 0.4484375 0.0265625 0.0484375
1 0.56484375 0.4234375 0.0203125 0.04140625
1 0.509375 0.421875 0.01953125 0.03828125
1 0.5234375 0.42109375 0.01875 0.034375
1 0.5078125 0.45546875 0.02578125 0.0515625
1 0.48984375 0.46875 0.05 0.0859375
1 0.475 0.53515625 0.0625 0.11640625
1 0.39765625 0.49609375 0.05 0.08359375
1 0.3296875 0.57421875 0.07890625 0.1421875
1 0.15859375 0.64296875 0.10078125 0.18515625
1 0.08515625 0.53359375 0.0703125 0.12109375
1 0.01484375 0.4578125 0.02578125 0.0796875
1 0.02109375 0.43125 0.028125 0.0609375
1 0.059375 0.45859375 0.0390625 0.07421875
1 0.07890625 0.4078125 0.0328125 0.0578125
1 0.05703125 0.3453125 0.025 0.034375
1 0.134375 0.4 0.0296875 0.046875
1 0.14765625 0.39453125 0.02109375 0.040625
1 0.14921875 0.46796875 0.05 0.07734375
1 0.2046875 0.425 0.02578125 0.04609375
1 0.2359375 0.41015625 0.02109375 0.04140625
1 0.29140625 0.4890625 0.05703125 0.0890625
1 0.296875 0.4546875 0.03828125 0.065625
1 0.3078125 0.4140625 0.025 0.0578125
1 0.32578125 0.4109375 0.0234375 0.0375
1 0.28046875 0.4078125 0.01953125 0.0390625
1 0.22578125 0.3859375 0.0234375 0.02890625
1 0.34140625 0.403125 0.02109375 0.04375
1 0.37265625 0.39609375 0.0140625 0.02890625
1 0.38203125 0.41796875 0.02109375 0.0453125
1 0.403125 0.39921875 0.02578125 0.0421875
1 0.40546875 0.45546875 0.03515625 0.04921875
1 0.43125 0.4140625 0.02578125 0.0421875
1 0.45859375 0.4359375 0.02265625 0.04140625
1 0.46015625 0.4109375 0.02109375 0.0375