1 0.08203125 0.22734375 0.09921875 0.12109375
1 0.33359375 0.26640625 0.05078125 0.078125
1 0.35234375 0.321875 0.059375 0.078125
1 0.39921875 0.346875 0.06328125 0.078125
1 0.42421875 0.478125 0.08828125 0.13359375
1 0.53046875 0.3859375 0.07578125 0.11953125
1 0.4875 0.2359375 0.05859375 0.0859375
1 0.55234375 0.25859375 0.05078125 0.06953125
1 0.60546875 0.225 0.04453125 0.075
1 0.65234375 0.23515625 0.05390625 0.090625
1 0.73203125 0.178125 0.096875 0.14453125
1 0.8 0.1953125 0.05625 0.09296875
1 0.74609375 0.0984375 0.05078125 0.0859375
1 0.81328125 0.12578125 0.04765625 0.059375
1 0.87421875 0.04140625 0.05234375 0.078125
1 0.89765625 0.21875 0.10390625 0.165625
1 0.978125 0.153125 0.04375 0.103125