1 0.04765625 0.80390625 0.0515625 0.075
1 0.12109375 0.71953125 0.0515625 0.07265625
1 0.15390625 0.66796875 0.0453125 0.05234375
1 0.21015625 0.62890625 0.0421875 0.07109375
1 0.11875 0.87734375 0.109375 0.14140625
1 0.215625 0.77265625 0.05625 0.07109375
1 0.278125 0.70703125 0.04375 0.06484375
1 0.27421875 0.65546875 0.0453125 0.06015625
1 0.290625 0.62578125 0.040625 0.05625
1 0.4203125 0.48515625 0.034375 0.05
1 0.35390625 0.78828125 0.0609375 0.08515625
1 0.503125 0.76328125 0.0625 0.08125
1 0.4671875 0.65859375 0.0375 0.05390625
1 0.45859375 0.62109375 0.0359375 0.05
1 0.5453125 0.7125 0.046875 0.07109375
1 0.578125 0.65703125 0.04375 0.05625
1 0.56484375 0.621875 0.0359375 0.04765625
1 0.63671875 0.771875 0.0546875 0.08125
1 0.68828125 0.69375 0.0453125 0.075
1 0.67890625 0.62734375 0.0390625 0.05859375
1 0.7125 0.64140625 0.04375 0.0625
1 0.74609375 0.78046875 0.0578125 0.08984375
1 0.825 0.621875 0.046875 0.05625
1 0.878125 0.77578125 0.053125 0.07734375
1 0.93671875 0.87890625 0.1140625 0.14140625
1 0.97578125 0.76796875 0.0484375 0.09765625
1 0.97265625 0.68828125 0.0484375 0.06875
1 0.934375 0.671875 0.040625 0.06015625
1 0.92109375 0.62109375 0.0390625 0.05859375