1 0.09140625 0.478125 0.109375 0.25703125
1 0.19609375 0.36015625 0.07890625 0.175
1 0.16953125 0.2875 0.06796875 0.15625
1 0.24921875 0.28671875 0.06796875 0.1546875
1 0.371875 0.29921875 0.04453125 0.1
1 0.47734375 0.30234375 0.04765625 0.10390625
1 0.61484375 0.31953125 0.05078125 0.10390625
1 0.7203125 0.34765625 0.04453125 0.115625
1 0.78515625 0.36328125 0.06640625 0.159375
1 0.76640625 0.284375 0.03359375 0.078125
1 0.8828125 0.34140625 0.05234375 0.12109375
1 0.9171875 0.44140625 0.08203125 0.18828125
1 0.96796875 0.3515625 0.05703125 0.13125