1 0.08515625 0.48203125 0.10390625 0.20703125
1 0.21953125 0.31484375 0.065625 0.146875
1 0.259375 0.23359375 0.0546875 0.115625
1 0.29375 0.18515625 0.04140625 0.09140625
1 0.31953125 0.14609375 0.03359375 0.075
1 0.33203125 0.0984375 0.0296875 0.0625
1 0.42109375 0.490625 0.1015625 0.2046875
1 0.42265625 0.3203125 0.06640625 0.125
1 0.421875 0.2109375 0.04921875 0.084375
1 0.4046875 0.17109375 0.0359375 0.0671875
1 0.42734375 0.146875 0.0359375 0.0578125
1 0.4421875 0.121875 0.025 0.05546875
1 0.41953125 0.08828125 0.03046875 0.05546875
1 0.56328125 0.10703125 0.025 0.05546875
1 0.58828125 0.13515625 0.0296875 0.0625
1 0.61015625 0.16171875 0.03046875 0.0625
1 0.65703125 0.1984375 0.0453125 0.0796875
1 0.659375 0.121875 0.025 0.06015625
1 0.63046875 0.0984375 0.02421875 0.0578125
1 0.70390625 0.175 0.03984375 0.06953125
1 0.70703125 0.2421875 0.0359375 0.10390625
1 0.79453125 0.3515625 0.06171875 0.13984375
1 0.76171875 0.209375 0.03828125 0.09609375
1 0.840625 0.2515625 0.05234375 0.10859375
1 0.8203125 0.13046875 0.03359375 0.0671875
1 0.86796875 0.178125 0.034375 0.07265625
1 0.88671875 0.14921875 0.0265625 0.0625
1 0.95078125 0.190625 0.034375 0.07734375
1 0.95 0.3484375 0.0625 0.12734375
1 0.9640625 0.1734375 0.0265625 0.07265625