1 0.09453125 0.41796875 0.0578125 0.19921875
1 0.034375 0.2875 0.046875 0.171875
1 0.09765625 0.21484375 0.0515625 0.16640625
1 0.01953125 0.090625 0.02890625 0.12109375
1 0.1953125 0.0609375 0.0296875 0.10625
1 0.33359375 0.059375 0.04140625 0.11328125
1 0.16015625 0.64375 0.06640625 0.221875
1 0.24921875 0.49375 0.06484375 0.2046875
1 0.484375 0.36015625 0.08828125 0.30546875
1 0.67734375 0.38359375 0.04609375 0.20234375
1 0.6625 0.27421875 0.0484375 0.14375
1 0.6328125 0.165625 0.040625 0.15390625
1 0.634375 0.0875 0.03828125 0.11328125
1 0.60390625 0.0609375 0.03515625 0.10625
1 0.74296875 0.22109375 0.040625 0.159375
1 0.70859375 0.12265625 0.03984375 0.14921875
1 0.76171875 0.0671875 0.0296875 0.0984375
1 0.84296875 0.1984375 0.03984375 0.14921875
1 0.88203125 0.2375 0.04296875 0.14140625
1 0.81796875 0.37890625 0.0421875 0.171875
1 0.859375 0.10703125 0.02890625 0.1234375
1 0.9453125 0.1265625 0.0359375 0.1515625
1 0.92890625 0.040625 0.028125 0.07578125
1 0.98046875 0.08359375 0.03828125 0.1109375
1 0.828125 0.709375 0.0875 0.303125
1 0.90234375 0.8890625 0.10703125 0.221875
1 0.9625 0.5859375 0.06640625 0.2578125