1 0.25390625 0.51484375 0.03203125 0.059375
1 0.284375 0.42421875 0.028125 0.05
1 0.34296875 0.57109375 0.03359375 0.059375
1 0.3765625 0.4484375 0.0296875 0.0625
1 0.1953125 0.45859375 0.0265625 0.053125
1 0.23359375 0.3890625 0.0203125 0.04453125
1 0.18984375 0.3953125 0.0203125 0.03828125
1 0.17890625 0.34453125 0.01796875 0.03828125
1 0.21953125 0.31484375 0.01484375 0.0265625
1 0.27265625 0.29140625 0.01796875 0.0328125
1 0.290625 0.328125 0.01796875 0.03515625
1 0.32421875 0.359375 0.025 0.03828125
1 0.34140625 0.39375 0.0203125 0.04765625
1 0.2640625 0.35234375 0.021875 0.04140625
1 0.33671875 0.26640625 0.01328125 0.0234375
1 0.3625 0.23984375 0.01484375 0.03515625
1 0.38515625 0.284375 0.01640625 0.03515625
1 0.39453125 0.26484375 0.01796875 0.0328125
1 0.3890625 0.309375 0.01484375 0.03828125
1 0.4265625 0.3265625 0.0203125 0.04453125
1 0.4296875 0.29140625 0.01328125 0.0265625
1 0.44296875 0.2546875 0.01328125 0.0234375
1 0.471875 0.2734375 0.0203125 0.0328125
1 0.48515625 0.275 0.01640625 0.0296875
1 0.48046875 0.228125 0.01484375 0.0234375
1 0.51796875 0.21015625 0.01328125 0.03515625
1 0.5421875 0.20703125 0.01171875 0.0296875
1 0.53984375 0.25 0.01640625 0.0328125
1 0.57109375 0.22890625 0.01484375 0.0328125
1 0.603125 0.23359375 0.01328125 0.0234375
1 0.565625 0.26015625 0.01171875 0.0234375
1 0.56953125 0.31328125 0.01796875 0.03515625
1 0.54296875 0.33125 0.0203125 0.04765625
1 0.53203125 0.303125 0.0203125 0.0328125
1 0.50546875 0.3671875 0.021875 0.04140625
1 0.46171875 0.34921875 0.0234375 0.04140625
1 0.571875 0.43671875 0.03359375 0.05625
1 0.56796875 0.390625 0.0203125 0.04140625
1 0.5921875 0.334375 0.01796875 0.0296875
1 0.615625 0.37890625 0.021875 0.03515625
1 0.5953125 0.37421875 0.0203125 0.03828125
1 0.6203125 0.415625 0.0265625 0.05
1 0.6203125 0.2828125 0.0203125 0.0328125
1 0.63515625 0.253125 0.01328125 0.0265625
1 0.64921875 0.29296875 0.01796875 0.03515625
1 0.65703125 0.25859375 0.01640625 0.0328125
1 0.68046875 0.2984375 0.01796875 0.04140625
1 0.6984375 0.284375 0.01328125 0.03515625
1 0.7125 0.340625 0.021875 0.04140625
1 0.7 0.359375 0.01640625 0.0328125
1 0.75546875 0.31328125 0.021875 0.053125
1 0.7921875 0.3625 0.01796875 0.04453125
1 0.68203125 0.5296875 0.03984375 0.06484375
1 0.53203125 0.70390625 0.04296875 0.0890625
1 0.44140625 0.559375 0.03984375 0.0765625