1 0.071875 0.79609375 0.1 0.1625
1 0.08984375 0.73515625 0.0796875 0.13515625
1 0.19140625 0.8625 0.103125 0.16484375
1 0.359375 0.71015625 0.078125 0.11484375
1 0.484375 0.88984375 0.1984375 0.2203125
1 0.56328125 0.79765625 0.11640625 0.1703125
1 0.65546875 0.80625 0.121875 0.1828125
1 0.69296875 0.7234375 0.06328125 0.1078125
1 0.75546875 0.7984375 0.1046875 0.1375
1 0.81015625 0.7765625 0.06640625 0.1328125
1 0.75546875 0.6859375 0.075 0.1171875
1 0.72265625 0.46875 0.08515625 0.1328125
1 0.87265625 0.7328125 0.08203125 0.15
1 0.93203125 0.725 0.0734375 0.13984375
1 0.98046875 0.725 0.03828125 0.13515625