1 0.33203125 0.20234375 0.01796875 0.0328125
1 0.37421875 0.19765625 0.01484375 0.02734375
1 0.3828125 0.18125 0.0125 0.02109375
1 0.709375 0.309375 0.04140625 0.078125
1 0.425 0.178125 0.01953125 0.02421875
1 0.43828125 0.18046875 0.0125 0.0296875
1 0.44609375 0.15 0.009375 0.01953125
1 0.459375 0.15546875 0.01796875 0.034375
1 0.47734375 0.20625 0.02265625 0.040625
1 0.4890625 0.171875 0.0171875 0.040625
1 0.4828125 0.1453125 0.01015625 0.01328125
1 0.50078125 0.14375 0.015625 0.02734375
1 0.50859375 0.15859375 0.01796875 0.034375
1 0.51328125 0.1859375 0.009375 0.0328125
1 0.5265625 0.1734375 0.01328125 0.02734375
1 0.521875 0.1375 0.01328125 0.03125
1 0.55 0.1375 0.01015625 0.02109375
1 0.56171875 0.18984375 0.01953125 0.034375
1 0.584375 0.134375 0.01796875 0.03125
1 0.6 0.1390625 0.01484375 0.03125
1 0.60234375 0.1640625 0.0109375 0.02109375
1 0.625 0.1140625 0.00859375 0.02265625
1 0.63515625 0.1484375 0.01484375 0.02578125
1 0.66484375 0.13125 0.01796875 0.04375
1 0.68203125 0.11953125 0.0171875 0.0375
1 0.69375 0.13828125 0.021875 0.0453125
1 0.715625 0.12890625 0.01015625 0.01953125
1 0.596875 0.23828125 0.02265625 0.040625
1 0.628125 0.21015625 0.01875 0.0390625
1 0.6671875 0.2 0.0109375 0.02578125
1 0.67109375 0.2375 0.0203125 0.0359375
1 0.7015625 0.246875 0.02890625 0.05078125
1 0.703125 0.17890625 0.01328125 0.02578125
1 0.71640625 0.19921875 0.0171875 0.034375
1 0.73984375 0.153125 0.01953125 0.0296875
1 0.74296875 0.18359375 0.015625 0.03125
1 0.76171875 0.14609375 0.01796875 0.03125
1 0.76953125 0.14375 0.00859375 0.02734375
1 0.8015625 0.1765625 0.01875 0.034375
1 0.78515625 0.18125 0.01484375 0.034375
1 0.8 0.21796875 0.01484375 0.0328125
1 0.81640625 0.15859375 0.01484375 0.02734375
1 0.8296875 0.14609375 0.0140625 0.02734375
1 0.8234375 0.196875 0.0125 0.0296875
1 0.846875 0.18671875 0.01796875 0.03125
1 0.86484375 0.146875 0.01328125 0.0296875
1 0.86640625 0.20703125 0.0140625 0.0421875
1 0.8953125 0.15546875 0.01328125 0.02421875
1 0.8921875 0.23359375 0.02265625 0.0375
1 0.88203125 0.2734375 0.0171875 0.0421875
1 0.91484375 0.1859375 0.0171875 0.0359375
1 0.94453125 0.17734375 0.0125 0.02265625
1 0.94140625 0.2265625 0.01796875 0.0328125
1 0.47265625 0.17265625 0.0203125 0.0296875
1 0.64765625 0.1578125 0.01484375 0.0328125