1 0.134375 0.48515625 0.0453125 0.09140625
1 0.21796875 0.35 0.015625 0.03515625
1 0.24765625 0.3546875 0.01953125 0.046875
1 0.27890625 0.37734375 0.01953125 0.03828125
1 0.328125 0.375 0.01875 0.0453125
1 0.2796875 0.31640625 0.01640625 0.03671875
1 0.3484375 0.33359375 0.01640625 0.03203125
1 0.35078125 0.29765625 0.01640625 0.03359375
1 0.38515625 0.34140625 0.01484375 0.03203125
1 0.4078125 0.340625 0.0171875 0.03984375
1 0.45546875 0.35390625 0.01953125 0.0421875
1 0.39609375 0.2625 0.015625 0.02890625
1 0.42734375 0.2640625 0.0140625 0.02734375
1 0.44609375 0.265625 0.0125 0.02734375
1 0.434375 0.315625 0.0140625 0.03203125
1 0.409375 0.30703125 0.015625 0.02734375
1 0.4765625 0.31328125 0.01328125 0.02734375
1 0.5109375 0.32734375 0.01953125 0.03515625
1 0.46328125 0.24921875 0.01328125 0.02734375
1 0.47265625 0.23359375 0.01171875 0.02265625
1 0.47578125 0.2703125 0.0140625 0.02734375
1 0.49921875 0.26640625 0.01171875 0.03203125
1 0.5125 0.26015625 0.0125 0.02734375
1 0.51953125 0.23984375 0.0125 0.02421875
1 0.5515625 0.2578125 0.01328125 0.03203125
1 0.56328125 0.2859375 0.01640625 0.03984375
1 0.5859375 0.2578125 0.015625 0.03203125
1 0.57734375 0.2171875 0.0140625 0.02421875
1 0.61171875 0.246875 0.015625 0.03515625
1 0.6171875 0.21875 0.0125 0.02734375
1 0.621875 0.2015625 0.01171875 0.02890625
1 0.6375 0.21796875 0.01171875 0.02890625
1 0.65078125 0.21640625 0.01328125 0.03515625
1 0.6859375 0.20859375 0.0140625 0.02109375
1 0.70546875 0.2265625 0.0140625 0.03359375
1 0.69140625 0.23125 0.01328125 0.03046875
1 0.6484375 0.25234375 0.0140625 0.02421875
1 0.5109375 0.39375 0.028125 0.0609375
1 0.54375 0.37421875 0.0203125 0.0453125
1 0.55625 0.4140625 0.02421875 0.05625
1 0.60390625 0.3859375 0.021875 0.0546875
1 0.61015625 0.3375 0.021875 0.03671875
1 0.6453125 0.31328125 0.015625 0.03359375
1 0.66171875 0.346875 0.02109375 0.046875
1 0.6859375 0.28203125 0.0171875 0.03515625
1 0.70859375 0.29140625 0.01640625 0.04375
1 0.72421875 0.2546875 0.01328125 0.03203125
1 0.625 0.43984375 0.028125 0.065625
1 0.653125 0.4890625 0.0375 0.0578125
1 0.72109375 0.56875 0.03359375 0.07578125
1 0.68125 0.3921875 0.0265625 0.0546875
1 0.71015625 0.3671875 0.0265625 0.05
1 0.74375 0.4140625 0.02265625 0.05
1 0.80703125 0.43828125 0.0265625 0.059375
1 0.8375 0.36953125 0.01953125 0.0484375
1 0.73203125 0.30703125 0.01875 0.03984375
1 0.7609375 0.25859375 0.01640625 0.03046875
1 0.75546875 0.23671875 0.0140625 0.02734375
1 0.771875 0.228125 0.0140625 0.03359375
1 0.80546875 0.23671875 0.0140625 0.03046875
1 0.80703125 0.26953125 0.01640625 0.02890625
1 0.78984375 0.28828125 0.01484375 0.03828125
1 0.86171875 0.53515625 0.03046875 0.06953125
1 0.875 0.459375 0.02578125 0.065625
1 0.95234375 0.48046875 0.028125 0.0609375
1 0.94765625 0.40859375 0.0203125 0.0515625
1 0.88984375 0.38671875 0.021875 0.053125
1 0.84140625 0.3 0.01953125 0.03828125
1 0.8375 0.2484375 0.01953125 0.02890625
1 0.871875 0.2609375 0.0171875 0.03828125
1 0.878125 0.2765625 0.0125 0.03359375
1 0.86953125 0.31015625 0.0140625 0.03046875
1 0.8890625 0.27265625 0.01328125 0.04140625
1 0.9046875 0.2578125 0.0140625 0.03515625
1 0.9265625 0.28203125 0.0140625 0.03515625
1 0.97421875 0.28125 0.01328125 0.03359375
1 0.94375 0.340625 0.01875 0.03984375
1 0.8984375 0.34375 0.0171875 0.0421875
1 0.96328125 0.36328125 0.01640625 0.0421875
1 0.96953125 0.31953125 0.01015625 0.02578125
1 0.9453125 0.3171875 0.01484375 0.03515625