1 0.31484375 0.621875 0.0421875 0.07734375
1 0.259375 0.6125 0.03125 0.05859375
1 0.23515625 0.57265625 0.0296875 0.05390625
1 0.27578125 0.52890625 0.0265625 0.0375
1 0.34609375 0.53515625 0.0234375 0.03984375
1 0.390625 0.6765625 0.046875 0.0890625
1 0.4328125 0.5921875 0.025 0.0515625
1 0.3953125 0.559375 0.021875 0.0328125
1 0.3796875 0.55 0.01875 0.0328125
1 0.38828125 0.48125 0.0203125 0.03046875
1 0.428125 0.5359375 0.015625 0.0375
1 0.45625 0.528125 0.01875 0.03046875
1 0.49140625 0.57734375 0.0359375 0.06328125
1 0.50546875 0.5359375 0.0171875 0.0375
1 0.53046875 0.5265625 0.0171875 0.028125
1 0.54921875 0.55390625 0.0265625 0.03984375
1 0.56328125 0.5328125 0.0203125 0.03046875
1 0.5953125 0.59609375 0.04375 0.07265625
1 0.61796875 0.5265625 0.0203125 0.028125
1 0.696875 0.60859375 0.040625 0.0796875
1 0.7390625 0.56796875 0.03125 0.06328125
1 0.78984375 0.6109375 0.0484375 0.0609375
1 0.7671875 0.540625 0.021875 0.0375
1 0.7609375 0.5234375 0.015625 0.03046875
1 0.740625 0.51953125 0.0125 0.0234375
1 0.8609375 0.53359375 0.028125 0.0515625
1 0.84140625 0.54296875 0.0203125 0.0421875
1 0.89609375 0.53125 0.0203125 0.0375
1 0.93671875 0.55 0.0234375 0.0421875
1 0.92578125 0.51953125 0.0203125 0.028125