1 0.05703125 0.6453125 0.07265625 0.13359375
1 0.03515625 0.51484375 0.04765625 0.09375
1 0.10078125 0.46171875 0.04609375 0.08046875
1 0.159375 0.44296875 0.04375 0.08359375
1 0.20546875 0.53203125 0.05546875 0.1
1 0.2078125 0.44140625 0.04609375 0.08046875
1 0.24140625 0.40625 0.03984375 0.0765625
1 0.2984375 0.4234375 0.03984375 0.06328125
1 0.30625 0.475 0.04375 0.0734375
1 0.315625 0.5421875 0.06328125 0.10703125
1 0.18515625 0.9109375 0.1734375 0.178125
1 0.36484375 0.67421875 0.103125 0.18359375
1 0.4125 0.4734375 0.05 0.08359375
1 0.36640625 0.4796875 0.0421875 0.0765625
1 0.3625 0.4078125 0.034375 0.0671875
1 0.4359375 0.3125 0.02890625 0.05703125
1 0.44375 0.45625 0.0328125 0.0703125
1 0.40078125 0.4328125 0.03828125 0.06328125
1 0.525 0.4546875 0.0421875 0.08671875
1 0.5 0.5234375 0.05 0.096875
1 0.54609375 0.75234375 0.1375 0.2140625
1 0.56171875 0.60390625 0.07421875 0.14375
1 0.61171875 0.50703125 0.0515625 0.1171875
1 0.63515625 0.4515625 0.0421875 0.08046875
1 0.7328125 0.43125 0.04609375 0.08046875
1 0.7578125 0.5421875 0.06484375 0.13359375
1 0.728125 0.68203125 0.10078125 0.2140625
1 0.8625 0.51328125 0.06484375 0.13046875
1 0.9359375 0.528125 0.0703125 0.13359375