1 0.1453125 0.2203125 0.01953125 0.03046875
1 0.28671875 0.40234375 0.0578125 0.1125
1 0.396875 0.51484375 0.06640625 0.13671875
1 0.34609375 0.21015625 0.02109375 0.04765625
1 0.4015625 0.26796875 0.02109375 0.0421875
1 0.42421875 0.21171875 0.015625 0.03203125
1 0.4703125 0.2265625 0.01796875 0.034375
1 0.50078125 0.209375 0.02109375 0.034375
1 0.57578125 0.11015625 0.01171875 0.0265625
1 0.60703125 0.109375 0.0109375 0.02109375
1 0.6375 0.1171875 0.009375 0.025
1 0.58359375 0.25546875 0.02578125 0.0359375
1 0.615625 0.2453125 0.0234375 0.0421875
1 0.65390625 0.12421875 0.0109375 0.0171875