1 0.3921875 0.18828125 0.0171875 0.03828125
1 0.41640625 0.22265625 0.021875 0.03828125
1 0.4546875 0.23046875 0.02265625 0.04375
1 0.5671875 0.1890625 0.0171875 0.0328125
1 0.56796875 0.16171875 0.0171875 0.03125
1 0.62734375 0.2609375 0.02265625 0.05546875
1 0.64296875 0.28828125 0.028125 0.06484375
1 0.6375 0.20546875 0.01875 0.0453125
1 0.68125 0.17421875 0.0171875 0.03828125
1 0.68671875 0.2203125 0.02421875 0.04375
1 0.66328125 0.090625 0.01796875 0.03828125
1 0.93828125 0.225 0.01640625 0.03828125