1 0.0328125 0.565625 0.05078125 0.10078125
1 0.0765625 0.525 0.03984375 0.0671875
1 0.1625 0.64453125 0.06796875 0.13125
1 0.15 0.52890625 0.04375 0.08046875
1 0.24453125 0.57109375 0.0546875 0.11796875
1 0.27734375 0.66484375 0.06796875 0.1515625
1 0.38984375 0.59453125 0.05859375 0.1046875
1 0.3765625 0.521875 0.04375 0.0875
1 0.4890625 0.53359375 0.0453125 0.084375
1 0.5359375 0.48984375 0.0375 0.07109375
1 0.6765625 0.61796875 0.0625 0.09765625
1 0.70546875 0.54375 0.053125 0.1109375
1 0.8140625 0.55703125 0.0625 0.1046875
1 0.88984375 0.65625 0.06953125 0.128125