1 0.25859375 0.40390625 0.05 0.109375
1 0.290625 0.21171875 0.025 0.0421875
1 0.33828125 0.21796875 0.0234375 0.04765625
1 0.38046875 0.19609375 0.0171875 0.0328125
1 0.41015625 0.21484375 0.02265625 0.04765625
1 0.465625 0.15234375 0.025 0.04375
1 0.55703125 0.16640625 0.025 0.05859375
1 0.57890625 0.07734375 0.01484375 0.03125
1 0.64453125 0.1171875 0.0140625 0.0296875
1 0.646875 0.15 0.01796875 0.02265625
1 0.75390625 0.14296875 0.01484375 0.02734375
1 0.771875 0.1453125 0.0171875 0.0328125
1 0.86875 0.1921875 0.0140625 0.0359375
1 0.93671875 0.18828125 0.01484375 0.034375
1 0.89140625 0.259375 0.0171875 0.0421875
1 0.91796875 0.25234375 0.01953125 0.04765625
1 0.82421875 0.25390625 0.0234375 0.05390625