1 0.08046875 0.4765625 0.0328125 0.046875
1 0.13359375 0.4296875 0.02890625 0.05234375
1 0.1515625 0.4734375 0.02890625 0.0578125
1 0.17265625 0.44609375 0.02734375 0.05234375
1 0.20859375 0.48046875 0.03125 0.0609375
1 0.2109375 0.43359375 0.03125 0.05546875
1 0.246875 0.46953125 0.03125 0.05
1 0.2546875 0.4296875 0.0234375 0.046875
1 0.2984375 0.428125 0.03125 0.05546875
1 0.28046875 0.49609375 0.03125 0.05234375
1 0.32109375 0.4875 0.02890625 0.046875
1 0.34375 0.45 0.02734375 0.05
1 0.36796875 0.490625 0.03125 0.0578125
1 0.38984375 0.44765625 0.02734375 0.0609375
1 0.4 0.49609375 0.02578125 0.05234375
1 0.44375 0.5 0.02578125 0.05
1 0.434375 0.4625 0.02578125 0.05234375
1 0.45859375 0.45 0.03125 0.05546875
1 0.48203125 0.44453125 0.02890625 0.05
1 0.49453125 0.48046875 0.02890625 0.0609375
1 0.5359375 0.490625 0.03125 0.05234375
1 0.528125 0.453125 0.02734375 0.05
1 0.559375 0.44453125 0.0234375 0.05
1 0.56875 0.4984375 0.02734375 0.05234375
1 0.59921875 0.50390625 0.02734375 0.05234375
1 0.58828125 0.4515625 0.0234375 0.05234375
1 0.61328125 0.45859375 0.02578125 0.05
1 0.6390625 0.45859375 0.021875 0.04453125
1 0.64140625 0.4984375 0.03125 0.046875
1 0.67890625 0.51484375 0.02890625 0.05234375
1 0.684375 0.4640625 0.02890625 0.04453125
1 0.70859375 0.49609375 0.0203125 0.04140625
1 0.721875 0.4765625 0.0234375 0.04140625
1 0.74140625 0.48515625 0.02734375 0.046875
1 0.76484375 0.4640625 0.021875 0.04453125
1 0.78203125 0.49140625 0.02734375 0.05
1 0.8359375 0.478125 0.02890625 0.0609375
1 0.90703125 0.4859375 0.0328125 0.0609375