1 0.05 0.340625 0.01796875 0.03203125
1 0.35078125 0.26484375 0.02265625 0.046875
1 0.390625 0.25390625 0.01875 0.0453125
1 0.41171875 0.25859375 0.01953125 0.05
1 0.4453125 0.18203125 0.015625 0.03671875
1 0.47890625 0.18046875 0.0203125 0.03203125
1 0.46171875 0.21953125 0.021875 0.03828125
1 0.48203125 0.2171875 0.02265625 0.03515625
1 0.4921875 0.19609375 0.0171875 0.028125
1 0.490625 0.3 0.02734375 0.046875
1 0.60703125 0.259375 0.02578125 0.04140625
1 0.58984375 0.08671875 0.0171875 0.03671875
1 0.68671875 0.0625 0.01484375 0.028125
1 0.71953125 0.18203125 0.0171875 0.03671875
1 0.75390625 0.21796875 0.0203125 0.03671875
1 0.578125 0.1265625 0.01796875 0.0265625