1 0.33046875 0.35390625 0.0171875 0.0328125
1 0.95 0.36953125 0.01875 0.03515625
1 0.74140625 0.38671875 0.0109375 0.02421875
1 0.91484375 0.75859375 0.0953125 0.153125
1 0.70078125 0.6828125 0.0640625 0.11328125
1 0.75546875 0.56640625 0.0390625 0.0671875
1 0.76171875 0.52265625 0.03359375 0.0578125
1 0.66015625 0.55625 0.034375 0.05703125
1 0.62421875 0.64765625 0.0578125 0.08359375
1 0.596875 0.5375 0.0234375 0.04765625
1 0.5140625 0.58671875 0.0421875 0.0640625
1 0.5 0.5421875 0.034375 0.0484375
1 0.45625 0.55 0.03828125 0.06640625
1 0.28828125 0.90390625 0.1203125 0.15625
1 0.2796875 0.7359375 0.08671875 0.1265625
1 0.26328125 0.596875 0.046875 0.08203125
1 0.07109375 0.58984375 0.03671875 0.0609375
1 0.071875 0.55859375 0.0296875 0.03984375