1 0.03828125 0.8015625 0.065625 0.13203125
1 0.1640625 0.75546875 0.07265625 0.11171875
1 0.23671875 0.584375 0.03984375 0.0703125
1 0.31015625 0.59609375 0.03828125 0.0515625
1 0.2515625 0.78984375 0.07578125 0.1140625
1 0.38671875 0.57890625 0.0359375 0.06484375
1 0.4546875 0.57890625 0.0359375 0.06484375
1 0.53046875 0.57421875 0.03984375 0.059375
1 0.6109375 0.56640625 0.0359375 0.06484375
1 0.8578125 0.79375 0.09140625 0.1265625
1 0.8703125 0.71796875 0.0515625 0.09296875
1 0.971875 0.7546875 0.05625 0.10625