1 0.0921875 0.425 0.04609375 0.0953125
1 0.25859375 0.2875 0.01953125 0.03515625
1 0.28203125 0.27734375 0.021875 0.0421875
1 0.30078125 0.259375 0.01875 0.04375
1 0.32265625 0.26875 0.01953125 0.0453125
1 0.340625 0.2828125 0.0203125 0.04375
1 0.321875 0.22265625 0.01484375 0.03046875
1 0.34765625 0.21328125 0.01796875 0.03203125
1 0.35546875 0.24765625 0.01953125 0.03671875
1 0.37265625 0.23046875 0.015625 0.03515625
1 0.4171875 0.221875 0.01796875 0.03515625
1 0.3875 0.22109375 0.021875 0.03984375
1 0.39453125 0.30703125 0.02421875 0.0515625
1 0.45 0.225 0.0171875 0.0421875
1 0.42578125 0.1875 0.015625 0.0265625
1 0.40859375 0.17734375 0.01484375 0.0265625
1 0.45625 0.16953125 0.01875 0.03359375
1 0.48046875 0.17109375 0.0171875 0.03359375
1 0.496875 0.2328125 0.021875 0.05
1 0.47265625 0.1515625 0.0140625 0.028125
1 0.48515625 0.14140625 0.0140625 0.03203125
1 0.50390625 0.17578125 0.01796875 0.03359375
1 0.52734375 0.13671875 0.01875 0.03828125
1 0.53125 0.1734375 0.01953125 0.03515625
1 0.54140625 0.20390625 0.02265625 0.0453125
1 0.57109375 0.1640625 0.021875 0.03984375
1 0.55078125 0.15546875 0.015625 0.03671875
1 0.5703125 0.11796875 0.01328125 0.025
1 0.5828125 0.134375 0.015625 0.03046875
1 0.59609375 0.10546875 0.0140625 0.03046875
1 0.61796875 0.10390625 0.01328125 0.03046875
1 0.6390625 0.10625 0.01328125 0.025
1 0.6203125 0.14453125 0.0171875 0.03203125
1 0.63125 0.128125 0.015625 0.03203125
1 0.6890625 0.10625 0.01484375 0.03203125
1 0.67109375 0.1234375 0.01796875 0.03515625
1 0.490625 0.29921875 0.02890625 0.0515625
1 0.5609375 0.29375 0.02421875 0.05859375
1 0.565625 0.24140625 0.021875 0.04375
1 0.60546875 0.259375 0.03125 0.05390625
1 0.62265625 0.19375 0.021875 0.0515625
1 0.6484375 0.178125 0.01796875 0.0421875
1 0.6609375 0.209375 0.0203125 0.03984375
1 0.678125 0.24609375 0.01875 0.05
1 0.69609375 0.215625 0.02421875 0.0453125
1 0.67421875 0.3375 0.03203125 0.065625
1 0.60546875 0.3359375 0.0265625 0.05859375
1 0.684375 0.14296875 0.0171875 0.03203125
1 0.7078125 0.13671875 0.015625 0.03828125
1 0.6921875 0.17890625 0.0203125 0.03359375
1 0.7296875 0.1578125 0.01875 0.03984375
1 0.7390625 0.1234375 0.01875 0.03203125
1 0.7484375 0.1125 0.01484375 0.03359375
1 0.765625 0.1359375 0.01484375 0.03359375
1 0.75625 0.16015625 0.01953125 0.03515625
1 0.740625 0.2109375 0.021875 0.04375
1 0.76015625 0.23203125 0.0234375 0.0484375
1 0.77109375 0.28203125 0.03125 0.065625
1 0.7078125 0.29140625 0.03125 0.05703125
1 0.79453125 0.1859375 0.021875 0.04375
1 0.79296875 0.134375 0.0140625 0.03046875
1 0.7890625 0.11953125 0.01484375 0.025
1 0.80625 0.1203125 0.01328125 0.03359375
1 0.82421875 0.16015625 0.01484375 0.03515625
1 0.828125 0.13515625 0.01484375 0.03203125
1 0.85 0.1484375 0.0171875 0.03515625
1 0.84609375 0.19375 0.01875 0.0453125
1 0.87421875 0.225 0.02421875 0.0453125
1 0.878125 0.1875 0.021875 0.03984375
1 0.86640625 0.15 0.0140625 0.03203125
1 0.86953125 0.125 0.01484375 0.028125
1 0.89609375 0.13046875 0.0171875 0.03984375
1 0.9328125 0.16640625 0.01953125 0.0421875
1 0.8921875 0.17265625 0.0171875 0.03046875
1 0.92890625 0.27421875 0.02421875 0.05546875