1 0.1640625 0.37421875 0.0328125 0.06796875
1 0.2046875 0.36953125 0.0390625 0.05390625
1 0.23984375 0.35234375 0.040625 0.05546875
1 0.4171875 0.5640625 0.1109375 0.1671875
1 0.36796875 0.45703125 0.07734375 0.11328125
1 0.43515625 0.41640625 0.0625 0.0796875
1 0.35 0.37578125 0.04453125 0.0578125
1 0.5671875 0.36484375 0.034375 0.0515625
1 0.59453125 0.39765625 0.04453125 0.07734375
1 0.6359375 0.40546875 0.05546875 0.06953125
1 0.62890625 0.44609375 0.04609375 0.07578125
1 0.671875 0.4578125 0.05546875 0.09921875
1 0.71171875 0.4859375 0.075 0.11953125
1 0.70625 0.62734375 0.15703125 0.1953125
1 0.78515625 0.57265625 0.109375 0.153125