1 0.209375 0.37109375 0.04765625 0.084375
1 0.3078125 0.21328125 0.01640625 0.034375
1 0.3296875 0.221875 0.0171875 0.034375
1 0.340625 0.20234375 0.01484375 0.0328125
1 0.3515625 0.225 0.01875 0.0328125
1 0.36484375 0.2546875 0.01953125 0.034375
1 0.378125 0.23984375 0.01328125 0.0359375
1 0.36875 0.1984375 0.0171875 0.03984375
1 0.38671875 0.20859375 0.01640625 0.034375
1 0.40546875 0.2578125 0.02421875 0.0484375
1 0.41328125 0.175 0.0171875 0.0359375
1 0.41875 0.1453125 0.01328125 0.0328125
1 0.44609375 0.221875 0.0234375 0.034375
1 0.440625 0.16953125 0.01640625 0.0359375
1 0.45703125 0.1546875 0.01484375 0.02421875
1 0.46953125 0.15 0.0125 0.02734375
1 0.47734375 0.23125 0.0203125 0.03984375
1 0.4828125 0.17421875 0.01875 0.034375
1 0.48828125 0.13515625 0.0125 0.02890625
1 0.5015625 0.18515625 0.01328125 0.0359375
1 0.50703125 0.1203125 0.015625 0.02421875
1 0.51015625 0.146875 0.01484375 0.02890625
1 0.52734375 0.125 0.01640625 0.02890625
1 0.5453125 0.196875 0.01875 0.0328125
1 0.5453125 0.171875 0.0125 0.034375
1 0.559375 0.15078125 0.01328125 0.02890625
1 0.54140625 0.13203125 0.0125 0.02890625
1 0.58046875 0.16953125 0.01640625 0.03984375
1 0.57578125 0.1296875 0.01171875 0.02890625
1 0.58203125 0.11484375 0.01328125 0.02890625
1 0.60234375 0.121875 0.015625 0.03125
1 0.61328125 0.11015625 0.01484375 0.02734375
1 0.62265625 0.12734375 0.01484375 0.02421875
1 0.63515625 0.115625 0.015625 0.02734375
1 0.659375 0.0984375 0.009375 0.02734375
1 0.69296875 0.10390625 0.00859375 0.01875
1 0.68359375 0.11796875 0.0125 0.02578125
1 0.66796875 0.1296875 0.01640625 0.02890625
1 0.71875 0.11015625 0.0109375 0.02734375
1 0.4921875 0.28046875 0.0234375 0.06171875
1 0.5421875 0.28671875 0.02734375 0.05703125
1 0.565625 0.24921875 0.0203125 0.0515625
1 0.6 0.33828125 0.02734375 0.06015625
1 0.61875 0.2140625 0.021875 0.03984375
1 0.63203125 0.2375 0.0203125 0.0515625
1 0.66328125 0.18046875 0.0171875 0.04140625
1 0.6828125 0.259375 0.0171875 0.04296875
1 0.68828125 0.30703125 0.02109375 0.0640625
1 0.73046875 0.2890625 0.0171875 0.0515625
1 0.70390625 0.15625 0.01875 0.034375
1 0.7265625 0.14453125 0.0125 0.034375
1 0.746875 0.1328125 0.0125 0.034375
1 0.7140625 0.18828125 0.015625 0.0328125
1 0.7234375 0.234375 0.015625 0.04453125
1 0.75 0.17734375 0.01875 0.0375
1 0.759375 0.18515625 0.01875 0.03984375
1 0.75390625 0.259375 0.01640625 0.05
1 0.77578125 0.13671875 0.01171875 0.02265625
1 0.7890625 0.15859375 0.01328125 0.0375
1 0.80859375 0.15390625 0.015625 0.0359375
1 0.8046875 0.203125 0.01953125 0.04453125
1 0.803125 0.2421875 0.01875 0.04296875
1 0.78046875 0.31484375 0.01953125 0.0546875
1 0.7375 0.38828125 0.03203125 0.0703125
1 0.809375 0.409375 0.0296875 0.06875
1 0.8359375 0.34609375 0.021875 0.0546875
1 0.87109375 0.25703125 0.01640625 0.05
1 0.88515625 0.2296875 0.0171875 0.04296875
1 0.9265625 0.21875 0.015625 0.04140625
1 0.91875 0.2859375 0.01953125 0.0484375
1 0.91328125 0.34453125 0.0203125 0.0546875
1 0.8921875 0.4265625 0.028125 0.07890625
1 0.6203125 0.153125 0.01640625 0.03125
1 0.46875 0.1390625 0.01171875 0.02734375