1 0.08359375 0.553125 0.1125 0.15390625
1 0.0625 0.37890625 0.046875 0.06484375
1 0.14921875 0.4265625 0.059375 0.07421875
1 0.2203125 0.4515625 0.07734375 0.10546875
1 0.1359375 0.38046875 0.05390625 0.06484375
1 0.153125 0.3375 0.0421875 0.06015625
1 0.18828125 0.359375 0.040625 0.0546875
1 0.05390625 0.3515625 0.03828125 0.05234375
1 0.278125 0.23203125 0.02734375 0.04140625
1 0.2796875 0.359375 0.05390625 0.07578125
1 0.35078125 0.38828125 0.05 0.07265625
1 0.32734375 0.35234375 0.0359375 0.0484375
1 0.37421875 0.3359375 0.02734375 0.046875
1 0.4328125 0.384375 0.04375 0.05703125
1 0.42890625 0.3265625 0.0328125 0.04140625
1 0.49609375 0.3515625 0.02734375 0.04140625
1 0.48671875 0.334375 0.0265625 0.02578125
1 0.48046875 0.3125 0.01953125 0.0234375
1 0.51796875 0.36875 0.03984375 0.0546875
1 0.56640625 0.4234375 0.07421875 0.1
1 0.55 0.3546875 0.0375 0.05078125
1 0.56328125 0.3296875 0.0234375 0.0296875
1 0.57421875 0.32265625 0.01953125 0.02890625
1 0.6 0.3390625 0.03046875 0.0484375
1 0.6421875 0.359375 0.0390625 0.04921875
1 0.7015625 0.43984375 0.0921875 0.13828125
1 0.759375 0.3890625 0.046875 0.0765625
1 0.7390625 0.3515625 0.0296875 0.04453125
1 0.69921875 0.33984375 0.0234375 0.03359375
1 0.74921875 0.328125 0.021875 0.03671875
1 0.77890625 0.3421875 0.028125 0.040625
1 0.840625 0.3640625 0.0421875 0.053125
1 0.8640625 0.45546875 0.0765625 0.125
1 0.9234375 0.459375 0.059375 0.09765625
1 0.91328125 0.390625 0.05078125 0.05703125
1 0.878125 0.37578125 0.03984375 0.0484375
1 0.9703125 0.3578125 0.0375 0.05703125