1 0.2765625 0.3921875 0.03046875 0.05625
1 0.3578125 0.5140625 0.025 0.0484375
1 0.39296875 0.48984375 0.02578125 0.04453125
1 0.4265625 0.49609375 0.0234375 0.0421875
1 0.38828125 0.56171875 0.04296875 0.07109375
1 0.45625 0.56796875 0.0453125 0.06640625
1 0.46953125 0.53203125 0.0359375 0.05859375
1 0.50859375 0.52265625 0.03359375 0.0625
1 0.53671875 0.49609375 0.0296875 0.05546875
1 0.55078125 0.52109375 0.03515625 0.05859375
1 0.56015625 0.48203125 0.0203125 0.03984375
1 0.60390625 0.48828125 0.0234375 0.0390625
1 0.6046875 0.55546875 0.04296875 0.071875
1 0.62734375 0.52578125 0.034375 0.06796875
1 0.6515625 0.5140625 0.0359375 0.05390625
1 0.6390625 0.48125 0.025 0.03828125
1 0.6921875 0.5125 0.03515625 0.05859375
1 0.68515625 0.48828125 0.02265625 0.04296875
1 0.765625 0.359375 0.04765625 0.07109375
1 0.815625 0.53515625 0.05 0.08515625
1 0.871875 0.53359375 0.04765625 0.06484375
1 0.74453125 0.5453125 0.040625 0.0671875