1 0.08046875 0.5046875 0.04453125 0.0765625
1 0.20859375 0.35625 0.01953125 0.02578125
1 0.24609375 0.3671875 0.0234375 0.0328125
1 0.28515625 0.36953125 0.021875 0.03359375
1 0.328125 0.36953125 0.02578125 0.03984375
1 0.2828125 0.3140625 0.0171875 0.028125
1 0.353125 0.30078125 0.02734375 0.0328125
1 0.3453125 0.33984375 0.02421875 0.03359375
1 0.38046875 0.33125 0.0171875 0.03125
1 0.40078125 0.3546875 0.0171875 0.03984375
1 0.39765625 0.309375 0.0203125 0.0296875
1 0.43203125 0.35078125 0.0203125 0.03359375
1 0.45 0.41953125 0.01796875 0.05546875
1 0.52578125 0.4078125 0.02578125 0.046875
1 0.56015625 0.44375 0.021875 0.05546875
1 0.6140625 0.45859375 0.0296875 0.0578125
1 0.678125 0.52578125 0.0234375 0.0734375
1 0.77578125 0.5453125 0.03359375 0.06640625
1 0.540625 0.35078125 0.02265625 0.03359375
1 0.4890625 0.33828125 0.01796875 0.03671875
1 0.459375 0.309375 0.01640625 0.02265625
1 0.43046875 0.309375 0.01796875 0.03359375
1 0.578125 0.32734375 0.02265625 0.0296875
1 0.64921875 0.378125 0.02890625 0.04140625
1 0.63515625 0.3390625 0.021875 0.0328125
1 0.67109375 0.35 0.02578125 0.03515625
1 0.715625 0.41171875 0.025 0.05625
1 0.76484375 0.425 0.0265625 0.05234375
1 0.771875 0.3640625 0.02265625 0.04375
1 0.8140625 0.44453125 0.025 0.0578125
1 0.87734375 0.47734375 0.01640625 0.05546875
1 0.88984375 0.40234375 0.02578125 0.046875
1 0.83125 0.38125 0.02109375 0.04921875
1 0.84921875 0.35703125 0.0203125 0.03828125
1 0.8171875 0.31640625 0.021875 0.03515625
1 0.79609375 0.34609375 0.01875 0.04375
1 0.77421875 0.31171875 0.02578125 0.04140625
1 0.73359375 0.296875 0.025 0.03984375
1 0.70078125 0.2921875 0.01875 0.0328125
1 0.70625 0.26328125 0.0171875 0.028125
1 0.6828125 0.26328125 0.01640625 0.03125
1 0.6546875 0.27265625 0.0171875 0.0265625
1 0.6140625 0.25 0.01640625 0.02265625
1 0.61328125 0.30234375 0.01640625 0.03671875
1 0.54609375 0.2796875 0.01796875 0.02265625
1 0.55859375 0.25703125 0.0125 0.0265625
1 0.54140625 0.2203125 0.015625 0.03359375
1 0.51328125 0.2796875 0.0171875 0.0328125
1 0.48203125 0.26796875 0.0171875 0.0296875
1 0.46171875 0.27109375 0.0203125 0.0328125
1 0.42734375 0.27421875 0.0203125 0.03671875
1 0.403125 0.26796875 0.01171875 0.0265625
1 0.38828125 0.25625 0.01796875 0.03984375
1 0.4421875 0.25625 0.015625 0.028125
1 0.59296875 0.2109375 0.01171875 0.028125
1 0.60625 0.2203125 0.01015625 0.02421875
1 0.6515625 0.2359375 0.0125 0.03125
1 0.66328125 0.22890625 0.0125 0.03125
1 0.7546875 0.24296875 0.0125 0.03125
1 0.82578125 0.26796875 0.01796875 0.03515625
1 0.80859375 0.26484375 0.0140625 0.03515625
1 0.5796875 0.25859375 0.01640625 0.02578125
1 0.49375 0.259375 0.01015625 0.0265625
1 0.86328125 0.33671875 0.0140625 0.03125
1 0.896875 0.3671875 0.01640625 0.03515625
1 0.9 0.31796875 0.01484375 0.03125
1 0.865625 0.30625 0.015625 0.02421875
1 0.8453125 0.26328125 0.01328125 0.03125
1 0.9 0.28671875 0.0171875 0.0328125
1 0.721875 0.2421875 0.015625 0.03671875
1 0.63203125 0.2234375 0.0109375 0.028125
1 0.5171875 0.25703125 0.015625 0.03515625
1 0.45859375 0.24296875 0.0140625 0.03125
1 0.6671875 0.32734375 0.01875 0.03828125
1 0.7890625 0.2796875 0.01328125 0.03828125
1 0.74765625 0.2703125 0.015625 0.0421875