1 0.025 0.5703125 0.046875 0.09140625
1 0.109375 0.54296875 0.04375 0.05625
1 0.16171875 0.5265625 0.0328125 0.0515625
1 0.23125 0.61796875 0.04375 0.0609375
1 0.16328125 0.58984375 0.0390625 0.0703125
1 0.3421875 0.59140625 0.053125 0.08671875
1 0.365625 0.56640625 0.03125 0.065625
1 0.3703125 0.53984375 0.025 0.06328125
1 0.39296875 0.540625 0.0265625 0.0703125
1 0.49921875 0.38515625 0.0359375 0.05390625
1 0.696875 0.54296875 0.040625 0.0703125
1 0.7640625 0.5828125 0.053125 0.084375
1 0.73046875 0.584375 0.0359375 0.07734375
1 0.86796875 0.5421875 0.0703125 0.12890625