1 0.115625 0.72734375 0.0515625 0.10078125
1 0.10859375 0.68359375 0.04140625 0.05
1 0.09375 0.65703125 0.03203125 0.05703125
1 0.07890625 0.64375 0.03125 0.04765625
1 0.05625 0.62734375 0.0234375 0.04765625
1 0.04140625 0.61328125 0.01953125 0.034375
1 0.03515625 0.5921875 0.0203125 0.034375
1 0.0953125 0.59765625 0.02109375 0.0375
1 0.11875 0.615625 0.02109375 0.0375
1 0.12578125 0.5921875 0.0171875 0.0296875
1 0.14140625 0.59296875 0.0140625 0.0328125
1 0.15 0.62109375 0.0265625 0.03828125
1 0.1515625 0.64453125 0.02734375 0.05078125
1 0.17890625 0.6421875 0.0328125 0.0625
1 0.17890625 0.60703125 0.02109375 0.0359375
1 0.203125 0.6171875 0.021875 0.046875
1 0.209375 0.6859375 0.0359375 0.078125
1 0.25234375 0.72109375 0.0515625 0.0921875
1 0.23125 0.63984375 0.025 0.05078125
1 0.2578125 0.6515625 0.03125 0.05234375
1 0.25390625 0.58984375 0.0171875 0.0328125
1 0.24296875 0.5765625 0.015625 0.03203125
1 0.2828125 0.58984375 0.01875 0.028125
1 0.2984375 0.6046875 0.02109375 0.0375
1 0.3140625 0.68359375 0.03671875 0.078125
1 0.3765625 0.72578125 0.05 0.10078125
1 0.32734375 0.6171875 0.02109375 0.04296875
1 0.33046875 0.5859375 0.01796875 0.034375
1 0.33984375 0.58828125 0.0125 0.03046875
1 0.3484375 0.61015625 0.0171875 0.03515625
1 0.36796875 0.62109375 0.02109375 0.04453125
1 0.35625 0.590625 0.0140625 0.01953125
1 0.38125 0.6140625 0.01640625 0.0359375
1 0.403125 0.63046875 0.02109375 0.0484375
1 0.3984375 0.59140625 0.015625 0.03203125
1 0.42890625 0.62265625 0.02578125 0.046875
1 0.45703125 0.64609375 0.03046875 0.0578125
1 0.47421875 0.63359375 0.02109375 0.0484375
1 0.46640625 0.60390625 0.01875 0.02734375
1 0.44609375 0.5890625 0.01171875 0.0203125
1 0.4203125 0.60234375 0.01640625 0.02421875
1 0.4203125 0.58828125 0.01484375 0.01953125
1 0.47890625 0.5921875 0.0140625 0.028125
1 0.47890625 0.61171875 0.01328125 0.03203125
1 0.51328125 0.66640625 0.03046875 0.0609375
1 0.509375 0.6296875 0.0265625 0.03984375
1 0.53359375 0.63359375 0.02109375 0.046875
1 0.5125 0.61484375 0.02421875 0.03203125
1 0.50234375 0.59765625 0.0203125 0.03046875
1 0.515625 0.57890625 0.01640625 0.02265625
1 0.6125 0.66640625 0.03671875 0.065625
1 0.59375 0.6359375 0.02421875 0.03828125
1 0.5734375 0.63828125 0.0203125 0.040625
1 0.5703125 0.61796875 0.01953125 0.0328125
1 0.56328125 0.60703125 0.01875 0.0296875
1 0.54921875 0.6015625 0.01328125 0.025
1 0.55625 0.58984375 0.01171875 0.021875
1 0.5640625 0.5859375 0.01015625 0.02421875
1 0.571875 0.59453125 0.01328125 0.02421875
1 0.58984375 0.59296875 0.01640625 0.02578125
1 0.59765625 0.60859375 0.015625 0.025
1 0.6171875 0.62109375 0.0234375 0.040625
1 0.6140625 0.590625 0.0140625 0.02578125
1 0.6421875 0.61484375 0.01875 0.0328125
1 0.64140625 0.59140625 0.015625 0.025
1 0.6640625 0.59375 0.01171875 0.025
1 0.684375 0.65234375 0.0359375 0.0703125
1 0.66875 0.62421875 0.028125 0.0453125
1 0.71171875 0.64453125 0.0265625 0.05703125
1 0.71953125 0.6109375 0.01875 0.0375
1 0.6859375 0.6046875 0.0203125 0.034375
1 0.696875 0.5953125 0.01171875 0.021875
1 0.753125 0.6109375 0.02109375 0.034375
1 0.74375 0.5921875 0.01484375 0.028125
1 0.77421875 0.659375 0.0375 0.075
1 0.76640625 0.625 0.025 0.0421875
1 0.77265625 0.6046875 0.01640625 0.034375
1 0.78984375 0.60546875 0.015625 0.03515625
1 0.8 0.60390625 0.0140625 0.03203125
1 0.8265625 0.65078125 0.0265625 0.06015625
1 0.82890625 0.60703125 0.01875 0.0375
1 0.8578125 0.63828125 0.0296875 0.0609375
1 0.8859375 0.6125 0.02109375 0.0375
1 0.8640625 0.6078125 0.02109375 0.0375
1 0.853125 0.59453125 0.02109375 0.0359375
1 0.91328125 0.63828125 0.03359375 0.059375
1 0.9421875 0.63671875 0.028125 0.059375
1 0.92578125 0.60703125 0.02578125 0.04296875