1 0.0828125 0.3328125 0.01796875 0.03515625
1 0.1296875 0.3046875 0.02109375 0.0453125
1 0.19140625 0.496875 0.04140625 0.09609375
1 0.2203125 0.278125 0.0296875 0.05703125
1 0.2984375 0.278125 0.02578125 0.05703125
1 0.33359375 0.265625 0.0203125 0.0421875
1 0.37109375 0.265625 0.0265625 0.05234375
1 0.43359375 0.2203125 0.01796875 0.0390625
1 0.45390625 0.2328125 0.01875 0.04375
1 0.43359375 0.27578125 0.025 0.04921875
1 0.49296875 0.31875 0.03125 0.0609375
1 0.55 0.3625 0.02734375 0.05703125
1 0.7203125 0.14609375 0.015625 0.03515625
1 0.75390625 0.15 0.01796875 0.03359375
1 0.890625 0.2203125 0.0203125 0.04921875