1 0.19609375 0.384375 0.046875 0.0984375
1 0.3265625 0.18984375 0.0125 0.02421875
1 0.33203125 0.23515625 0.01640625 0.040625
1 0.35703125 0.23125 0.01796875 0.04453125
1 0.37734375 0.18359375 0.01875 0.03359375
1 0.39375 0.19453125 0.01875 0.03359375
1 0.40859375 0.16015625 0.01484375 0.02421875
1 0.43359375 0.171875 0.01328125 0.02578125
1 0.44375 0.153125 0.0125 0.03515625
1 0.446875 0.2296875 0.0203125 0.03359375
1 0.475 0.18125 0.015625 0.03359375
1 0.4734375 0.13359375 0.0125 0.02578125
1 0.49140625 0.13125 0.01328125 0.0296875
1 0.50546875 0.14375 0.01328125 0.028125
1 0.50234375 0.2234375 0.01796875 0.04296875
1 0.53046875 0.18515625 0.01640625 0.0296875
1 0.54765625 0.16328125 0.01796875 0.03359375
1 0.5515625 0.1890625 0.01640625 0.03671875
1 0.57109375 0.1765625 0.01640625 0.02421875
1 0.57109375 0.12421875 0.01484375 0.0296875
1 0.5796875 0.1046875 0.01328125 0.02421875
1 0.61171875 0.11171875 0.01328125 0.028125
1 0.6296875 0.128125 0.01484375 0.03671875
1 0.65078125 0.12578125 0.01015625 0.03359375
1 0.66171875 0.09609375 0.01015625 0.02578125
1 0.68515625 0.10546875 0.01171875 0.02578125
1 0.70390625 0.1015625 0.01015625 0.02578125
1 0.71640625 0.053125 0.0125 0.028125
1 0.58046875 0.2265625 0.02265625 0.04296875
1 0.59140625 0.271875 0.025 0.05546875
1 0.621875 0.2203125 0.01796875 0.03359375
1 0.61484375 0.25546875 0.01953125 0.0296875
1 0.65859375 0.35546875 0.0234375 0.06328125
1 0.67109375 0.28125 0.02265625 0.0515625
1 0.665625 0.16875 0.015625 0.03671875
1 0.70390625 0.15859375 0.01328125 0.03125
1 0.7265625 0.14375 0.01328125 0.028125
1 0.7390625 0.17109375 0.01484375 0.0390625
1 0.7578125 0.1265625 0.01484375 0.03125
1 0.79140625 0.13359375 0.01015625 0.0296875
1 0.8046875 0.1453125 0.01484375 0.028125
1 0.75 0.20546875 0.01484375 0.03359375
1 0.7109375 0.234375 0.021875 0.0390625
1 0.7671875 0.24140625 0.01953125 0.05
1 0.79765625 0.21640625 0.01796875 0.03359375
1 0.74453125 0.30546875 0.0265625 0.0515625
1 0.7609375 0.3796875 0.03125 0.0703125
1 0.78125 0.3234375 0.02578125 0.0609375
1 0.82109375 0.390625 0.025 0.0703125
1 0.83984375 0.31640625 0.0265625 0.05546875
1 0.871875 0.42578125 0.0390625 0.0703125
1 0.90234375 0.3265625 0.021875 0.06484375
1 0.80859375 0.26640625 0.02265625 0.040625
1 0.86328125 0.278125 0.01796875 0.0484375
1 0.8796875 0.240625 0.015625 0.040625
1 0.91796875 0.28203125 0.021875 0.04296875
1 0.9296875 0.22109375 0.01484375 0.04609375
1 0.5046875 0.08125 0.01015625 0.02578125
1 0.5203125 0.13515625 0.01015625 0.02578125