1 0.04765625 0.5125 0.05625 0.07265625
1 0.0703125 0.49453125 0.03984375 0.06484375
1 0.15 0.49609375 0.04375 0.0625
1 0.178125 0.53359375 0.06015625 0.07265625
1 0.20390625 0.4921875 0.028125 0.05390625
1 0.24765625 0.50703125 0.0359375 0.0625
1 0.2546875 0.47265625 0.02578125 0.0328125
1 0.303125 0.52265625 0.05 0.0671875
1 0.32109375 0.4703125 0.034375 0.04296875
1 0.33671875 0.49765625 0.034375 0.0484375
1 0.371875 0.49765625 0.0359375 0.0484375
1 0.39296875 0.48125 0.02578125 0.0328125
1 0.434375 0.46640625 0.0203125 0.03515625
1 0.44921875 0.4984375 0.02578125 0.040625
1 0.63984375 0.528125 0.05234375 0.078125
1 0.6953125 0.5078125 0.03828125 0.04296875
1 0.7203125 0.5328125 0.04765625 0.06484375
1 0.76015625 0.571875 0.05625 0.0890625
1 0.77734375 0.52421875 0.0296875 0.04296875
1 0.8140625 0.52421875 0.04375 0.06484375
1 0.846875 0.55390625 0.04609375 0.06484375
1 0.88125 0.53125 0.04609375 0.05703125