1 0.05546875 0.83203125 0.0984375 0.15703125
1 0.11796875 0.74140625 0.0828125 0.121875
1 0.05859375 0.61484375 0.0515625 0.0890625
1 0.115625 0.45546875 0.05625 0.09375
1 0.1953125 0.51796875 0.0375 0.06328125
1 0.26015625 0.471875 0.0390625 0.0609375
1 0.29609375 0.50703125 0.0359375 0.0609375
1 0.3578125 0.47421875 0.034375 0.0515625
1 0.453125 0.45390625 0.028125 0.04921875
1 0.46875 0.41875 0.028125 0.05859375
1 0.43671875 0.39765625 0.0234375 0.04453125
1 0.38046875 0.40390625 0.0234375 0.0421875
1 0.31875 0.43203125 0.03125 0.046875
1 0.2859375 0.434375 0.028125 0.0328125
1 0.265625 0.4234375 0.021875 0.03515625
1 0.2609375 0.39453125 0.025 0.0421875
1 0.515625 0.3109375 0.040625 0.07734375
1 0.3140625 0.6515625 0.053125 0.10546875
1 0.2390625 0.778125 0.08125 0.11484375
1 0.375 0.69375 0.071875 0.11953125
1 0.44375 0.6359375 0.05625 0.0984375
1 0.596875 0.52109375 0.040625 0.075
1 0.59453125 0.646875 0.0671875 0.12890625
1 0.61171875 0.88515625 0.1015625 0.1828125
1 0.74453125 0.721875 0.0734375 0.15703125
1 0.70625 0.69375 0.0625 0.11953125
1 0.709375 0.52578125 0.046875 0.065625
1 0.6390625 0.46796875 0.034375 0.05859375
1 0.678125 0.4328125 0.03125 0.04921875
1 0.70546875 0.38125 0.0296875 0.05390625
1 0.7359375 0.38125 0.028125 0.04453125
1 0.67578125 0.29375 0.0359375 0.0609375
1 0.5671875 0.3859375 0.025 0.03984375
1 0.7734375 0.3640625 0.021875 0.0328125
1 0.74765625 0.4515625 0.0390625 0.05859375
1 0.909375 0.3546875 0.075 0.140625
1 0.928125 0.72734375 0.08125 0.15
1 0.984375 0.6890625 0.03125 0.11015625
1 0.8984375 0.9109375 0.125 0.178125