1 0.17421875 0.28125 0.3203125 0.5578125
1 0.36796875 0.271875 0.0484375 0.06796875
1 0.4328125 0.35859375 0.025 0.03515625
1 0.41953125 0.33046875 0.0265625 0.03984375
1 0.5078125 0.2984375 0.021875 0.0375
1 0.5515625 0.31171875 0.025 0.04921875
1 0.56796875 0.25546875 0.0203125 0.03984375
1 0.6328125 0.29375 0.01875 0.0234375
1 0.65703125 0.2953125 0.0171875 0.03515625
1 0.7125 0.23515625 0.021875 0.0375
1 0.728125 0.2609375 0.025 0.0375
1 0.7765625 0.2421875 0.025 0.0375
1 0.82890625 0.26953125 0.0265625 0.03984375
1 0.9421875 0.39609375 0.05 0.07734375
1 0.9515625 0.353125 0.04375 0.046875
1 0.93671875 0.30859375 0.0234375 0.0421875
1 0.96640625 0.28203125 0.0171875 0.0421875
1 0.91796875 0.28203125 0.0203125 0.0328125
1 0.89375 0.27734375 0.015625 0.028125