1 0.1765625 0.38671875 0.0328125 0.04765625
1 0.1703125 0.346875 0.02578125 0.03125
1 0.20859375 0.29921875 0.02578125 0.03984375
1 0.2234375 0.32890625 0.025 0.046875
1 0.28046875 0.27109375 0.0171875 0.03828125
1 0.3015625 0.2453125 0.01875 0.0328125
1 0.32890625 0.25390625 0.02109375 0.0453125
1 0.35546875 0.25859375 0.0203125 0.04140625
1 0.40234375 0.2359375 0.0234375 0.05234375
1 0.43125 0.246875 0.02890625 0.05078125
1 0.32421875 0.3578125 0.0265625 0.0546875
1 0.3671875 0.446875 0.04140625 0.07265625
1 0.346875 0.55234375 0.05234375 0.09296875