1 0.1640625 0.271875 0.01953125 0.04765625
1 0.22265625 0.2796875 0.03046875 0.04765625
1 0.390625 0.28828125 0.021875 0.0375
1 0.36015625 0.30234375 0.021875 0.0359375
1 0.35390625 0.25859375 0.01953125 0.0375
1 0.31328125 0.23125 0.0140625 0.0265625
1 0.328125 0.228125 0.01484375 0.0296875
1 0.3453125 0.234375 0.01328125 0.034375
1 0.378125 0.23671875 0.01640625 0.0328125
1 0.38046875 0.18671875 0.0109375 0.025
1 0.3953125 0.18828125 0.0109375 0.028125
1 0.4140625 0.19140625 0.015625 0.034375
1 0.4640625 0.2390625 0.01953125 0.04453125
1 0.4546875 0.19921875 0.01640625 0.028125
1 0.471875 0.20234375 0.0140625 0.0328125
1 0.44609375 0.18125 0.0140625 0.028125
1 0.45703125 0.23046875 0.0140625 0.028125
1 0.48828125 0.15625 0.01328125 0.0296875
1 0.521875 0.175 0.01875 0.034375
1 0.546875 0.16171875 0.0140625 0.034375
1 0.58671875 0.16640625 0.01328125 0.03125
1 0.5734375 0.13515625 0.015625 0.028125
1 0.49140625 0.303125 0.021875 0.04765625
1 0.61796875 0.25234375 0.01875 0.04453125
1 0.625 0.20859375 0.01484375 0.04296875
1 0.65546875 0.20234375 0.0140625 0.0359375
1 0.67578125 0.21953125 0.01796875 0.04140625
1 0.6515625 0.271875 0.0203125 0.05390625
1 0.690625 0.1625 0.0140625 0.0296875
1 0.728125 0.19921875 0.01875 0.0375
1 0.76328125 0.16328125 0.0140625 0.034375
1 0.70546875 0.2765625 0.01875 0.04140625
1 0.7515625 0.2453125 0.01953125 0.04453125
1 0.75546875 0.31171875 0.021875 0.05234375
1 0.83203125 0.32734375 0.0234375 0.0609375
1 0.91640625 0.23515625 0.01953125 0.04921875