1 0.128125 0.91015625 0.09921875 0.1703125
1 0.078125 0.80234375 0.071875 0.125
1 0.09609375 0.4828125 0.0328125 0.06796875
1 0.16015625 0.53984375 0.0359375 0.0625
1 0.23046875 0.4953125 0.0328125 0.06796875
1 0.30078125 0.50390625 0.03203125 0.0703125
1 0.3671875 0.4796875 0.03203125 0.07265625
1 0.434375 0.47734375 0.0359375 0.07265625
1 0.52421875 0.51484375 0.02890625 0.06796875
1 0.590625 0.5140625 0.03046875 0.06015625
1 0.55625 0.7796875 0.07578125 0.15546875
1 0.57734375 0.665625 0.03828125 0.06796875
1 0.66015625 0.5015625 0.0328125 0.06015625
1 0.73359375 0.4796875 0.0375 0.07265625
1 0.71640625 0.7328125 0.06328125 0.14765625
1 0.81875 0.49609375 0.0359375 0.08046875
1 0.8859375 0.52890625 0.03203125 0.06484375