1 0.27734375 0.4 0.06015625 0.12421875
1 0.359375 0.5234375 0.06640625 0.1375
1 0.21875 0.32421875 0.03515625 0.07890625
1 0.38203125 0.27578125 0.0203125 0.0453125
1 0.4390625 0.21015625 0.015625 0.0359375
1 0.46484375 0.23203125 0.01875 0.04140625
1 0.4796875 0.228125 0.02109375 0.04140625
1 0.57578125 0.12265625 0.0140625 0.03046875
1 0.60546875 0.11328125 0.015625 0.0265625
1 0.6359375 0.1265625 0.0140625 0.02265625
1 0.653125 0.12734375 0.01171875 0.02109375
1 0.5859375 0.25 0.0234375 0.046875
1 0.63203125 0.2515625 0.02734375 0.0546875