1 0.17109375 0.48984375 0.040625 0.0765625
1 0.27578125 0.26484375 0.01953125 0.03203125
1 0.35859375 0.1953125 0.0171875 0.03203125
1 0.36640625 0.275 0.01875 0.0359375
1 0.409375 0.22734375 0.0171875 0.0359375
1 0.45234375 0.22265625 0.01953125 0.0390625
1 0.41484375 0.16640625 0.0171875 0.0359375
1 0.465625 0.13984375 0.01875 0.03046875
1 0.52109375 0.1328125 0.01328125 0.02734375
1 0.53359375 0.12890625 0.01328125 0.02890625
1 0.559375 0.1109375 0.0125 0.0203125
1 0.559375 0.13359375 0.01328125 0.02890625
1 0.5796875 0.1234375 0.01171875 0.02578125
1 0.6046875 0.12890625 0.0125 0.02578125
1 0.6140625 0.15390625 0.015625 0.02890625
1 0.64765625 0.13515625 0.015625 0.021875
1 0.5578125 0.18515625 0.01875 0.03203125
1 0.496875 0.30390625 0.01953125 0.0359375
1 0.5375 0.33125 0.025 0.04609375
1 0.55234375 0.25546875 0.01953125 0.04453125
1 0.60703125 0.2640625 0.02421875 0.04453125
1 0.65234375 0.22265625 0.0203125 0.0390625
1 0.653125 0.17578125 0.0171875 0.040625
1 0.68828125 0.159375 0.021875 0.04921875
1 0.71171875 0.18046875 0.01953125 0.040625
1 0.66640625 0.32265625 0.02890625 0.06953125
1 0.72421875 0.26015625 0.02578125 0.059375
1 0.74765625 0.31015625 0.0234375 0.0546875
1 0.753125 0.22421875 0.02109375 0.04609375
1 0.778125 0.2 0.01875 0.04609375
1 0.77109375 0.28203125 0.02578125 0.059375
1 0.80703125 0.2390625 0.0203125 0.04921875
1 0.7875 0.38984375 0.03203125 0.06171875
1 0.83828125 0.3015625 0.028125 0.06171875
1 0.89140625 0.35546875 0.0359375 0.0765625
1 0.91015625 0.3296875 0.02578125 0.04921875
1 0.8359375 0.13203125 0.01171875 0.02890625
1 0.828125 0.1421875 0.01171875 0.02578125
1 0.85546875 0.1515625 0.01640625 0.02734375
1 0.86484375 0.12421875 0.01171875 0.02734375
1 0.8984375 0.14296875 0.009375 0.0203125
1 0.9234375 0.15390625 0.0109375 0.01875
1 0.771875 0.153125 0.01875 0.02421875