1 0.13203125 0.3515625 0.040625 0.06953125
1 0.30703125 0.23828125 0.0171875 0.03515625
1 0.3125 0.21328125 0.01640625 0.03671875
1 0.35390625 0.1984375 0.0171875 0.03515625
1 0.35546875 0.1828125 0.01328125 0.03515625
1 0.375 0.2 0.01875 0.04140625
1 0.3640625 0.22578125 0.01953125 0.03515625
1 0.378125 0.24140625 0.0203125 0.04140625
1 0.409375 0.23203125 0.0203125 0.04375
1 0.41640625 0.19765625 0.01640625 0.03984375
1 0.4171875 0.159375 0.015625 0.02578125
1 0.43046875 0.23046875 0.01875 0.04375
1 0.44609375 0.22265625 0.01640625 0.0453125
1 0.54765625 0.2921875 0.03046875 0.0625
1 0.58984375 0.23125 0.02265625 0.0453125
1 0.62265625 0.21796875 0.0203125 0.03671875
1 0.634375 0.2390625 0.02734375 0.05390625
1 0.5625 0.18125 0.0203125 0.03125
1 0.59140625 0.16796875 0.015625 0.03671875
1 0.596875 0.15390625 0.0171875 0.03671875
1 0.6234375 0.1484375 0.015625 0.0296875
1 0.628125 0.12890625 0.015625 0.028125
1 0.6390625 0.32109375 0.025 0.0609375
1 0.70234375 0.309375 0.03125 0.059375
1 0.68984375 0.24921875 0.0234375 0.05390625
1 0.671875 0.17421875 0.01875 0.03515625
1 0.7046875 0.15234375 0.01328125 0.0328125
1 0.759375 0.36171875 0.02890625 0.07265625
1 0.7515625 0.28984375 0.02265625 0.0609375
1 0.71953125 0.21875 0.02265625 0.0484375
1 0.7203125 0.1828125 0.0171875 0.04140625
1 0.73515625 0.14296875 0.01484375 0.03515625
1 0.75390625 0.1359375 0.01328125 0.028125
1 0.759375 0.15546875 0.01484375 0.03671875
1 0.7484375 0.1703125 0.015625 0.03515625
1 0.7625 0.18671875 0.01875 0.03671875
1 0.775 0.225 0.0203125 0.04375
1 0.79921875 0.2046875 0.01953125 0.03671875
1 0.79765625 0.13671875 0.01484375 0.0328125
1 0.81484375 0.15859375 0.015625 0.03828125
1 0.82265625 0.2515625 0.01953125 0.05078125
1 0.84140625 0.33203125 0.0265625 0.0625
1 0.784375 0.31015625 0.02890625 0.05703125
1 0.82890625 0.41796875 0.03046875 0.06796875
1 0.909375 0.45390625 0.03671875 0.0796875
1 0.92734375 0.33203125 0.0265625 0.059375
1 0.8765625 0.27890625 0.02265625 0.046875
1 0.89765625 0.22734375 0.0171875 0.04375
1 0.93046875 0.28203125 0.01875 0.0625
1 0.9375 0.22421875 0.0171875 0.0484375
1 0.446875 0.16015625 0.0171875 0.03125
1 0.45625 0.1625 0.01640625 0.03671875
1 0.48203125 0.18671875 0.0171875 0.03671875
1 0.4875 0.2140625 0.02109375 0.0453125
1 0.5140625 0.18671875 0.0171875 0.03984375
1 0.4734375 0.13671875 0.01328125 0.02578125
1 0.48359375 0.1390625 0.01171875 0.02421875
1 0.49140625 0.14453125 0.0125 0.02421875
1 0.496875 0.1484375 0.01171875 0.0328125
1 0.51328125 0.146875 0.01328125 0.02578125
1 0.509375 0.1203125 0.01171875 0.02421875
1 0.5296875 0.12578125 0.01328125 0.02578125
1 0.53046875 0.1640625 0.01484375 0.03671875
1 0.55390625 0.14375 0.0109375 0.0296875
1 0.559375 0.1234375 0.01328125 0.028125
1 0.559375 0.1640625 0.01328125 0.03671875
1 0.58359375 0.14453125 0.01484375 0.03515625
1 0.5828125 0.121875 0.0109375 0.028125
1 0.58984375 0.11484375 0.0125 0.028125
1 0.6125 0.1203125 0.01640625 0.03125
1 0.6171875 0.11328125 0.0125 0.03125
1 0.64375 0.10859375 0.0125 0.0296875
1 0.65 0.13203125 0.015625 0.03125
1 0.6640625 0.115625 0.01328125 0.0296875
1 0.67890625 0.103125 0.0125 0.02578125
1 0.6921875 0.1234375 0.01484375 0.028125
1 0.71796875 0.11875 0.01171875 0.02578125