1 0.2171875 0.28671875 0.05390625 0.10703125
1 0.18203125 0.56796875 0.14375 0.20234375
1 0.234375 0.84453125 0.2640625 0.3109375
1 0.2734375 0.49765625 0.05859375 0.12421875
1 0.4484375 0.478125 0.0734375 0.1421875
1 0.54140625 0.4875 0.11484375 0.2375
1 0.59375 0.4296875 0.0453125 0.11796875
1 0.503125 0.2140625 0.03359375 0.0640625
1 0.6984375 0.4203125 0.0578125 0.09296875
1 0.80546875 0.3203125 0.0640625 0.1203125
1 0.7546875 0.39453125 0.0546875 0.13984375
1 0.7671875 0.81875 0.2171875 0.3578125