1 0.8765625 0.18671875 0.1 0.14765625
1 0.73984375 0.3609375 0.0421875 0.0671875
1 0.70234375 0.3734375 0.0421875 0.0703125
1 0.66484375 0.35546875 0.05 0.06328125
1 0.6265625 0.39609375 0.05234375 0.07421875
1 0.56953125 0.42421875 0.06015625 0.08828125
1 0.53671875 0.37109375 0.03125 0.053125
1 0.48046875 0.36796875 0.03984375 0.053125
1 0.43828125 0.38203125 0.04453125 0.0671875
1 0.30546875 0.42421875 0.084375 0.1234375
1 0.190625 0.49296875 0.09765625 0.14765625
1 0.07734375 0.53203125 0.11328125 0.1828125
1 0.034375 0.41015625 0.03671875 0.08125
1 0.06875 0.4015625 0.0578125 0.09140625
1 0.09453125 0.359375 0.05234375 0.07734375
1 0.04375 0.35 0.04453125 0.07421875
1 0.1515625 0.39296875 0.03984375 0.06015625
1 0.19375 0.3765625 0.03984375 0.06328125
1 0.21875 0.41171875 0.05234375 0.06328125
1 0.2421875 0.35703125 0.0421875 0.0671875