1 0.43515625 0.22890625 0.01875 0.03203125
1 0.465625 0.240625 0.01796875 0.03046875
1 0.59453125 0.11640625 0.01875 0.05
1 0.6859375 0.13359375 0.01796875 0.0484375
1 0.621875 0.1921875 0.02265625 0.04453125
1 0.6265625 0.22578125 0.02734375 0.0359375
1 0.67890625 0.20390625 0.0203125 0.04296875
1 0.72421875 0.3015625 0.02265625 0.05546875
1 0.81328125 0.25546875 0.02265625 0.05
1 0.84296875 0.22890625 0.021875 0.05
1 0.84453125 0.2953125 0.02890625 0.075
1 0.86171875 0.26484375 0.02109375 0.0390625
1 0.9171875 0.32109375 0.0328125 0.0765625
1 0.94921875 0.30625 0.034375 0.10390625
1 0.98125 0.35546875 0.03671875 0.0984375