1 0.09453125 0.409375 0.03671875 0.07890625
1 0.25625 0.28671875 0.01328125 0.021875
1 0.28125 0.27109375 0.01484375 0.02890625
1 0.29609375 0.26328125 0.0171875 0.03203125
1 0.31796875 0.22265625 0.01328125 0.02890625
1 0.34375 0.2171875 0.015625 0.03359375
1 0.34453125 0.2703125 0.01875 0.03359375
1 0.37109375 0.22421875 0.0140625 0.03203125
1 0.37734375 0.21015625 0.0109375 0.0234375
1 0.38046875 0.2015625 0.0140625 0.0234375
1 0.40859375 0.1703125 0.0140625 0.025
1 0.4234375 0.18203125 0.0171875 0.02890625
1 0.415625 0.22421875 0.01796875 0.03515625
1 0.44453125 0.23046875 0.01796875 0.040625
1 0.43203125 0.27109375 0.021875 0.0421875
1 0.44921875 0.1515625 0.0125 0.0234375
1 0.45 0.175 0.01875 0.03046875
1 0.4578125 0.19765625 0.02265625 0.03515625
1 0.47734375 0.16640625 0.0140625 0.03046875
1 0.4703125 0.1546875 0.01328125 0.0234375
1 0.4875 0.13984375 0.0109375 0.0234375
1 0.5 0.14921875 0.0125 0.0171875
1 0.5265625 0.140625 0.015625 0.03203125
1 0.51015625 0.1921875 0.0140625 0.025
1 0.49609375 0.2328125 0.01953125 0.03515625
1 0.55 0.1640625 0.01875 0.03203125
1 0.54609375 0.19375 0.01796875 0.03828125
1 0.55390625 0.14375 0.01484375 0.02890625
1 0.57734375 0.1125 0.01015625 0.0234375
1 0.5828125 0.1515625 0.015625 0.040625
1 0.59765625 0.121875 0.01328125 0.021875
1 0.61640625 0.10625 0.0109375 0.0203125
1 0.61484375 0.12734375 0.01015625 0.0203125
1 0.621875 0.13828125 0.01484375 0.03203125
1 0.64140625 0.1078125 0.01328125 0.0265625
1 0.63046875 0.12734375 0.01484375 0.0265625
1 0.67109375 0.12265625 0.01484375 0.0234375
1 0.6921875 0.1 0.0140625 0.02890625
1 0.690625 0.1421875 0.01328125 0.02890625
1 0.7078125 0.13515625 0.01484375 0.03203125
1 0.4890625 0.29765625 0.0234375 0.04375
1 0.56015625 0.29609375 0.0234375 0.05078125
1 0.55 0.24765625 0.01875 0.02890625
1 0.609375 0.21875 0.01875 0.03671875
1 0.609375 0.25546875 0.021875 0.04375
1 0.65078125 0.1796875 0.01953125 0.03046875
1 0.64921875 0.21796875 0.021875 0.0484375
1 0.68984375 0.18125 0.015625 0.03671875
1 0.7015625 0.209375 0.0203125 0.0484375
1 0.678125 0.24453125 0.021875 0.0421875
1 0.5984375 0.34296875 0.02734375 0.05390625
1 0.66953125 0.34921875 0.0265625 0.05390625
1 0.71015625 0.2921875 0.02421875 0.05078125
1 0.784375 0.28671875 0.02578125 0.0484375
1 0.7515625 0.2375 0.0203125 0.0484375
1 0.74609375 0.18671875 0.015625 0.03359375
1 0.73046875 0.1578125 0.0140625 0.03359375
1 0.7453125 0.1484375 0.01484375 0.03203125
1 0.7609375 0.16171875 0.01484375 0.03359375
1 0.75859375 0.13046875 0.0140625 0.02890625
1 0.75 0.10625 0.0125 0.0265625
1 0.7359375 0.115625 0.01484375 0.03046875
1 0.78125 0.12265625 0.0125 0.0265625
1 0.79609375 0.1375 0.0109375 0.03359375
1 0.8 0.17734375 0.01328125 0.03203125
1 0.81171875 0.15859375 0.0140625 0.02890625
1 0.81171875 0.13125 0.0109375 0.0265625
1 0.83046875 0.140625 0.0140625 0.03515625
1 0.8515625 0.1921875 0.01484375 0.03515625
1 0.853125 0.15546875 0.0140625 0.03203125
1 0.86640625 0.15078125 0.01484375 0.03203125
1 0.86796875 0.12421875 0.0109375 0.0234375
1 0.896875 0.13125 0.009375 0.03046875
1 0.890625 0.175 0.01484375 0.03046875
1 0.878125 0.2 0.015625 0.03046875
1 0.86875 0.2203125 0.01796875 0.03671875
1 0.93125 0.165625 0.01328125 0.03515625
1 0.93125 0.275 0.01875 0.03828125