1 0.27890625 0.4 0.0484375 0.12265625
1 0.3640625 0.51796875 0.0609375 0.134375
1 0.3625 0.2015625 0.0234375 0.05625
1 0.4171875 0.2015625 0.01328125 0.03203125
1 0.4390625 0.203125 0.015625 0.0359375
1 0.44921875 0.2296875 0.0171875 0.04453125
1 0.47109375 0.22421875 0.01875 0.04453125
1 0.58046875 0.2484375 0.0171875 0.04453125
1 0.62265625 0.2421875 0.021875 0.05625
1 0.5734375 0.1171875 0.0109375 0.02734375
1 0.6015625 0.10859375 0.01015625 0.0234375
1 0.63046875 0.12421875 0.01015625 0.0234375