1 0.1375 0.3796875 0.034375 0.04375
1 0.05859375 0.5578125 0.0453125 0.06796875
1 0.146875 0.50859375 0.040625 0.06171875
1 0.1921875 0.5109375 0.028125 0.0484375
1 0.24453125 0.48984375 0.0296875 0.04609375
1 0.28671875 0.48828125 0.0296875 0.04140625
1 0.22890625 0.58125 0.0484375 0.07890625
1 0.278125 0.56484375 0.04375 0.07265625
1 0.3625 0.5328125 0.046875 0.06171875
1 0.3453125 0.48828125 0.028125 0.0375
1 0.3828125 0.48359375 0.03125 0.04140625
1 0.45625 0.50546875 0.03125 0.04609375
1 0.47578125 0.55234375 0.0390625 0.05703125
1 0.51484375 0.5 0.0296875 0.0484375
1 0.54296875 0.5265625 0.0359375 0.05234375
1 0.60234375 0.4921875 0.0265625 0.04609375
1 0.478125 0.80234375 0.121875 0.1578125
1 0.66796875 0.621875 0.0578125 0.1078125
1 0.73671875 0.5703125 0.0515625 0.0875
1 0.759375 0.54296875 0.0375 0.059375
1 0.7921875 0.5171875 0.03125 0.04375
1 0.778125 0.91328125 0.121875 0.16484375
1 0.8625 0.67421875 0.06875 0.125
1 0.85546875 0.58984375 0.0484375 0.07890625
1 0.8796875 0.546875 0.034375 0.059375
1 0.90078125 0.51953125 0.0328125 0.0484375