1 0.128125 0.278125 0.0234375 0.0546875
1 0.1515625 0.32421875 0.02578125 0.065625
1 0.17265625 0.36640625 0.03359375 0.0734375
1 0.1921875 0.41171875 0.03984375 0.08203125
1 0.24375 0.465625 0.05703125 0.109375
1 0.30625 0.5859375 0.05546875 0.13046875
1 0.3625 0.69765625 0.05390625 0.10390625
1 0.4875 0.6390625 0.06484375 0.11171875
1 0.378125 0.5453125 0.04296875 0.0984375
1 0.3359375 0.43359375 0.05078125 0.10390625
1 0.29375 0.4015625 0.03671875 0.084375
1 0.2625 0.35390625 0.03203125 0.07109375
1 0.2234375 0.31875 0.03671875 0.065625
1 0.1921875 0.265625 0.03359375 0.05703125
1 0.23515625 0.25859375 0.01875 0.04921875
1 0.25625 0.28046875 0.0234375 0.04921875
1 0.29296875 0.23984375 0.0234375 0.04921875
1 0.33046875 0.2640625 0.025 0.0546875
1 0.3140625 0.31484375 0.02734375 0.0734375
1 0.3546875 0.34296875 0.03203125 0.06015625
1 0.37578125 0.28203125 0.02890625 0.05703125
1 0.3859375 0.403125 0.03359375 0.0765625
1 0.428125 0.425 0.03828125 0.0875
1 0.415625 0.3421875 0.025 0.0625
1 0.465625 0.35390625 0.03203125 0.07109375
1 0.51484375 0.4140625 0.03515625 0.07109375
1 0.52109375 0.5328125 0.04140625 0.10078125
1 0.58671875 0.4796875 0.03828125 0.0875
1 0.4109375 0.2 0.025 0.05703125
1 0.4625 0.23828125 0.02578125 0.0515625
1 0.51484375 0.2109375 0.0203125 0.040625
1 0.52109375 0.2453125 0.0234375 0.04375
1 0.51015625 0.28046875 0.02578125 0.04921875
1 0.5625 0.30390625 0.0234375 0.06796875
1 0.5640625 0.25859375 0.0203125 0.04375
1 0.559375 0.2140625 0.0234375 0.04609375
1 0.6046875 0.23984375 0.025 0.04921875
1 0.61171875 0.27265625 0.0203125 0.04375
1 0.60703125 0.32421875 0.02890625 0.065625
1 0.6625 0.3078125 0.02578125 0.0546875
1 0.65859375 0.27421875 0.01875 0.040625
1 0.65390625 0.246875 0.01875 0.040625
1 0.69765625 0.278125 0.0234375 0.0546875
1 0.72421875 0.31484375 0.03203125 0.06796875
1 0.76640625 0.3 0.025 0.0546875
1 0.75234375 0.36953125 0.025 0.0625
1 0.79296875 0.35859375 0.0234375 0.05703125
1 0.8421875 0.3203125 0.02578125 0.0734375
1 0.6984375 0.375 0.03046875 0.06796875
1 0.76328125 0.434375 0.03671875 0.084375
1 0.825 0.40703125 0.03984375 0.08984375
1 0.88359375 0.390625 0.02890625 0.084375
1 0.91484375 0.375 0.0234375 0.06796875
1 0.8875 0.4875 0.04921875 0.109375
1 0.93203125 0.45390625 0.03671875 0.08984375
1 0.98515625 0.44921875 0.02890625 0.08203125
1 0.64921875 0.6078125 0.04921875 0.125
1 0.69140625 0.5625 0.04453125 0.12265625