1 0.20546875 0.41953125 0.040625 0.07890625
1 0.2953125 0.25078125 0.0140625 0.03046875
1 0.28984375 0.24765625 0.0125 0.0265625
1 0.3125 0.2203125 0.01171875 0.02265625
1 0.32734375 0.27890625 0.01640625 0.03359375
1 0.35 0.21484375 0.0140625 0.03046875
1 0.38515625 0.25 0.015625 0.03203125
1 0.403125 0.2296875 0.01484375 0.03515625
1 0.425 0.26640625 0.0203125 0.0421875
1 0.44609375 0.2140625 0.0203125 0.0375
1 0.42734375 0.18359375 0.0125 0.028125
1 0.40234375 0.18671875 0.01171875 0.025
1 0.47734375 0.21640625 0.01640625 0.040625
1 0.428125 0.1640625 0.0140625 0.02265625
1 0.4078125 0.17421875 0.0125 0.01953125
1 0.45234375 0.15625 0.009375 0.02421875
1 0.46875 0.1609375 0.0125 0.02109375
1 0.50234375 0.18984375 0.01171875 0.0296875
1 0.55 0.19140625 0.0140625 0.0265625
1 0.54609375 0.16328125 0.0109375 0.02421875
1 0.5546875 0.14453125 0.01171875 0.025
1 0.52421875 0.14453125 0.01328125 0.025
1 0.509375 0.1453125 0.01328125 0.02421875
1 0.4953125 0.13046875 0.009375 0.01953125
1 0.57421875 0.1609375 0.01328125 0.0296875
1 0.575 0.134375 0.0109375 0.02265625
1 0.5859375 0.14296875 0.01171875 0.025
1 0.61015625 0.14609375 0.01171875 0.028125
1 0.6265625 0.13125 0.01015625 0.0265625
1 0.6140625 0.103125 0.0125 0.0265625
1 0.65703125 0.11953125 0.0125 0.028125
1 0.6671875 0.121875 0.01171875 0.028125
1 0.5015625 0.29453125 0.0234375 0.04453125
1 0.54375 0.30625 0.02578125 0.04609375
1 0.58046875 0.24140625 0.0171875 0.0390625
1 0.6109375 0.2046875 0.01640625 0.0390625
1 0.6265625 0.23515625 0.0234375 0.04609375
1 0.65546875 0.26484375 0.01875 0.0390625
1 0.6640625 0.21328125 0.01640625 0.0390625
1 0.65390625 0.17265625 0.0171875 0.03046875
1 0.69609375 0.1890625 0.01484375 0.03359375
1 0.69375 0.1515625 0.015625 0.03671875
1 0.72578125 0.15 0.01328125 0.03046875
1 0.72109375 0.21796875 0.0171875 0.04375
1 0.71484375 0.28359375 0.0234375 0.04765625
1 0.68515625 0.309375 0.025 0.0546875
1 0.76875 0.33125 0.02734375 0.05859375
1 0.8 0.29765625 0.0203125 0.04609375
1 0.846875 0.31484375 0.01953125 0.04921875
1 0.75703125 0.221875 0.01953125 0.03671875
1 0.74375 0.1921875 0.01484375 0.03359375
1 0.74609375 0.1609375 0.01484375 0.03046875
1 0.7671875 0.13125 0.01484375 0.0265625
1 0.765625 0.18125 0.01328125 0.028125
1 0.7875 0.1578125 0.0109375 0.0265625
1 0.80234375 0.14453125 0.01171875 0.02265625
1 0.8078125 0.178125 0.0125 0.03671875
1 0.784375 0.21015625 0.01484375 0.03359375
1 0.8171875 0.22578125 0.0171875 0.04453125
1 0.8359375 0.22421875 0.0140625 0.028125
1 0.83125 0.1625 0.01328125 0.028125
1 0.8359375 0.13984375 0.0125 0.0296875
1 0.87109375 0.14609375 0.0125 0.03046875
1 0.8890625 0.19453125 0.01484375 0.0296875
1 0.8625 0.2359375 0.0171875 0.04609375
1 0.8859375 0.22578125 0.0140625 0.0390625
1 0.909375 0.24609375 0.0203125 0.04609375