1 0.06640625 0.6765625 0.08046875 0.1265625
1 0.02421875 0.61484375 0.03046875 0.053125
1 0.1796875 0.79140625 0.1046875 0.16953125
1 0.20390625 0.67421875 0.059375 0.07890625
1 0.14921875 0.625 0.0296875 0.0515625
1 0.121875 0.65546875 0.02734375 0.04140625
1 0.284375 0.671875 0.06953125 0.1046875
1 0.375 0.659375 0.04375 0.07734375
1 0.45859375 0.53828125 0.0328125 0.06875
1 0.5265625 0.659375 0.02890625 0.0453125
1 0.55703125 0.68125 0.04375 0.05546875
1 0.63046875 0.69375 0.05390625 0.084375
1 0.69453125 0.759375 0.103125 0.15859375
1 0.78515625 0.69765625 0.02734375 0.05234375
1 0.90078125 0.83203125 0.1921875 0.3359375
1 0.8234375 0.68984375 0.03359375 0.0640625