1 0.04921875 0.365625 0.0265625 0.04609375
1 0.2546875 0.26796875 0.0171875 0.03671875
1 0.27421875 0.27578125 0.01875 0.04453125
1 0.303125 0.25390625 0.021875 0.0515625
1 0.3296875 0.2140625 0.01328125 0.028125
1 0.33828125 0.22109375 0.01796875 0.03515625
1 0.33359375 0.2609375 0.02265625 0.04453125
1 0.35859375 0.23203125 0.01796875 0.03671875
1 0.36953125 0.19921875 0.01875 0.03515625
1 0.39375 0.2203125 0.01796875 0.03984375
1 0.375 0.26484375 0.02109375 0.05
1 0.43203125 0.26171875 0.02734375 0.053125
1 0.41484375 0.19609375 0.01796875 0.03515625
1 0.39921875 0.18046875 0.01328125 0.03671875
1 0.453125 0.19375 0.01484375 0.0328125
1 0.47421875 0.2421875 0.02265625 0.03828125
1 0.48515625 0.20390625 0.01484375 0.0328125
1 0.4671875 0.1640625 0.01640625 0.03671875
1 0.45 0.16328125 0.0140625 0.025
1 0.48984375 0.16171875 0.01484375 0.028125
1 0.5125 0.18515625 0.01640625 0.0265625
1 0.52421875 0.2109375 0.02109375 0.04453125
1 0.51328125 0.15859375 0.0140625 0.0296875
1 0.4859375 0.1421875 0.01484375 0.0328125
1 0.5546875 0.16171875 0.01953125 0.03828125
1 0.5671875 0.1484375 0.0140625 0.028125
1 0.5703125 0.121875 0.0125 0.025
1 0.58828125 0.1671875 0.01640625 0.03671875
1 0.6125 0.13046875 0.01640625 0.0296875
1 0.6234375 0.1421875 0.01640625 0.0296875
1 0.6453125 0.1203125 0.01484375 0.028125
1 0.6390625 0.14453125 0.0140625 0.025
1 0.678125 0.11875 0.01640625 0.03125
1 0.51015625 0.29609375 0.0296875 0.05625
1 0.56796875 0.2921875 0.03125 0.04765625
1 0.5625 0.2453125 0.0296875 0.05
1 0.62265625 0.303125 0.0296875 0.053125
1 0.63671875 0.24765625 0.0234375 0.0546875
1 0.6140625 0.2171875 0.0234375 0.04609375
1 0.659375 0.21875 0.0234375 0.04609375
1 0.66328125 0.17890625 0.01796875 0.04296875
1 0.69453125 0.18671875 0.02265625 0.04296875
1 0.7015625 0.1515625 0.01640625 0.03515625
1 0.71640625 0.1484375 0.0171875 0.03515625
1 0.7328125 0.15859375 0.01875 0.03671875
1 0.74375 0.11875 0.01640625 0.03515625
1 0.7640625 0.165625 0.01875 0.03671875
1 0.77421875 0.13828125 0.01484375 0.03515625
1 0.7921875 0.15234375 0.0171875 0.03984375
1 0.81328125 0.1625 0.0171875 0.03984375
1 0.8234375 0.1515625 0.01328125 0.03125
1 0.77421875 0.2046875 0.02265625 0.04140625
1 0.7671875 0.22421875 0.021875 0.04765625
1 0.73828125 0.196875 0.02109375 0.03671875
1 0.709375 0.22421875 0.02265625 0.04765625
1 0.67421875 0.25078125 0.0234375 0.0515625
1 0.725 0.28671875 0.025 0.053125
1 0.7625 0.32734375 0.0296875 0.0546875
1 0.85390625 0.328125 0.025 0.059375
1 0.8609375 0.27421875 0.021875 0.04765625
1 0.9234375 0.271875 0.01953125 0.05625
1 0.93046875 0.23671875 0.02109375 0.04609375
1 0.8921875 0.2046875 0.01875 0.04140625
1 0.89375 0.16875 0.01484375 0.0328125
1 0.9015625 0.1578125 0.01640625 0.03515625
1 0.8640625 0.15859375 0.01796875 0.03671875
1 0.85390625 0.19765625 0.01796875 0.04140625
1 0.83515625 0.23828125 0.01875 0.03984375