1 0.15859375 0.26796875 0.02109375 0.0390625
1 0.17734375 0.315625 0.03515625 0.08671875
1 0.16640625 0.4390625 0.040625 0.08671875
1 0.359375 0.203125 0.01953125 0.03125
1 0.465625 0.184375 0.02578125 0.0515625
1 0.64140625 0.2015625 0.021875 0.04609375
1 0.77109375 0.121875 0.01171875 0.02578125
1 0.80625 0.09140625 0.01484375 0.03125
1 0.8296875 0.084375 0.01171875 0.0296875
1 0.8375 0.10859375 0.01484375 0.0296875
1 0.91328125 0.1765625 0.01328125 0.0328125
1 0.9359375 0.2390625 0.01953125 0.0515625
1 0.94296875 0.1921875 0.0125 0.03515625
1 0.93515625 0.17578125 0.009375 0.0203125