1 0.1078125 0.45625 0.05546875 0.115625
1 0.2703125 0.23203125 0.01875 0.03828125
1 0.32890625 0.2515625 0.0203125 0.04296875
1 0.328125 0.20859375 0.0203125 0.04609375
1 0.3734375 0.19375 0.01796875 0.03671875
1 0.39140625 0.203125 0.0171875 0.03671875
1 0.3890625 0.1734375 0.0109375 0.0296875
1 0.40390625 0.17421875 0.0140625 0.03125
1 0.41875 0.21796875 0.0203125 0.03984375
1 0.40546875 0.24609375 0.02265625 0.03984375
1 0.41484375 0.27734375 0.021875 0.04609375
1 0.4875 0.22734375 0.01875 0.04453125
1 0.44296875 0.21171875 0.01875 0.04296875
1 0.4421875 0.175 0.01484375 0.0328125
1 0.4328125 0.15390625 0.0140625 0.0265625
1 0.47578125 0.16953125 0.0140625 0.034375
1 0.471875 0.20390625 0.01875 0.03828125
1 0.503125 0.20859375 0.01875 0.03984375
1 0.51953125 0.1765625 0.015625 0.0328125
1 0.50859375 0.1484375 0.01328125 0.0234375
1 0.4875 0.15390625 0.01328125 0.0265625
1 0.475 0.1421875 0.01015625 0.0234375
1 0.5390625 0.14609375 0.01484375 0.028125
1 0.546875 0.2125 0.021875 0.04453125
1 0.58203125 0.16796875 0.0171875 0.034375
1 0.57421875 0.1296875 0.01328125 0.03125
1 0.5859375 0.11953125 0.01328125 0.03125
1 0.5984375 0.1375 0.015625 0.0328125
1 0.61015625 0.1171875 0.015625 0.0296875
1 0.62265625 0.13359375 0.015625 0.0328125
1 0.63671875 0.1515625 0.015625 0.03125
1 0.6328125 0.12421875 0.0125 0.0265625
1 0.6515625 0.12421875 0.0125 0.0234375
1 0.6546875 0.14609375 0.015625 0.028125
1 0.66015625 0.1140625 0.015625 0.0265625
1 0.68125 0.1140625 0.01328125 0.0234375
1 0.6875 0.12578125 0.0125 0.0234375
1 0.7125 0.125 0.0109375 0.025
1 0.578125 0.27734375 0.028125 0.059375
1 0.565625 0.25625 0.025 0.04921875
1 0.625 0.21015625 0.01796875 0.03984375
1 0.628125 0.2515625 0.025 0.04609375
1 0.6875 0.2625 0.02421875 0.053125
1 0.66875 0.215625 0.021875 0.04453125
1 0.65703125 0.19453125 0.0203125 0.034375
1 0.7078125 0.18984375 0.015625 0.0328125
1 0.7078125 0.17109375 0.015625 0.03125
1 0.73359375 0.15078125 0.01484375 0.03671875
1 0.71953125 0.2515625 0.01953125 0.04921875
1 0.73984375 0.26796875 0.01953125 0.05625
1 0.76171875 0.2578125 0.02265625 0.04921875
1 0.74453125 0.21328125 0.0203125 0.03671875
1 0.753125 0.1828125 0.01328125 0.03125
1 0.76171875 0.14921875 0.0171875 0.04453125
1 0.78203125 0.146875 0.01484375 0.03984375
1 0.79765625 0.15859375 0.0140625 0.0328125
1 0.8109375 0.1609375 0.0125 0.03125
1 0.82265625 0.146875 0.0109375 0.0265625
1 0.79921875 0.21875 0.01875 0.04140625
1 0.796875 0.2921875 0.02578125 0.059375
1 0.85859375 0.3546875 0.02578125 0.0546875
1 0.91484375 0.38984375 0.03203125 0.0625
1 0.8828125 0.2609375 0.028125 0.05625
1 0.8421875 0.24140625 0.01796875 0.03984375
1 0.84296875 0.20625 0.0171875 0.0296875
1 0.83046875 0.18125 0.01328125 0.028125
1 0.85 0.15390625 0.0140625 0.0296875
1 0.859375 0.19609375 0.015625 0.034375
1 0.86953125 0.1734375 0.01484375 0.03671875
1 0.88984375 0.1671875 0.0140625 0.0328125
1 0.91328125 0.16328125 0.01328125 0.0328125
1 0.89453125 0.2125 0.0171875 0.034375
1 0.925 0.225 0.0203125 0.04296875
1 0.93046875 0.25703125 0.01796875 0.03828125
1 0.9265625 0.2984375 0.01953125 0.0515625
1 0.94609375 0.21796875 0.0171875 0.0328125
1 0.93984375 0.1765625 0.0140625 0.0296875
1 0.934375 0.19765625 0.0125 0.028125