1 0.03359375 0.71953125 0.05703125 0.096875
1 0.10078125 0.66171875 0.05078125 0.0703125
1 0.140625 0.6921875 0.04921875 0.07265625
1 0.1671875 0.66484375 0.04765625 0.078125
1 0.27578125 0.77890625 0.078125 0.1203125
1 0.31875 0.703125 0.0609375 0.096875
1 0.37265625 0.6671875 0.04921875 0.0703125
1 0.3890625 0.6390625 0.03984375 0.06171875
1 0.446875 0.7671875 0.071875 0.1140625
1 0.4765625 0.71953125 0.05078125 0.08203125
1 0.503125 0.67265625 0.04296875 0.07421875
1 0.50703125 0.6296875 0.0390625 0.06640625
1 0.59921875 0.6390625 0.040625 0.07265625
1 0.62109375 0.7328125 0.06640625 0.109375
1 0.653125 0.67265625 0.04453125 0.071875
1 0.684375 0.77734375 0.07109375 0.109375
1 0.68203125 0.9328125 0.12265625 0.134375
1 0.7984375 0.696875 0.06640625 0.10546875
1 0.81171875 0.64609375 0.04453125 0.0578125
1 0.6890625 0.4265625 0.03515625 0.0640625
1 0.8734375 0.61171875 0.04453125 0.065625
1 0.89375 0.7296875 0.07109375 0.11796875
1 0.94375 0.65390625 0.04453125 0.08671875
1 0.97109375 0.69609375 0.0578125 0.1015625