1 0.0703125 0.55859375 0.059375 0.1140625
1 0.25546875 0.23828125 0.02421875 0.05546875
1 0.5984375 0.1171875 0.01953125 0.0375
1 0.58046875 0.125 0.01796875 0.040625
1 0.55859375 0.12578125 0.021875 0.04609375
1 0.553125 0.146875 0.01640625 0.0359375
1 0.53203125 0.146875 0.01640625 0.04609375
1 0.4953125 0.13515625 0.01796875 0.05078125
1 0.44296875 0.1546875 0.0171875 0.040625
1 0.45859375 0.14765625 0.01953125 0.0375
1 0.4765625 0.15859375 0.015625 0.0421875
1 0.63203125 0.11484375 0.015625 0.05078125
1 0.64921875 0.1265625 0.01796875 0.0375
1 0.37421875 0.17421875 0.015625 0.040625
1 0.31484375 0.1953125 0.01796875 0.040625
1 0.30703125 0.23046875 0.0171875 0.05234375
1 0.3359375 0.21875 0.025 0.04609375
1 0.35390625 0.20390625 0.01640625 0.04921875
1 0.39375 0.178125 0.01796875 0.0359375
1 0.43203125 0.18046875 0.01640625 0.0375
1 0.36953125 0.25546875 0.0171875 0.04765625
1 0.4015625 0.221875 0.015625 0.0359375
1 0.50234375 0.190625 0.01953125 0.04375
1 0.47734375 0.22421875 0.01953125 0.04921875
1 0.5515625 0.19453125 0.0171875 0.0359375
1 0.5703125 0.19375 0.0171875 0.04375
1 0.69453125 0.12421875 0.015625 0.0328125
1 0.68671875 0.140625 0.02109375 0.05234375
1 0.7140625 0.14765625 0.0140625 0.0375
1 0.4375 0.296875 0.028125 0.06015625
1 0.55546875 0.32421875 0.01875 0.05078125
1 0.615625 0.18671875 0.01875 0.04765625
1 0.6578125 0.17109375 0.0125 0.028125
1 0.78125 0.159375 0.0140625 0.040625
1 0.75 0.18046875 0.0140625 0.0375
1 0.7140625 0.203125 0.01796875 0.04765625
1 0.66015625 0.24296875 0.0234375 0.05390625
1 0.61640625 0.27421875 0.02109375 0.05546875
1 0.609375 0.3578125 0.021875 0.05546875
1 0.66015625 0.38984375 0.0265625 0.05390625
1 0.7234375 0.3859375 0.02734375 0.065625
1 0.715625 0.26796875 0.02734375 0.06171875
1 0.81328125 0.1796875 0.01796875 0.0421875
1 0.78203125 0.20390625 0.01953125 0.0359375
1 0.7453125 0.228125 0.0265625 0.04765625
1 0.73671875 0.1953125 0.01953125 0.040625
1 0.765625 0.27109375 0.01875 0.0421875
1 0.7890625 0.2578125 0.01953125 0.04609375
1 0.82890625 0.2078125 0.02109375 0.04609375
1 0.81484375 0.28203125 0.01953125 0.04765625
1 0.871875 0.221875 0.0125 0.0390625
1 0.90546875 0.21796875 0.0125 0.04375
1 0.8640625 0.32578125 0.0203125 0.05703125
1 0.95078125 0.2265625 0.01171875 0.040625
1 0.98984375 0.2515625 0.01328125 0.0421875
1 0.92265625 0.30546875 0.0171875 0.05859375
1 0.95625 0.35390625 0.02109375 0.05078125
1 0.97734375 0.284375 0.01640625 0.0359375
1 0.95625 0.42109375 0.01796875 0.06015625
1 0.8859375 0.37734375 0.02421875 0.05546875
1 0.86484375 0.49921875 0.0296875 0.08671875
1 0.78515625 0.42421875 0.028125 0.0796875
1 0.9015625 0.26484375 0.01875 0.04609375
1 0.934375 0.2578125 0.01875 0.04609375