1 0.34609375 0.23671875 0.01640625 0.03828125
1 0.37109375 0.27109375 0.0234375 0.03828125
1 0.4140625 0.1578125 0.015625 0.0296875
1 0.45703125 0.22109375 0.02109375 0.04453125
1 0.484375 0.31015625 0.02734375 0.05390625
1 0.5375 0.31953125 0.03125 0.05859375
1 0.584375 0.384375 0.03203125 0.06015625
1 0.63125 0.24453125 0.0234375 0.05390625
1 0.675 0.20625 0.01953125 0.046875
1 0.553125 0.1234375 0.0171875 0.0328125
1 0.56796875 0.128125 0.0125 0.03125
1 0.58671875 0.11484375 0.01328125 0.0296875
1 0.76796875 0.28046875 0.02890625 0.0640625
1 0.834375 0.30625 0.02734375 0.07109375
1 0.896875 0.1453125 0.0125 0.02734375
1 0.925 0.15390625 0.01171875 0.03125