1 0.18984375 0.41640625 0.04765625 0.07890625
1 0.28046875 0.2453125 0.0140625 0.02421875
1 0.2953125 0.25 0.015625 0.028125
1 0.2921875 0.27421875 0.01875 0.028125
1 0.3703125 0.28125 0.01875 0.034375
1 0.39765625 0.21796875 0.01484375 0.02265625
1 0.38671875 0.1921875 0.0140625 0.01953125
1 0.38515625 0.178125 0.0125 0.01796875
1 0.421875 0.17890625 0.015625 0.0359375
1 0.45625 0.15234375 0.0109375 0.0265625
1 0.47265625 0.15703125 0.01484375 0.0296875
1 0.44609375 0.1890625 0.01484375 0.03125
1 0.4625 0.203125 0.015625 0.0359375
1 0.43671875 0.2375 0.02265625 0.04296875
1 0.46953125 0.23515625 0.02734375 0.04453125
1 0.49140625 0.2015625 0.01875 0.0359375
1 0.50078125 0.15625 0.0125 0.02421875
1 0.5140625 0.128125 0.0125 0.01953125
1 0.53125 0.1734375 0.0109375 0.02265625
1 0.54921875 0.1796875 0.01328125 0.02421875
1 0.5515625 0.13046875 0.01328125 0.02421875
1 0.5640625 0.134375 0.0140625 0.02265625
1 0.5890625 0.1203125 0.0109375 0.01796875
1 0.59765625 0.109375 0.01328125 0.02109375
1 0.62734375 0.1125 0.01796875 0.02421875
1 0.61640625 0.146875 0.01484375 0.02421875
1 0.5953125 0.17578125 0.015625 0.0328125
1 0.65625 0.1359375 0.0125 0.02265625
1 0.67421875 0.1109375 0.01484375 0.01796875
1 0.7015625 0.10625 0.015625 0.0265625
1 0.746875 0.11640625 0.0140625 0.02265625
1 0.765625 0.13125 0.0109375 0.02265625
1 0.7578125 0.1421875 0.0140625 0.02421875
1 0.74921875 0.15234375 0.0109375 0.02265625
1 0.78125 0.140625 0.01328125 0.0359375
1 0.803125 0.15 0.01484375 0.034375
1 0.83203125 0.15 0.0140625 0.03125
1 0.83828125 0.1359375 0.01328125 0.02265625
1 0.86484375 0.1375 0.0140625 0.0265625
1 0.86015625 0.15625 0.0140625 0.02421875
1 0.8484375 0.1734375 0.0171875 0.0359375
1 0.9 0.1578125 0.01328125 0.02109375
1 0.89375 0.1765625 0.01796875 0.034375
1 0.88203125 0.20625 0.01875 0.0390625
1 0.92109375 0.1515625 0.01015625 0.01796875
1 0.928125 0.21171875 0.01328125 0.02265625
1 0.92890625 0.24921875 0.0203125 0.0359375
1 0.91484375 0.29453125 0.02265625 0.05078125
1 0.865625 0.2484375 0.01953125 0.040625
1 0.8296875 0.209375 0.015625 0.034375
1 0.81328125 0.2375 0.0171875 0.0390625
1 0.771875 0.21328125 0.01875 0.04296875
1 0.73125 0.1984375 0.01953125 0.0390625
1 0.7328125 0.17578125 0.01328125 0.0296875
1 0.69453125 0.16171875 0.01484375 0.02421875
1 0.6875 0.18515625 0.01796875 0.0390625
1 0.65390625 0.184375 0.015625 0.034375
1 0.6640625 0.21328125 0.0203125 0.0390625
1 0.6171875 0.209375 0.01875 0.034375
1 0.58671875 0.2421875 0.0203125 0.0375
1 0.628125 0.24921875 0.0171875 0.0359375
1 0.7 0.228125 0.01875 0.0359375
1 0.64140625 0.29609375 0.02421875 0.04453125
1 0.5328125 0.3265625 0.02578125 0.04296875
1 0.49765625 0.3578125 0.02578125 0.04453125
1 0.5109375 0.22109375 0.01796875 0.0296875
1 0.73359375 0.25 0.0234375 0.05390625
1 0.69921875 0.3234375 0.025 0.05390625
1 0.7484375 0.32421875 0.02890625 0.0625
1 0.77890625 0.2640625 0.02578125 0.04921875
1 0.8234375 0.353125 0.0296875 0.05703125
1 0.91484375 0.42734375 0.0375 0.0640625