1 0.2171875 0.3609375 0.0515625 0.09765625
1 0.284375 0.221875 0.0203125 0.03984375
1 0.30390625 0.2234375 0.01953125 0.046875
1 0.3234375 0.225 0.02109375 0.0453125
1 0.34609375 0.25390625 0.0203125 0.03828125
1 0.38203125 0.24453125 0.021875 0.0453125
1 0.41953125 0.2234375 0.02421875 0.04296875
1 0.34453125 0.17265625 0.01484375 0.03046875
1 0.3421875 0.20546875 0.02109375 0.0328125
1 0.371875 0.19140625 0.01328125 0.0359375
1 0.3875 0.2015625 0.01796875 0.03828125
1 0.41015625 0.20859375 0.0171875 0.034375
1 0.4421875 0.2203125 0.01796875 0.03984375
1 0.4875 0.21328125 0.0234375 0.03984375
1 0.4203125 0.16953125 0.01953125 0.0359375
1 0.421875 0.13359375 0.0140625 0.0328125
1 0.44765625 0.16640625 0.0171875 0.0328125
1 0.475 0.1796875 0.01796875 0.03046875
1 0.4765625 0.146875 0.01484375 0.02734375
1 0.46484375 0.1390625 0.01328125 0.02890625
1 0.49453125 0.15703125 0.01640625 0.0328125
1 0.48984375 0.13125 0.0109375 0.0234375
1 0.503125 0.121875 0.01328125 0.02734375
1 0.52109375 0.128125 0.01484375 0.02890625
1 0.52265625 0.1546875 0.0140625 0.03046875
1 0.50625 0.19375 0.01953125 0.034375
1 0.53828125 0.19921875 0.0234375 0.03828125
1 0.54921875 0.159375 0.0203125 0.034375
1 0.54296875 0.128125 0.0140625 0.02890625
1 0.5828125 0.16328125 0.01953125 0.03828125
1 0.57109375 0.12265625 0.01328125 0.02890625
1 0.57734375 0.11171875 0.0125 0.0359375
1 0.5953125 0.12734375 0.01328125 0.03046875
1 0.60546875 0.1140625 0.01328125 0.0328125
1 0.621875 0.14453125 0.01640625 0.02890625
1 0.62265625 0.12421875 0.01328125 0.025
1 0.6265625 0.109375 0.01484375 0.03046875
1 0.65859375 0.11171875 0.0125 0.02890625
1 0.665625 0.10234375 0.0140625 0.0234375
1 0.66875 0.1328125 0.01328125 0.02734375
1 0.68828125 0.11875 0.01328125 0.025
1 0.696875 0.1 0.0125 0.0234375
1 0.71015625 0.1046875 0.0140625 0.02890625
1 0.49140625 0.278125 0.028125 0.06171875
1 0.5421875 0.28046875 0.03046875 0.06640625
1 0.58125 0.22109375 0.0234375 0.0484375
1 0.6015625 0.33125 0.03046875 0.0703125
1 0.621875 0.2515625 0.02421875 0.05625
1 0.61953125 0.21171875 0.01796875 0.034375
1 0.66953125 0.1796875 0.0171875 0.04140625
1 0.67109375 0.2484375 0.02734375 0.05234375
1 0.696875 0.30625 0.0296875 0.059375
1 0.72734375 0.28984375 0.0234375 0.06328125
1 0.7515625 0.3625 0.03203125 0.071875
1 0.7015625 0.18828125 0.01796875 0.03828125
1 0.6921875 0.16875 0.01328125 0.03046875
1 0.7265625 0.15078125 0.0171875 0.03828125
1 0.7390625 0.15625 0.01640625 0.03828125
1 0.74375 0.13125 0.01484375 0.03046875
1 0.76171875 0.1515625 0.0140625 0.0359375
1 0.76875 0.14140625 0.01640625 0.03046875
1 0.79140625 0.1546875 0.01796875 0.04140625
1 0.75546875 0.1859375 0.0171875 0.0359375
1 0.721875 0.2171875 0.021875 0.04140625
1 0.7640625 0.22890625 0.02109375 0.04296875
1 0.78984375 0.228125 0.02109375 0.04140625
1 0.815625 0.25703125 0.021875 0.059375
1 0.7859375 0.3 0.025 0.0578125
1 0.83203125 0.32890625 0.03046875 0.06484375
1 0.8140625 0.41171875 0.034375 0.0796875
1 0.8953125 0.4421875 0.0375 0.090625
1 0.9171875 0.3453125 0.03046875 0.0703125
1 0.87109375 0.25234375 0.02109375 0.05078125
1 0.8875 0.228125 0.02109375 0.0484375
1 0.91875 0.278125 0.0234375 0.0578125
1 0.95 0.21171875 0.0171875 0.0453125