1 0.54453125 0.31015625 0.0421875 0.07734375
1 0.3890625 0.15859375 0.0140625 0.03359375
1 0.415625 0.15859375 0.01171875 0.03359375
1 0.4265625 0.16640625 0.0140625 0.02578125
1 0.44453125 0.175 0.015625 0.0296875
1 0.43046875 0.1375 0.0125 0.02734375
1 0.45234375 0.13984375 0.0125 0.0296875
1 0.471875 0.1546875 0.0140625 0.0296875
1 0.47734375 0.18359375 0.015625 0.02734375
1 0.5046875 0.1765625 0.01640625 0.03515625
1 0.4828125 0.13828125 0.0125 0.02578125
1 0.46328125 0.1328125 0.01015625 0.02578125
1 0.49609375 0.12421875 0.01171875 0.02421875
1 0.52890625 0.12265625 0.01328125 0.03125
1 0.54609375 0.1375 0.0125 0.03515625
1 0.578125 0.134375 0.01328125 0.03359375
1 0.60390625 0.14765625 0.0125 0.02578125
1 0.63515625 0.11328125 0.01171875 0.02734375
1 0.66640625 0.1125 0.0140625 0.02578125
1 0.63203125 0.20078125 0.01953125 0.04453125
1 0.67109375 0.184375 0.01328125 0.03671875
1 0.71171875 0.21328125 0.0171875 0.04609375
1 0.8671875 0.2765625 0.01640625 0.04453125
1 0.93203125 0.22578125 0.01328125 0.03515625
1 0.940625 0.196875 0.01328125 0.03515625
1 0.9125 0.159375 0.015625 0.0390625
1 0.93671875 0.1625 0.01328125 0.02578125
1 0.8265625 0.16953125 0.0140625 0.03359375
1 0.7984375 0.15859375 0.01171875 0.03359375
1 0.8078125 0.13984375 0.0140625 0.03359375
1 0.79609375 0.203125 0.015625 0.03671875
1 0.771875 0.16875 0.0140625 0.03515625
1 0.77421875 0.13359375 0.01328125 0.03125
1 0.76171875 0.1234375 0.01015625 0.02578125
1 0.73515625 0.1734375 0.01640625 0.03359375
1 0.73125 0.1390625 0.01328125 0.02734375
1 0.703125 0.175 0.015625 0.02578125
1 0.6984375 0.15234375 0.0125 0.0203125