1 0.11328125 0.82265625 0.21796875 0.34375
1 0.3703125 0.46015625 0.10390625 0.15703125
1 0.67578125 0.53359375 0.1078125 0.16015625
1 0.75078125 0.41171875 0.08203125 0.11484375
1 0.60390625 0.36796875 0.071875 0.1015625
1 0.46875 0.3015625 0.0578125 0.090625
1 0.23125 0.29609375 0.06171875 0.09609375
1 0.04765625 0.290625 0.07578125 0.10703125
1 0.0921875 0.4734375 0.171875 0.2109375
1 0.765625 0.125 0.03984375 0.075
1 0.87890625 0.14296875 0.034375 0.0453125
1 0.98515625 0.27578125 0.0296875 0.0828125
1 0.93125 0.31328125 0.05390625 0.071875