1 0.07421875 0.62890625 0.1203125 0.2453125
1 0.05 0.428125 0.053125 0.1125
1 0.1078125 0.44609375 0.0734375 0.1234375
1 0.08203125 0.36484375 0.0578125 0.0890625
1 0.12734375 0.36875 0.05234375 0.11484375
1 0.17890625 0.76171875 0.1578125 0.27890625
1 0.24453125 0.596875 0.10703125 0.1953125
1 0.2671875 0.40546875 0.0609375 0.10546875
1 0.31328125 0.40234375 0.046875 0.11796875
1 0.3859375 0.24765625 0.0640625 0.134375
1 0.4203125 0.54375 0.0796875 0.125
1 0.42890625 0.5078125 0.0890625 0.13984375
1 0.4546875 0.73203125 0.16328125 0.271875
1 0.55078125 0.61328125 0.13359375 0.25390625
1 0.5171875 0.49453125 0.09453125 0.1375
1 0.6421875 0.52734375 0.0796875 0.15
1 0.64921875 0.44375 0.07109375 0.125
1 0.68515625 0.38671875 0.05859375 0.10703125
1 0.69921875 0.41484375 0.04765625 0.121875
1 0.7609375 0.51171875 0.08671875 0.146875
1 0.796875 0.45078125 0.071875 0.1109375
1 0.84921875 0.43203125 0.0609375 0.10234375
1 0.896875 0.3953125 0.05546875 0.10390625
1 0.90703125 0.365625 0.0578125 0.084375