1 0.590625 0.825 0.08828125 0.15
1 0.59765625 0.6828125 0.06484375 0.11484375
1 0.63046875 0.5921875 0.0453125 0.0703125
1 0.6546875 0.54765625 0.03984375 0.0796875
1 0.5640625 0.5359375 0.03203125 0.0578125
1 0.5328125 0.5890625 0.03828125 0.0625
1 0.53515625 0.55625 0.03359375 0.05234375
1 0.453125 0.65625 0.06640625 0.1125
1 0.4625 0.61640625 0.04140625 0.0671875
1 0.42890625 0.4359375 0.01796875 0.0375
1 0.3703125 0.43984375 0.0234375 0.03984375
1 0.41171875 0.52734375 0.0265625 0.03984375
1 0.34609375 0.5375 0.03515625 0.0546875
1 0.3109375 0.55625 0.03515625 0.05234375
1 0.28046875 0.5625 0.0453125 0.0796875
1 0.2328125 0.5515625 0.03203125 0.05234375
1 0.215625 0.5734375 0.03828125 0.05234375
1 0.209375 0.525 0.03828125 0.05
1 0.14140625 0.6390625 0.06328125 0.0828125
1 0.128125 0.57109375 0.03984375 0.0578125
1 0.15 0.55625 0.03359375 0.05234375
1 0.0734375 0.5421875 0.03359375 0.0453125
1 0.021875 0.58359375 0.03671875 0.0625
1 0.2578125 0.87734375 0.11796875 0.1953125
1 0.81171875 0.5359375 0.0296875 0.0625
1 0.8375 0.53984375 0.03828125 0.0703125
1 0.9171875 0.6421875 0.0546875 0.11015625
1 0.95703125 0.65625 0.06328125 0.1078125
1 0.9765625 0.5984375 0.04296875 0.07734375